{"openlabel":{"metadata":{"schema_version":"0.2.0"},"coordinate_systems":{"odom":{"type":"scene_cs","parent":"","pose_wrt_parent":[],"children":["vehicle-iso8855"]},"vehicle-iso8855":{"type":"local_cs","parent":"odom","pose_wrt_parent":[],"children":["VELO_TOP","IMU"]},"VELO_TOP":{"type":"sensor_cs","parent":"vehicle-iso8855","pose_wrt_parent":[1.0,0.0,0.0,0.76,0.0,1.0,0.0,0.0,0.0,0.0,1.0,1.73,0.0,0.0,0.0,1.0],"children":["CAM_LEFT","CAM_RIGHT"]},"IMU":{"type":"sensor_cs","parent":"vehicle-iso8855","pose_wrt_parent":[1.0,0.0,0.0,-0.05,0.0,1.0,0.0,0.32,0.0,0.0,1.0,0.93,0.0,0.0,0.0,1.0],"children":[]},"CAM_LEFT":{"type":"sensor_cs","parent":"VELO_TOP","pose_wrt_parent":[-0.0015960987498806855,-0.005270646083406373,0.9999848824834427,0.33219372564521515,-0.9999163217792767,0.012848686699665405,-0.0015282682317304774,-0.022106265805714228,-0.012840446259307027,-0.9999035698836582,-0.005290712540285819,-0.061719771667948946,0.0,0.0,0.0,1.0],"children":[]},"CAM_RIGHT":{"type":"sensor_cs","parent":"VELO_TOP","pose_wrt_parent":[-0.0015960987498806855,-0.005270646083406373,0.9999848824834427,0.33219372564521515,-0.9999163217792767,0.012848686699665405,-0.0015282682317304774,-0.022106265805714228,-0.012840446259307027,-0.9999035698836582,-0.005290712540285819,-0.061719771667948946,0.0,0.0,0.0,1.0],"children":[]}},"frames":{"0":{"frame_properties":{"transforms":{"vehicle-iso8855_to_odom":{"src":"vehicle-iso8855","dst":"odom","transform_src_to_dst_4x4":[1.0000000000000002,-1.1212234314696186e-17,6.810543861172895e-19,1.3052758661443584e-27,8.633542600794633e-18,1.0,-9.948025190013569e-20,-1.1641532182693481e-10,1.4416297100067676e-18,-9.456399098586841e-18,0.9999999999999998,1.1008697443859234e-27,0.0,0.0,0.0,1.0]}}},"objects":{"-1":{"object_data":{"bbox":[{"name":"box2D0","coordinate_system":"CAM_LEFT","val":[771.24,168.29,44.94,20.08]},{"name":"box2D1","coordinate_system":"CAM_LEFT","val":[584.765,175.455,39.21,24.85]},{"name":"box2D2","coordinate_system":"CAM_LEFT","val":[633.06,174.5,36.34,21.04]},{"name":"box2D3","coordinate_system":"CAM_LEFT","val":[434.15500000000003,186.935,24.85,24.87]},{"name":"box2D4","coordinate_system":"CAM_LEFT","val":[492.015,181.67499999999998,18.17,20.09]},{"name":"box2D5","coordinate_system":"CAM_LEFT","val":[514.48,181.67000000000002,9.56,18.16]},{"name":"box2D6","coordinate_system":"CAM_LEFT","val":[549.385,179.28,21.99,17.2]},{"name":"box2D7","coordinate_system":"CAM_LEFT","val":[531.6949999999999,179.28,15.31,15.3]},{"name":"box2D8","coordinate_system":"CAM_LEFT","val":[687.5649999999999,170.68,21.03,19.12]}],"cuboid":[{"name":"box3D","coordinate_system":"CAM_LEFT","val":[-10.0,499.0,-1.0,0,-1.0,0,-1000.0,-1000.0,-1000.0]}],"num":[{"name":"truncated","val":-1.0},{"name":"occluded","val":-1},{"name":"alpha","val":-10.0}]}},"0":{"object_data":{"bbox":[{"name":"box2D","coordinate_system":"CAM_LEFT","val":[931.74,171.335,33.0,65.01]}],"cuboid":[{"name":"box3D","coordinate_system":"CAM_LEFT","val":[9.35,-0.26,20.12,0,1.56,0,0.93,1.8,0.61]}],"num":[{"name":"truncated","val":0.0},{"name":"occluded","val":2},{"name":"alpha","val":1.13}]}},"-2":{}}},"1":{"frame_properties":{"transforms":{"vehicle-iso8855_to_odom":{"src":"vehicle-iso8855","dst":"odom","transform_src_to_dst_4x4":[0.9999998049639356,0.0005343974130429031,-0.00032325144385599513,1.1591221836557106,-0.0005339646260225622,0.9999989630360266,0.0013374635135476151,0.011725023259849804,0.00032396584569757675,-0.0013372906478576858,0.9999990533494787,0.021251487964575322,0.0,0.0,0.0,1.0]}}},"objects":{"-1":{"object_data":{"bbox":[{"name":"box2D0","coordinate_system":"CAM_LEFT","val":[785.6,169.48000000000002,61.74,25.22]},{"name":"box2D1","coordinate_system":"CAM_LEFT","val":[584.765,175.455,39.21,24.85]},{"name":"box2D2","coordinate_system":"CAM_LEFT","val":[633.06,174.5,36.34,21.04]},{"name":"box2D3","coordinate_system":"CAM_LEFT","val":[434.15500000000003,186.935,24.85,24.87]},{"name":"box2D4","coordinate_system":"CAM_LEFT","val":[492.015,181.67499999999998,18.17,20.09]},{"name":"box2D5","coordinate_system":"CAM_LEFT","val":[514.48,181.67000000000002,9.56,18.16]},{"name":"box2D6","coordinate_system":"CAM_LEFT","val":[549.385,179.28,21.99,17.2]},{"name":"box2D7","coordinate_system":"CAM_LEFT","val":[531.215,179.28,10.51,19.12]},{"name":"box2D8","coordinate_system":"CAM_LEFT","val":[685.655,169.72,22.95,19.12]}],"cuboid":[{"name":"box3D","coordinate_system":"CAM_LEFT","val":[-10.0,499.0,-1.0,0,-1.0,0,-1000.0,-1000.0,-1000.0]}],"num":[{"name":"truncated","val":-1.0},{"name":"occluded","val":-1},{"name":"alpha","val":-10.0}]}},"0":{"object_data":{"bbox":[{"name":"box2D","coordinate_system":"CAM_LEFT","val":[956.83,174.12,35.22,69.7]}],"cuboid":[{"name":"box3D","coordinate_system":"CAM_LEFT","val":[9.42,-0.17,18.8,0,1.56,0,0.93,1.8,0.61]}],"num":[{"name":"truncated","val":0.0},{"name":"occluded","val":2},{"name":"alpha","val":1.1}]}},"-2":{}}},"2":{"frame_properties":{"transforms":{"vehicle-iso8855_to_odom":{"src":"vehicle-iso8855","dst":"odom","transform_src_to_dst_4x4":[0.9999993518065459,0.0011383408727697096,2.380222708644196e-05,2.430727063438831,-0.001138425684605147,0.9999916173769898,0.003933085647696314,0.02332248725114255,-1.9324835412468976e-05,-0.003933110195362622,0.9999922651054565,0.041766193996911505,0.0,0.0,0.0,1.0]}}},"objects":{"-1":{"object_data":{"bbox":[{"name":"box2D0","coordinate_system":"CAM_LEFT","val":[584.765,175.455,39.21,24.85]},{"name":"box2D1","coordinate_system":"CAM_LEFT","val":[633.06,174.5,36.34,21.04]},{"name":"box2D2","coordinate_system":"CAM_LEFT","val":[434.15500000000003,186.935,24.85,24.87]},{"name":"box2D3","coordinate_system":"CAM_LEFT","val":[492.015,181.67499999999998,18.17,20.09]},{"name":"box2D4","coordinate_system":"CAM_LEFT","val":[514.48,181.67000000000002,9.56,18.16]},{"name":"box2D5","coordinate_system":"CAM_LEFT","val":[549.385,179.28,21.99,17.2]},{"name":"box2D6","coordinate_system":"CAM_LEFT","val":[531.215,179.28,10.51,19.12]},{"name":"box2D7","coordinate_system":"CAM_LEFT","val":[690.4300000000001,172.59,28.68,21.04]}],"cuboid":[{"name":"box3D","coordinate_system":"CAM_LEFT","val":[-10.0,499.0,-1.0,0,-1.0,0,-1000.0,-1000.0,-1000.0]}],"num":[{"name":"truncated","val":-1.0},{"name":"occluded","val":-1},{"name":"alpha","val":-10.0}]}},"0":{"object_data":{"bbox":[{"name":"box2D","coordinate_system":"CAM_LEFT","val":[981.75,174.175,34.0,75.15]}],"cuboid":[{"name":"box3D","coordinate_system":"CAM_LEFT","val":[9.44,-0.16,17.47,0,1.56,0,0.93,1.8,0.61]}],"num":[{"name":"truncated","val":0.0},{"name":"occluded","val":1},{"name":"alpha","val":1.07}]}},"1":{"object_data":{"bbox":[{"name":"box2D","coordinate_system":"CAM_LEFT","val":[777.6500000000001,165.68,56.64,19.7]}],"cuboid":[{"name":"box3D","coordinate_system":"CAM_LEFT","val":[13.96,-1.17,57.2,0,3.09,0,4.09,1.51,1.76]}],"num":[{"name":"truncated","val":0.0},{"name":"occluded","val":1},{"name":"alpha","val":2.85}]}},"-2":{}}},"3":{"frame_properties":{"transforms":{"vehicle-iso8855_to_odom":{"src":"vehicle-iso8855","dst":"odom","transform_src_to_dst_4x4":[0.9999984940510339,0.001645270182264025,0.0005522514750425434,3.5836039278310987,-0.0016481004781790935,0.9999853068153154,0.00516429262280031,0.033039916118573154,-0.0005437467040448474,-0.0051651950115592935,0.9999865124590501,0.06222762872818433,0.0,0.0,0.0,1.0]}}},"objects":{"-1":{"object_data":{"bbox":[{"name":"box2D0","coordinate_system":"CAM_LEFT","val":[633.06,174.5,36.34,21.04]},{"name":"box2D1","coordinate_system":"CAM_LEFT","val":[434.15500000000003,186.935,24.85,24.87]},{"name":"box2D2","coordinate_system":"CAM_LEFT","val":[492.015,181.67499999999998,18.17,20.09]},{"name":"box2D3","coordinate_system":"CAM_LEFT","val":[514.48,181.67000000000002,9.56,18.16]},{"name":"box2D4","coordinate_system":"CAM_LEFT","val":[549.385,179.28,21.99,17.2]},{"name":"box2D5","coordinate_system":"CAM_LEFT","val":[531.215,179.28,10.51,19.12]},{"name":"box2D6","coordinate_system":"CAM_LEFT","val":[690.4300000000001,172.59,28.68,21.04]},{"name":"box2D7","coordinate_system":"CAM_LEFT","val":[595.29,177.845,14.34,16.25]}],"cuboid":[{"name":"box3D","coordinate_system":"CAM_LEFT","val":[-10.0,499.0,-1.0,0,-1.0,0,-1000.0,-1000.0,-1000.0]}],"num":[{"name":"truncated","val":-1.0},{"name":"occluded","val":-1},{"name":"alpha","val":-10.0}]}},"0":{"object_data":{"bbox":[{"name":"box2D","coordinate_system":"CAM_LEFT","val":[1014.4799999999999,174.24,33.6,81.54]}],"cuboid":[{"name":"box3D","coordinate_system":"CAM_LEFT","val":[9.48,-0.14,16.14,0,1.56,0,0.93,1.8,0.61]}],"num":[{"name":"truncated","val":0.0},{"name":"occluded","val":2},{"name":"alpha","val":1.03}]}},"1":{"object_data":{"bbox":[{"name":"box2D","coordinate_system":"CAM_LEFT","val":[781.1500000000001,165.18,57.92,20.12]}],"cuboid":[{"name":"box3D","coordinate_system":"CAM_LEFT","val":[13.95,-1.19,56.03,0,3.09,0,4.09,1.51,1.76]}],"num":[{"name":"truncated","val":0.0},{"name":"occluded","val":1},{"name":"alpha","val":2.84}]}},"2":{"object_data":{"bbox":[{"name":"box2D","coordinate_system":"CAM_LEFT","val":[571.52,175.575,19.72,15.71]}],"cuboid":[{"name":"box3D","coordinate_system":"CAM_LEFT","val":[-3.26,-0.49,70.38,0,-1.57,0,3.68,1.5,1.78]}],"num":[{"name":"truncated","val":0.0},{"name":"occluded","val":0},{"name":"alpha","val":-1.52}]}},"-2":{}}},"4":{"frame_properties":{"transforms":{"vehicle-iso8855_to_odom":{"src":"vehicle-iso8855","dst":"odom","transform_src_to_dst_4x4":[0.9999974449838009,0.002090763369545886,0.0008594965983006364,4.845306603943254,-0.0020962416280907647,0.9999771745736764,0.0064230913650143665,0.04349094157506389,-0.0008460478157791394,-0.006424876666460465,0.9999790023610066,0.0817867758086224,0.0,0.0,0.0,1.0]}}},"objects":{"-1":{"object_data":{"bbox":[{"name":"box2D0","coordinate_system":"CAM_LEFT","val":[633.06,174.5,36.34,21.04]},{"name":"box2D1","coordinate_system":"CAM_LEFT","val":[434.15500000000003,186.935,24.85,24.87]},{"name":"box2D2","coordinate_system":"CAM_LEFT","val":[492.015,181.67499999999998,18.17,20.09]},{"name":"box2D3","coordinate_system":"CAM_LEFT","val":[514.48,181.67000000000002,9.56,18.16]},{"name":"box2D4","coordinate_system":"CAM_LEFT","val":[549.385,179.28,21.99,17.2]},{"name":"box2D5","coordinate_system":"CAM_LEFT","val":[531.215,179.28,10.51,19.12]},{"name":"box2D6","coordinate_system":"CAM_LEFT","val":[690.4300000000001,172.59,28.68,21.04]},{"name":"box2D7","coordinate_system":"CAM_LEFT","val":[590.505,176.895,20.07,16.25]}],"cuboid":[{"name":"box3D","coordinate_system":"CAM_LEFT","val":[-10.0,499.0,-1.0,0,-1.0,0,-1000.0,-1000.0,-1000.0]}],"num":[{"name":"truncated","val":-1.0},{"name":"occluded","val":-1},{"name":"alpha","val":-10.0}]}},"0":{"object_data":{"bbox":[{"name":"box2D","coordinate_system":"CAM_LEFT","val":[1049.85,174.305,29.0,89.11]}],"cuboid":[{"name":"box3D","coordinate_system":"CAM_LEFT","val":[9.51,-0.13,14.81,0,1.56,0,0.93,1.8,0.61]}],"num":[{"name":"truncated","val":0.0},{"name":"occluded","val":2},{"name":"alpha","val":1.0}]}},"1":{"object_data":{"bbox":[{"name":"box2D","coordinate_system":"CAM_LEFT","val":[784.805,164.665,59.27,20.57]}],"cuboid":[{"name":"box3D","coordinate_system":"CAM_LEFT","val":[13.93,-1.2,54.85,0,3.09,0,4.09,1.51,1.76]}],"num":[{"name":"truncated","val":0.0},{"name":"occluded","val":1},{"name":"alpha","val":2.84}]}},"2":{"object_data":{"bbox":[{"name":"box2D","coordinate_system":"CAM_LEFT","val":[571.46,175.56,20.02,15.96]}],"cuboid":[{"name":"box3D","coordinate_system":"CAM_LEFT","val":[-3.22,-0.48,69.28,0,-1.57,0,3.68,1.5,1.78]}],"num":[{"name":"truncated","val":0.0},{"name":"occluded","val":0},{"name":"alpha","val":-1.52}]}},"-2":{}}},"5":{"frame_properties":{"transforms":{"vehicle-iso8855_to_odom":{"src":"vehicle-iso8855","dst":"odom","transform_src_to_dst_4x4":[0.9999956116675324,0.00241608794289236,0.0017143992331730045,5.981865602182225,-0.0024275700066290658,0.9999744251408657,0.006727255611212057,0.054716081600239996,-0.0016981017464831097,-0.006731387913935686,0.999975902143252,0.09911377310515397,0.0,0.0,0.0,1.0]}}},"objects":{"-1":{"object_data":{"bbox":[{"name":"box2D0","coordinate_system":"CAM_LEFT","val":[633.06,174.5,36.34,21.04]},{"name":"box2D1","coordinate_system":"CAM_LEFT","val":[434.15500000000003,186.935,24.85,24.87]},{"name":"box2D2","coordinate_system":"CAM_LEFT","val":[492.015,181.67499999999998,18.17,20.09]},{"name":"box2D3","coordinate_system":"CAM_LEFT","val":[514.48,181.67000000000002,9.56,18.16]},{"name":"box2D4","coordinate_system":"CAM_LEFT","val":[690.4300000000001,172.59,28.68,21.04]},{"name":"box2D5","coordinate_system":"CAM_LEFT","val":[543.645,179.76000000000002,31.55,18.16]},{"name":"box2D6","coordinate_system":"CAM_LEFT","val":[589.54,175.935,16.26,18.17]}],"cuboid":[{"name":"box3D","coordinate_system":"CAM_LEFT","val":[-10.0,499.0,-1.0,0,-1.0,0,-1000.0,-1000.0,-1000.0]}],"num":[{"name":"truncated","val":-1.0},{"name":"occluded","val":-1},{"name":"alpha","val":-10.0}]}},"0":{"object_data":{"bbox":[{"name":"box2D","coordinate_system":"CAM_LEFT","val":[1097.985,174.395,31.47,98.23]}],"cuboid":[{"name":"box3D","coordinate_system":"CAM_LEFT","val":[9.53,-0.12,13.47,0,1.56,0,0.93,1.8,0.61]}],"num":[{"name":"truncated","val":0.0},{"name":"occluded","val":1},{"name":"alpha","val":0.95}]}},"1":{"object_data":{"bbox":[{"name":"box2D","coordinate_system":"CAM_LEFT","val":[788.615,164.125,60.67,21.03]}],"cuboid":[{"name":"box3D","coordinate_system":"CAM_LEFT","val":[13.92,-1.22,53.68,0,3.09,0,4.09,1.51,1.76]}],"num":[{"name":"truncated","val":0.0},{"name":"occluded","val":1},{"name":"alpha","val":2.83}]}},"2":{"object_data":{"bbox":[{"name":"box2D","coordinate_system":"CAM_LEFT","val":[571.395,175.54500000000002,20.33,16.23]}],"cuboid":[{"name":"box3D","coordinate_system":"CAM_LEFT","val":[-3.17,-0.48,68.19,0,-1.57,0,3.68,1.5,1.78]}],"num":[{"name":"truncated","val":0.0},{"name":"occluded","val":0},{"name":"alpha","val":-1.52}]}},"-2":{}}},"6":{"frame_properties":{"transforms":{"vehicle-iso8855_to_odom":{"src":"vehicle-iso8855","dst":"odom","transform_src_to_dst_4x4":[0.9999905678284429,0.0028092845135998827,0.003312427307948536,7.11911177607909,-0.002830334291378065,0.9999757229308196,0.0063673194347353985,0.06329263027575632,-0.0032944592800404748,-0.006376634653683532,0.9999742422025406,0.11485925926441709,0.0,0.0,0.0,1.0]}}},"objects":{"-1":{"object_data":{"bbox":[{"name":"box2D0","coordinate_system":"CAM_LEFT","val":[633.06,174.5,36.34,21.04]},{"name":"box2D1","coordinate_system":"CAM_LEFT","val":[434.15500000000003,186.935,24.85,24.87]},{"name":"box2D2","coordinate_system":"CAM_LEFT","val":[492.015,181.67499999999998,18.17,20.09]},{"name":"box2D3","coordinate_system":"CAM_LEFT","val":[514.48,181.67000000000002,9.56,18.16]},{"name":"box2D4","coordinate_system":"CAM_LEFT","val":[690.4300000000001,172.59,28.68,21.04]},{"name":"box2D5","coordinate_system":"CAM_LEFT","val":[543.645,179.76000000000002,31.55,18.16]},{"name":"box2D6","coordinate_system":"CAM_LEFT","val":[587.635,175.935,20.07,18.17]}],"cuboid":[{"name":"box3D","coordinate_system":"CAM_LEFT","val":[-10.0,499.0,-1.0,0,-1.0,0,-1000.0,-1000.0,-1000.0]}],"num":[{"name":"truncated","val":-1.0},{"name":"occluded","val":-1},{"name":"alpha","val":-10.0}]}},"0":{"object_data":{"bbox":[{"name":"box2D","coordinate_system":"CAM_LEFT","val":[1149.14,174.525,29.5,109.53]}],"cuboid":[{"name":"box3D","coordinate_system":"CAM_LEFT","val":[9.52,-0.09,12.13,0,1.56,0,0.93,1.8,0.61]}],"num":[{"name":"truncated","val":0.0},{"name":"occluded","val":0},{"name":"alpha","val":0.9}]}},"1":{"object_data":{"bbox":[{"name":"box2D","coordinate_system":"CAM_LEFT","val":[792.6,163.56,62.14,21.52]}],"cuboid":[{"name":"box3D","coordinate_system":"CAM_LEFT","val":[13.91,-1.23,52.51,0,3.09,0,4.09,1.51,1.76]}],"num":[{"name":"truncated","val":0.0},{"name":"occluded","val":1},{"name":"alpha","val":2.83}]}},"2":{"object_data":{"bbox":[{"name":"box2D","coordinate_system":"CAM_LEFT","val":[570.515,174.32,20.71,16.52]}],"cuboid":[{"name":"box3D","coordinate_system":"CAM_LEFT","val":[-3.2,-0.57,67.02,0,-1.57,0,3.68,1.5,1.78]}],"num":[{"name":"truncated","val":0.0},{"name":"occluded","val":0},{"name":"alpha","val":-1.52}]}},"-2":{}}},"7":{"frame_properties":{"transforms":{"vehicle-iso8855_to_odom":{"src":"vehicle-iso8855","dst":"odom","transform_src_to_dst_4x4":[0.9999829010455581,0.0030909352795224433,0.004964245723880107,8.366439182106243,-0.0031188241954888648,0.999979343631223,0.005620075311417003,0.07156630857014046,-0.004946771891536097,-0.0056354618236813085,0.9999718851137198,0.1301456694557652,0.0,0.0,0.0,1.0]}}},"objects":{"-1":{"object_data":{"bbox":[{"name":"box2D0","coordinate_system":"CAM_LEFT","val":[434.15500000000003,186.935,24.85,24.87]},{"name":"box2D1","coordinate_system":"CAM_LEFT","val":[492.015,181.67499999999998,18.17,20.09]},{"name":"box2D2","coordinate_system":"CAM_LEFT","val":[514.48,181.67000000000002,9.56,18.16]},{"name":"box2D3","coordinate_system":"CAM_LEFT","val":[543.645,179.76000000000002,31.55,18.16]},{"name":"box2D4","coordinate_system":"CAM_LEFT","val":[624.45,169.245,22.94,16.25]},{"name":"box2D5","coordinate_system":"CAM_LEFT","val":[693.3000000000001,169.23499999999999,22.94,20.09]},{"name":"box2D6","coordinate_system":"CAM_LEFT","val":[587.635,173.545,14.33,19.13]}],"cuboid":[{"name":"box3D","coordinate_system":"CAM_LEFT","val":[-10.0,499.0,-1.0,0,-1.0,0,-1000.0,-1000.0,-1000.0]}],"num":[{"name":"truncated","val":-1.0},{"name":"occluded","val":-1},{"name":"alpha","val":-10.0}]}},"0":{"object_data":{"bbox":[{"name":"box2D","coordinate_system":"CAM_LEFT","val":[1203.6850000000002,174.935,38.61,120.31]}],"cuboid":[{"name":"box3D","coordinate_system":"CAM_LEFT","val":[9.51,-0.08,10.79,0,1.56,0,0.93,1.8,0.61]}],"num":[{"name":"truncated","val":1.0},{"name":"occluded","val":3},{"name":"alpha","val":0.85}]}},"1":{"object_data":{"bbox":[{"name":"box2D","coordinate_system":"CAM_LEFT","val":[796.765,162.97500000000002,63.69,22.03]}],"cuboid":[{"name":"box3D","coordinate_system":"CAM_LEFT","val":[13.9,-1.25,51.34,0,3.09,0,4.09,1.51,1.76]}],"num":[{"name":"truncated","val":0.0},{"name":"occluded","val":2},{"name":"alpha","val":2.82}]}},"2":{"object_data":{"bbox":[{"name":"box2D","coordinate_system":"CAM_LEFT","val":[569.5999999999999,173.06,21.12,16.82]}],"cuboid":[{"name":"box3D","coordinate_system":"CAM_LEFT","val":[-3.23,-0.69,65.84,0,-1.57,0,3.68,1.5,1.78]}],"num":[{"name":"truncated","val":0.0},{"name":"occluded","val":0},{"name":"alpha","val":-1.52}]}},"24":{"object_data":{"bbox":[{"name":"box2D","coordinate_system":"CAM_LEFT","val":[633.175,171.915,14.61,17.93]}],"cuboid":[{"name":"box3D","coordinate_system":"CAM_LEFT","val":[2.91,-0.88,72.03,0,-3.13,0,1.43,1.8,0.67]}],"num":[{"name":"truncated","val":0.0},{"name":"occluded","val":0},{"name":"alpha","val":3.1}]}},"-2":{}}},"8":{"frame_properties":{"transforms":{"vehicle-iso8855_to_odom":{"src":"vehicle-iso8855","dst":"odom","transform_src_to_dst_4x4":[0.9999805587358799,0.0033645207591612727,0.005249966698776096,9.492757394983936,-0.0033889522250168404,0.9999834381787197,0.004651706255098361,0.08182054737002058,-0.0052342289875051,-0.0046694077063735556,0.9999753994366949,0.14607606346236846,0.0,0.0,0.0,1.0]}}},"objects":{"-1":{"object_data":{"bbox":[{"name":"box2D0","coordinate_system":"CAM_LEFT","val":[434.15500000000003,186.935,24.85,24.87]},{"name":"box2D1","coordinate_system":"CAM_LEFT","val":[492.015,181.67499999999998,18.17,20.09]},{"name":"box2D2","coordinate_system":"CAM_LEFT","val":[514.48,181.67000000000002,9.56,18.16]},{"name":"box2D3","coordinate_system":"CAM_LEFT","val":[543.645,179.76000000000002,31.55,18.16]},{"name":"box2D4","coordinate_system":"CAM_LEFT","val":[698.5600000000001,169.245,21.98,18.17]},{"name":"box2D5","coordinate_system":"CAM_LEFT","val":[618.71,166.845,34.42,15.31]},{"name":"box2D6","coordinate_system":"CAM_LEFT","val":[576.29,174.78500000000003,30.6,24.47]}],"cuboid":[{"name":"box3D","coordinate_system":"CAM_LEFT","val":[-10.0,499.0,-1.0,0,-1.0,0,-1000.0,-1000.0,-1000.0]}],"num":[{"name":"truncated","val":-1.0},{"name":"occluded","val":-1},{"name":"alpha","val":-10.0}]}},"1":{"object_data":{"bbox":[{"name":"box2D","coordinate_system":"CAM_LEFT","val":[801.1,162.9,65.3,22.54]}],"cuboid":[{"name":"box3D","coordinate_system":"CAM_LEFT","val":[13.89,-1.22,50.17,0,3.09,0,4.09,1.51,1.76]}],"num":[{"name":"truncated","val":0.0},{"name":"occluded","val":2},{"name":"alpha","val":2.82}]}},"2":{"object_data":{"bbox":[{"name":"box2D","coordinate_system":"CAM_LEFT","val":[568.66,171.745,21.54,17.13]}],"cuboid":[{"name":"box3D","coordinate_system":"CAM_LEFT","val":[-3.26,-0.78,64.67,0,-1.57,0,3.68,1.5,1.78]}],"num":[{"name":"truncated","val":0.0},{"name":"occluded","val":0},{"name":"alpha","val":-1.52}]}},"24":{"object_data":{"bbox":[{"name":"box2D","coordinate_system":"CAM_LEFT","val":[627.95,172.155,6.66,18.23]}],"cuboid":[{"name":"box3D","coordinate_system":"CAM_LEFT","val":[2.77,-0.84,70.88,0,-3.13,0,1.43,1.8,0.67]}],"num":[{"name":"truncated","val":0.0},{"name":"occluded","val":1},{"name":"alpha","val":3.1}]}},"-2":{}}},"9":{"frame_properties":{"transforms":{"vehicle-iso8855_to_odom":{"src":"vehicle-iso8855","dst":"odom","transform_src_to_dst_4x4":[0.9999846755844953,0.0037251051536105,0.004095386155955351,10.617241806077887,-0.003739034543176388,0.9999872336016852,0.0033988607406011014,0.09532289190353926,-0.004082672758963206,-0.00341412144535167,0.9999858376786641,0.16616357853770777,0.0,0.0,0.0,1.0]}}},"objects":{"-1":{"object_data":{"bbox":[{"name":"box2D0","coordinate_system":"CAM_LEFT","val":[492.015,181.67499999999998,18.17,20.09]},{"name":"box2D1","coordinate_system":"CAM_LEFT","val":[698.5600000000001,169.245,21.98,18.17]},{"name":"box2D2","coordinate_system":"CAM_LEFT","val":[514.005,176.415,18.17,24.87]},{"name":"box2D3","coordinate_system":"CAM_LEFT","val":[541.26,173.545,19.12,19.13]},{"name":"box2D4","coordinate_system":"CAM_LEFT","val":[620.625,166.845,28.69,15.31]},{"name":"box2D5","coordinate_system":"CAM_LEFT","val":[434.51,187.03,28.56,24.48]},{"name":"box2D6","coordinate_system":"CAM_LEFT","val":[573.74,176.83,33.66,22.44]}],"cuboid":[{"name":"box3D","coordinate_system":"CAM_LEFT","val":[-10.0,499.0,-1.0,0,-1.0,0,-1000.0,-1000.0,-1000.0]}],"num":[{"name":"truncated","val":-1.0},{"name":"occluded","val":-1},{"name":"alpha","val":-10.0}]}},"1":{"object_data":{"bbox":[{"name":"box2D","coordinate_system":"CAM_LEFT","val":[805.64,162.82999999999998,67.0,23.08]}],"cuboid":[{"name":"box3D","coordinate_system":"CAM_LEFT","val":[13.88,-1.2,49.01,0,3.09,0,4.09,1.51,1.76]}],"num":[{"name":"truncated","val":0.0},{"name":"occluded","val":2},{"name":"alpha","val":2.81}]}},"2":{"object_data":{"bbox":[{"name":"box2D","coordinate_system":"CAM_LEFT","val":[566.775,173.90499999999997,22.03,17.47]}],"cuboid":[{"name":"box3D","coordinate_system":"CAM_LEFT","val":[-3.37,-0.59,63.5,0,-1.57,0,3.68,1.5,1.78]}],"num":[{"name":"truncated","val":0.0},{"name":"occluded","val":0},{"name":"alpha","val":-1.52}]}},"24":{"object_data":{"bbox":[{"name":"box2D","coordinate_system":"CAM_LEFT","val":[628.14,172.39499999999998,7.72,18.53]}],"cuboid":[{"name":"box3D","coordinate_system":"CAM_LEFT","val":[2.63,-0.8,69.73,0,-3.13,0,1.43,1.8,0.67]}],"num":[{"name":"truncated","val":0.0},{"name":"occluded","val":2},{"name":"alpha","val":3.1}]}},"-2":{}}},"10":{"frame_properties":{"transforms":{"vehicle-iso8855_to_odom":{"src":"vehicle-iso8855","dst":"odom","transform_src_to_dst_4x4":[0.9999704184029795,0.004055717523697979,0.0065355546312318175,11.861782800328267,-0.004081949992391838,0.9999836467679956,0.004005481349449346,0.11431171152303525,-0.00651920265289085,-0.004032040668091447,0.9999706208908444,0.20095619609251855,0.0,0.0,0.0,1.0]}}},"objects":{"-1":{"object_data":{"bbox":[{"name":"box2D0","coordinate_system":"CAM_LEFT","val":[434.15500000000003,186.935,24.85,24.87]},{"name":"box2D1","coordinate_system":"CAM_LEFT","val":[698.5600000000001,169.245,21.98,18.17]},{"name":"box2D2","coordinate_system":"CAM_LEFT","val":[540.78,172.59,20.08,21.04]},{"name":"box2D3","coordinate_system":"CAM_LEFT","val":[500.13500000000005,176.89,42.07,23.9]},{"name":"box2D4","coordinate_system":"CAM_LEFT","val":[618.71,165.42,28.68,14.34]},{"name":"box2D5","coordinate_system":"CAM_LEFT","val":[571.1850000000001,173.76999999999998,32.63,20.4]}],"cuboid":[{"name":"box3D","coordinate_system":"CAM_LEFT","val":[-10.0,499.0,-1.0,0,-1.0,0,-1000.0,-1000.0,-1000.0]}],"num":[{"name":"truncated","val":-1.0},{"name":"occluded","val":-1},{"name":"alpha","val":-10.0}]}},"1":{"object_data":{"bbox":[{"name":"box2D","coordinate_system":"CAM_LEFT","val":[810.405,162.75,68.79,23.64]}],"cuboid":[{"name":"box3D","coordinate_system":"CAM_LEFT","val":[13.87,-1.17,47.84,0,3.09,0,4.09,1.51,1.76]}],"num":[{"name":"truncated","val":0.0},{"name":"occluded","val":1},{"name":"alpha","val":2.8}]}},"2":{"object_data":{"bbox":[{"name":"box2D","coordinate_system":"CAM_LEFT","val":[565.41,171.72,22.56,17.84]}],"cuboid":[{"name":"box3D","coordinate_system":"CAM_LEFT","val":[-3.42,-0.75,62.19,0,-1.57,0,3.68,1.5,1.78]}],"num":[{"name":"truncated","val":0.0},{"name":"occluded","val":0},{"name":"alpha","val":-1.52}]}},"24":{"object_data":{"bbox":[{"name":"box2D","coordinate_system":"CAM_LEFT","val":[628.385,170.54,8.67,18.84]}],"cuboid":[{"name":"box3D","coordinate_system":"CAM_LEFT","val":[2.49,-0.96,68.58,0,-3.13,0,1.43,1.8,0.67]}],"num":[{"name":"truncated","val":0.0},{"name":"occluded","val":2},{"name":"alpha","val":3.1}]}},"-2":{}}},"11":{"frame_properties":{"transforms":{"vehicle-iso8855_to_odom":{"src":"vehicle-iso8855","dst":"odom","transform_src_to_dst_4x4":[0.9999301704982463,0.004706076406980937,0.010840063293135103,12.987927024569588,-0.004746291933369666,0.9999819386033478,0.0036871642184786524,0.12752489106234732,-0.010822515429914976,-0.003738356850603847,0.9999344467753006,0.23602299197455273,0.0,0.0,0.0,1.0]}}},"objects":{"-1":{"object_data":{"bbox":[{"name":"box2D0","coordinate_system":"CAM_LEFT","val":[439.41,182.63,27.72,27.72]},{"name":"box2D1","coordinate_system":"CAM_LEFT","val":[497.26500000000004,173.545,42.07,26.77]},{"name":"box2D2","coordinate_system":"CAM_LEFT","val":[542.6899999999999,168.765,20.08,22.95]},{"name":"box2D3","coordinate_system":"CAM_LEFT","val":[699.995,164.465,22.95,21.99]},{"name":"box2D4","coordinate_system":"CAM_LEFT","val":[616.325,162.075,27.73,13.39]},{"name":"box2D5","coordinate_system":"CAM_LEFT","val":[570.6750000000001,172.235,33.65,19.37]}],"cuboid":[{"name":"box3D","coordinate_system":"CAM_LEFT","val":[-10.0,499.0,-1.0,0,-1.0,0,-1000.0,-1000.0,-1000.0]}],"num":[{"name":"truncated","val":-1.0},{"name":"occluded","val":-1},{"name":"alpha","val":-10.0}]}},"1":{"object_data":{"bbox":[{"name":"box2D","coordinate_system":"CAM_LEFT","val":[815.4050000000001,162.66500000000002,70.67,24.23]}],"cuboid":[{"name":"box3D","coordinate_system":"CAM_LEFT","val":[13.86,-1.15,46.68,0,3.09,0,4.09,1.51,1.76]}],"num":[{"name":"truncated","val":0.0},{"name":"occluded","val":2},{"name":"alpha","val":2.8}]}},"2":{"object_data":{"bbox":[{"name":"box2D","coordinate_system":"CAM_LEFT","val":[563.9799999999999,169.44,23.12,18.24]}],"cuboid":[{"name":"box3D","coordinate_system":"CAM_LEFT","val":[-3.47,-0.93,60.88,0,-1.57,0,3.68,1.5,1.78]}],"num":[{"name":"truncated","val":0.0},{"name":"occluded","val":0},{"name":"alpha","val":-1.52}]}},"24":{"object_data":{"bbox":[{"name":"box2D","coordinate_system":"CAM_LEFT","val":[627.8100000000001,168.625,7.16,19.17]}],"cuboid":[{"name":"box3D","coordinate_system":"CAM_LEFT","val":[2.35,-1.12,67.42,0,-3.13,0,1.43,1.8,0.67]}],"num":[{"name":"truncated","val":0.0},{"name":"occluded","val":2},{"name":"alpha","val":3.1}]}},"-2":{}}},"12":{"frame_properties":{"transforms":{"vehicle-iso8855_to_odom":{"src":"vehicle-iso8855","dst":"odom","transform_src_to_dst_4x4":[0.9999294835564635,0.005313749096901548,0.010620357105067807,14.106688314168863,-0.005330074855621633,0.9999846557371297,0.001509500688330472,0.1353052530838661,-0.010612173035597217,-0.0015660015420738776,0.9999424630560663,0.2650611535502311,0.0,0.0,0.0,1.0]}}},"objects":{"-1":{"object_data":{"bbox":[{"name":"box2D0","coordinate_system":"CAM_LEFT","val":[439.41,182.63,27.72,27.72]},{"name":"box2D1","coordinate_system":"CAM_LEFT","val":[497.26500000000004,173.545,42.07,26.77]},{"name":"box2D2","coordinate_system":"CAM_LEFT","val":[542.6899999999999,168.765,20.08,22.95]},{"name":"box2D3","coordinate_system":"CAM_LEFT","val":[701.4300000000001,165.42,18.16,23.9]},{"name":"box2D4","coordinate_system":"CAM_LEFT","val":[579.985,174.02499999999998,21.99,20.09]},{"name":"box2D5","coordinate_system":"CAM_LEFT","val":[618.235,163.02,27.73,13.38]}],"cuboid":[{"name":"box3D","coordinate_system":"CAM_LEFT","val":[-10.0,499.0,-1.0,0,-1.0,0,-1000.0,-1000.0,-1000.0]}],"num":[{"name":"truncated","val":-1.0},{"name":"occluded","val":-1},{"name":"alpha","val":-10.0}]}},"1":{"object_data":{"bbox":[{"name":"box2D","coordinate_system":"CAM_LEFT","val":[820.6650000000001,162.57500000000002,72.65,24.85]}],"cuboid":[{"name":"box3D","coordinate_system":"CAM_LEFT","val":[13.85,-1.13,45.52,0,3.09,0,4.09,1.51,1.76]}],"num":[{"name":"truncated","val":0.0},{"name":"occluded","val":2},{"name":"alpha","val":2.79}]}},"2":{"object_data":{"bbox":[{"name":"box2D","coordinate_system":"CAM_LEFT","val":[562.61,170.425,23.64,18.61]}],"cuboid":[{"name":"box3D","coordinate_system":"CAM_LEFT","val":[-3.52,-0.83,59.69,0,-1.57,0,3.68,1.5,1.78]}],"num":[{"name":"truncated","val":0.0},{"name":"occluded","val":0},{"name":"alpha","val":-1.51}]}},"24":{"object_data":{"bbox":[{"name":"box2D","coordinate_system":"CAM_LEFT","val":[627.11,167.965,5.5,19.51]}],"cuboid":[{"name":"box3D","coordinate_system":"CAM_LEFT","val":[2.22,-1.16,66.22,0,-3.14,0,1.43,1.8,0.67]}],"num":[{"name":"truncated","val":0.0},{"name":"occluded","val":2},{"name":"alpha","val":3.1}]}},"-2":{}}},"13":{"frame_properties":{"transforms":{"vehicle-iso8855_to_odom":{"src":"vehicle-iso8855","dst":"odom","transform_src_to_dst_4x4":[0.9999660915452107,0.005418000867199464,0.006201695445468453,15.335925012208422,-0.005415243660269157,0.9999852310624315,-0.00046129504161223847,0.13783126902964626,-0.006204103149951078,0.00042769570786615384,0.9999806629032814,0.27674865256467895,0.0,0.0,0.0,1.0]}}},"objects":{"-1":{"object_data":{"bbox":[{"name":"box2D0","coordinate_system":"CAM_LEFT","val":[439.41,182.63,27.72,27.72]},{"name":"box2D1","coordinate_system":"CAM_LEFT","val":[542.6899999999999,168.765,20.08,22.95]},{"name":"box2D2","coordinate_system":"CAM_LEFT","val":[701.4300000000001,165.42,18.16,23.9]},{"name":"box2D3","coordinate_system":"CAM_LEFT","val":[618.235,163.02,27.73,13.38]},{"name":"box2D4","coordinate_system":"CAM_LEFT","val":[507.31,175.935,25.82,25.81]},{"name":"box2D5","coordinate_system":"CAM_LEFT","val":[572.2049999999999,174.79,40.81,22.44]}],"cuboid":[{"name":"box3D","coordinate_system":"CAM_LEFT","val":[-10.0,499.0,-1.0,0,-1.0,0,-1000.0,-1000.0,-1000.0]}],"num":[{"name":"truncated","val":-1.0},{"name":"occluded","val":-1},{"name":"alpha","val":-10.0}]}},"1":{"object_data":{"bbox":[{"name":"box2D","coordinate_system":"CAM_LEFT","val":[826.2,162.48499999999999,74.76,25.51]}],"cuboid":[{"name":"box3D","coordinate_system":"CAM_LEFT","val":[13.84,-1.1,44.35,0,3.09,0,4.09,1.51,1.76]}],"num":[{"name":"truncated","val":0.0},{"name":"occluded","val":2},{"name":"alpha","val":2.78}]}},"2":{"object_data":{"bbox":[{"name":"box2D","coordinate_system":"CAM_LEFT","val":[562.0899999999999,172.38,24.12,19.0]}],"cuboid":[{"name":"box3D","coordinate_system":"CAM_LEFT","val":[-3.49,-0.66,58.52,0,-1.57,0,3.68,1.5,1.78]}],"num":[{"name":"truncated","val":0.0},{"name":"occluded","val":0},{"name":"alpha","val":-1.51}]}},"24":{"object_data":{"bbox":[{"name":"box2D","coordinate_system":"CAM_LEFT","val":[627.0,170.79999999999998,6.8,19.9]}],"cuboid":[{"name":"box3D","coordinate_system":"CAM_LEFT","val":[2.02,-0.89,64.95,0,-3.14,0,1.43,1.8,0.67]}],"num":[{"name":"truncated","val":0.0},{"name":"occluded","val":2},{"name":"alpha","val":3.1}]}},"25":{"object_data":{"bbox":[{"name":"box2D","coordinate_system":"CAM_LEFT","val":[482.04499999999996,178.23,16.41,21.7]}],"cuboid":[{"name":"box3D","coordinate_system":"CAM_LEFT","val":[-10.97,-0.2,63.29,0,0.07,0,1.32,1.91,0.56]}],"num":[{"name":"truncated","val":0.0},{"name":"occluded","val":0},{"name":"alpha","val":0.24}]}},"-2":{}}},"14":{"frame_properties":{"transforms":{"vehicle-iso8855_to_odom":{"src":"vehicle-iso8855","dst":"odom","transform_src_to_dst_4x4":[0.9999782498938204,0.005190737339864886,0.004068904663518256,16.45913064553752,-0.005175989351377655,0.9999800277135232,-0.0036267489981651334,0.13629214994014466,-0.004087648899635761,0.003605609508779201,0.9999851452429398,0.28363876975779223,0.0,0.0,0.0,1.0]}}},"objects":{"-1":{"object_data":{"bbox":[{"name":"box2D0","coordinate_system":"CAM_LEFT","val":[439.41,182.63,27.72,27.72]},{"name":"box2D1","coordinate_system":"CAM_LEFT","val":[701.4300000000001,165.42,18.16,23.9]},{"name":"box2D2","coordinate_system":"CAM_LEFT","val":[618.235,163.02,27.73,13.38]},{"name":"box2D3","coordinate_system":"CAM_LEFT","val":[510.175,175.935,23.89,25.81]},{"name":"box2D4","coordinate_system":"CAM_LEFT","val":[537.43,174.5,19.12,15.3]},{"name":"box2D5","coordinate_system":"CAM_LEFT","val":[784.15,163.51,36.34,20.08]},{"name":"box2D6","coordinate_system":"CAM_LEFT","val":[575.775,177.34,47.95,27.54]}],"cuboid":[{"name":"box3D","coordinate_system":"CAM_LEFT","val":[-10.0,499.0,-1.0,0,-1.0,0,-1000.0,-1000.0,-1000.0]}],"num":[{"name":"truncated","val":-1.0},{"name":"occluded","val":-1},{"name":"alpha","val":-10.0}]}},"1":{"object_data":{"bbox":[{"name":"box2D","coordinate_system":"CAM_LEFT","val":[832.035,162.385,76.99,26.21]}],"cuboid":[{"name":"box3D","coordinate_system":"CAM_LEFT","val":[13.83,-1.08,43.19,0,3.08,0,4.09,1.51,1.76]}],"num":[{"name":"truncated","val":0.0},{"name":"occluded","val":0},{"name":"alpha","val":2.78}]}},"2":{"object_data":{"bbox":[{"name":"box2D","coordinate_system":"CAM_LEFT","val":[561.5450000000001,174.42,24.63,19.4]}],"cuboid":[{"name":"box3D","coordinate_system":"CAM_LEFT","val":[-3.46,-0.49,57.36,0,-1.57,0,3.68,1.5,1.78]}],"num":[{"name":"truncated","val":0.0},{"name":"occluded","val":0},{"name":"alpha","val":-1.51}]}},"24":{"object_data":{"bbox":[{"name":"box2D","coordinate_system":"CAM_LEFT","val":[626.5,172.74,8.0,20.28]}],"cuboid":[{"name":"box3D","coordinate_system":"CAM_LEFT","val":[1.83,-0.7,63.75,0,-3.14,0,1.43,1.8,0.67]}],"num":[{"name":"truncated","val":0.0},{"name":"occluded","val":2},{"name":"alpha","val":3.11}]}},"25":{"object_data":{"bbox":[{"name":"box2D","coordinate_system":"CAM_LEFT","val":[480.12,179.04,9.66,22.12]}],"cuboid":[{"name":"box3D","coordinate_system":"CAM_LEFT","val":[-10.74,-0.12,62.1,0,0.07,0,1.32,1.91,0.56]}],"num":[{"name":"truncated","val":0.0},{"name":"occluded","val":1},{"name":"alpha","val":0.24}]}},"-2":{}}},"15":{"frame_properties":{"transforms":{"vehicle-iso8855_to_odom":{"src":"vehicle-iso8855","dst":"odom","transform_src_to_dst_4x4":[0.999979202641975,0.005358661086954585,0.003588737225717932,17.691433945504535,-0.0053427148950107245,0.999975877966328,-0.004438342373201968,0.13619384466524395,-0.003612434230643586,0.004419076467576452,0.999983710908384,0.29462060147100544,0.0,0.0,0.0,1.0]}}},"objects":{"-1":{"object_data":{"bbox":[{"name":"box2D0","coordinate_system":"CAM_LEFT","val":[439.41,182.63,27.72,27.72]},{"name":"box2D1","coordinate_system":"CAM_LEFT","val":[701.4300000000001,165.42,18.16,23.9]},{"name":"box2D2","coordinate_system":"CAM_LEFT","val":[618.235,163.02,27.73,13.38]},{"name":"box2D3","coordinate_system":"CAM_LEFT","val":[537.91,174.025,20.08,25.81]},{"name":"box2D4","coordinate_system":"CAM_LEFT","val":[510.18,179.755,25.82,25.81]},{"name":"box2D5","coordinate_system":"CAM_LEFT","val":[786.535,165.41,35.37,22.0]},{"name":"box2D6","coordinate_system":"CAM_LEFT","val":[564.5550000000001,177.34,35.69,25.5]}],"cuboid":[{"name":"box3D","coordinate_system":"CAM_LEFT","val":[-10.0,499.0,-1.0,0,-1.0,0,-1000.0,-1000.0,-1000.0]}],"num":[{"name":"truncated","val":-1.0},{"name":"occluded","val":-1},{"name":"alpha","val":-10.0}]}},"1":{"object_data":{"bbox":[{"name":"box2D","coordinate_system":"CAM_LEFT","val":[838.1949999999999,162.28,79.35,26.94]}],"cuboid":[{"name":"box3D","coordinate_system":"CAM_LEFT","val":[13.82,-1.05,42.02,0,3.08,0,4.09,1.51,1.76]}],"num":[{"name":"truncated","val":0.0},{"name":"occluded","val":2},{"name":"alpha","val":2.77}]}},"2":{"object_data":{"bbox":[{"name":"box2D","coordinate_system":"CAM_LEFT","val":[560.8050000000001,174.055,25.17,19.81]}],"cuboid":[{"name":"box3D","coordinate_system":"CAM_LEFT","val":[-3.45,-0.51,56.19,0,-1.57,0,3.68,1.5,1.78]}],"num":[{"name":"truncated","val":0.0},{"name":"occluded","val":0},{"name":"alpha","val":-1.51}]}},"3":{"object_data":{"bbox":[{"name":"box2D","coordinate_system":"CAM_LEFT","val":[589.4449999999999,176.48999999999998,21.03,20.4]}],"cuboid":[{"name":"box3D","coordinate_system":"CAM_LEFT","val":[-1.31,-0.34,61.37,0,0.0,0,1.79,1.73,0.6]}],"num":[{"name":"truncated","val":0.0},{"name":"occluded","val":0},{"name":"alpha","val":0.01}]}},"24":{"object_data":{"bbox":[{"name":"box2D","coordinate_system":"CAM_LEFT","val":[620.53,172.79000000000002,7.32,20.66]}],"cuboid":[{"name":"box3D","coordinate_system":"CAM_LEFT","val":[1.63,-0.68,62.57,0,-3.14,0,1.43,1.8,0.67]}],"num":[{"name":"truncated","val":0.0},{"name":"occluded","val":2},{"name":"alpha","val":3.11}]}},"25":{"object_data":{"bbox":[{"name":"box2D","coordinate_system":"CAM_LEFT","val":[479.32,179.875,10.26,22.55]}],"cuboid":[{"name":"box3D","coordinate_system":"CAM_LEFT","val":[-10.51,-0.05,60.91,0,0.07,0,1.32,1.91,0.56]}],"num":[{"name":"truncated","val":0.0},{"name":"occluded","val":2},{"name":"alpha","val":0.24}]}},"-2":{}}},"16":{"frame_properties":{"transforms":{"vehicle-iso8855_to_odom":{"src":"vehicle-iso8855","dst":"odom","transform_src_to_dst_4x4":[0.9999694030995586,0.00591414562083364,0.005120131471778983,18.809936404974277,-0.005896061273795897,0.9999763524086435,-0.0035399272535440508,0.1385737004853682,-0.0051409460382668614,0.0035096303338547847,0.9999806263967073,0.30675947301996087,0.0,0.0,0.0,1.0]}}},"objects":{"-1":{"object_data":{"bbox":[{"name":"box2D0","coordinate_system":"CAM_LEFT","val":[439.41,182.63,27.72,27.72]},{"name":"box2D1","coordinate_system":"CAM_LEFT","val":[542.6899999999999,168.765,20.08,22.95]},{"name":"box2D2","coordinate_system":"CAM_LEFT","val":[627.315,163.98,34.41,19.14]},{"name":"box2D3","coordinate_system":"CAM_LEFT","val":[793.2249999999999,164.465,35.37,21.99]},{"name":"box2D4","coordinate_system":"CAM_LEFT","val":[511.61,176.89,26.76,27.72]},{"name":"box2D5","coordinate_system":"CAM_LEFT","val":[710.995,167.33,21.99,31.56]},{"name":"box2D6","coordinate_system":"CAM_LEFT","val":[116.205,196.97500000000002,64.07,33.47]},{"name":"box2D7","coordinate_system":"CAM_LEFT","val":[563.0250000000001,177.34,32.63,25.5]}],"cuboid":[{"name":"box3D","coordinate_system":"CAM_LEFT","val":[-10.0,499.0,-1.0,0,-1.0,0,-1000.0,-1000.0,-1000.0]}],"num":[{"name":"truncated","val":-1.0},{"name":"occluded","val":-1},{"name":"alpha","val":-10.0}]}},"1":{"object_data":{"bbox":[{"name":"box2D","coordinate_system":"CAM_LEFT","val":[844.7049999999999,162.17,81.85,27.7]}],"cuboid":[{"name":"box3D","coordinate_system":"CAM_LEFT","val":[13.81,-1.03,40.86,0,3.08,0,4.09,1.51,1.76]}],"num":[{"name":"truncated","val":0.0},{"name":"occluded","val":2},{"name":"alpha","val":2.76}]}},"2":{"object_data":{"bbox":[{"name":"box2D","coordinate_system":"CAM_LEFT","val":[559.61,174.35,25.76,20.24]}],"cuboid":[{"name":"box3D","coordinate_system":"CAM_LEFT","val":[-3.47,-0.48,55.04,0,-1.57,0,3.68,1.5,1.78]}],"num":[{"name":"truncated","val":0.0},{"name":"occluded","val":0},{"name":"alpha","val":-1.51}]}},"3":{"object_data":{"bbox":[{"name":"box2D","coordinate_system":"CAM_LEFT","val":[592.9200000000001,175.345,21.44,20.79]}],"cuboid":[{"name":"box3D","coordinate_system":"CAM_L