{"openlabel":{"metadata":{"schema_version":"0.3.0"},"coordinate_systems":{"odom":{"type":"scene_cs","parent":"","children":["vehicle-iso8855"]},"vehicle-iso8855":{"type":"local_cs","parent":"odom","children":["VELO_TOP","IMU"]},"VELO_TOP":{"type":"sensor_cs","parent":"vehicle-iso8855","children":["CAM_LEFT","CAM_RIGHT"],"pose_wrt_parent":{"matrix4x4":[1.0,0.0,0.0,0.76,0.0,1.0,0.0,0.0,0.0,0.0,1.0,1.73,0.0,0.0,0.0,1.0]}},"IMU":{"type":"sensor_cs","parent":"vehicle-iso8855","children":[],"pose_wrt_parent":{"matrix4x4":[1.0,0.0,0.0,-0.05,0.0,1.0,0.0,0.32,0.0,0.0,1.0,0.93,0.0,0.0,0.0,1.0]}},"CAM_LEFT":{"type":"sensor_cs","parent":"VELO_TOP","children":[],"pose_wrt_parent":{"matrix4x4":[0.004852296969546027,-0.003020691211385992,0.999983658855251,0.2672341673242783,-0.9999297611345842,0.010798081277047428,0.004884654149849766,-0.005139645452231175,-0.010812659650730121,-0.9999371604511238,-0.0029680830853669273,-0.06263302502186825,0.0,0.0,0.0,1.0]}},"CAM_RIGHT":{"type":"sensor_cs","parent":"VELO_TOP","children":[],"pose_wrt_parent":{"matrix4x4":[0.004852296969546027,-0.003020691211385992,0.999983658855251,0.2672341673242783,-0.9999297611345842,0.010798081277047428,0.004884654149849766,-0.005139645452231175,-0.010812659650730121,-0.9999371604511238,-0.0029680830853669273,-0.06263302502186825,0.0,0.0,0.0,1.0]}}},"frames":{"0":{"frame_properties":{"transforms":{"vehicle-iso8855_to_odom":{"src":"vehicle-iso8855","dst":"odom","transform_src_to_dst":{"matrix4x4":[0.9999999999999998,-1.7579419386576405e-17,2.4174233454472863e-18,4.6566128730773915e-10,7.17734600758632e-18,1.0000000000000002,-1.5611430375557228e-18,-2.328306436538697e-10,-3.692089551154234e-18,-2.9739692794653774e-18,1.0,7.275957614183425e-12,0.0,0.0,0.0,1.0]}}}},"objects":{"-1":{"object_data":{"bbox":[{"name":"box2D0","coordinate_system":"CAM_LEFT","val":[662.54,175.41,73.5,19.34]}],"cuboid":[{"name":"box3D","coordinate_system":"CAM_LEFT","val":[-10.0,499.0,-1.0,0,-1.0,0,-1000.0,-1000.0,-1000.0]}],"num":[{"name":"truncated","val":-1.0},{"name":"occluded","val":-1},{"name":"alpha","val":-10.0}]}},"-2":{}}},"1":{"frame_properties":{"transforms":{"vehicle-iso8855_to_odom":{"src":"vehicle-iso8855","dst":"odom","transform_src_to_dst":{"matrix4x4":[0.9999988483846937,0.0013913875044557977,-0.0006060281335557435,1.69127061554286,-0.0013910903436435316,0.9999989121442748,0.0004904874340362395,-0.0024761070113511322,0.0006067099323713774,-0.0004896438292988346,0.9999996960759432,0.01596856286731037,0.0,0.0,0.0,1.0]}}}},"objects":{"-1":{"object_data":{"bbox":[{"name":"box2D0","coordinate_system":"CAM_LEFT","val":[662.54,175.41,73.5,19.34]}],"cuboid":[{"name":"box3D","coordinate_system":"CAM_LEFT","val":[-10.0,499.0,-1.0,0,-1.0,0,-1000.0,-1000.0,-1000.0]}],"num":[{"name":"truncated","val":-1.0},{"name":"occluded","val":-1},{"name":"alpha","val":-10.0}]}},"-2":{}}},"2":{"frame_properties":{"transforms":{"vehicle-iso8855_to_odom":{"src":"vehicle-iso8855","dst":"odom","transform_src_to_dst":{"matrix4x4":[0.999995811870845,0.002867190897935464,-0.00039428051454068556,3.2389403858939287,-0.0028669533621472803,0.9999957092555227,0.0006017050468602727,-0.006625897524513987,0.00039600402601733926,-0.0006005721429950254,0.9999997412469227,0.03295858235572562,0.0,0.0,0.0,1.0]}}}},"objects":{"-1":{"object_data":{"bbox":[{"name":"box2D0","coordinate_system":"CAM_LEFT","val":[662.54,175.41,73.5,19.34]}],"cuboid":[{"name":"box3D","coordinate_system":"CAM_LEFT","val":[-10.0,499.0,-1.0,0,-1.0,0,-1000.0,-1000.0,-1000.0]}],"num":[{"name":"truncated","val":-1.0},{"name":"occluded","val":-1},{"name":"alpha","val":-10.0}]}},"-2":{}}},"3":{"frame_properties":{"transforms":{"vehicle-iso8855_to_odom":{"src":"vehicle-iso8855","dst":"odom","transform_src_to_dst":{"matrix4x4":[0.9999899015701648,0.004434322609599644,0.0007304386941384029,4.782801162312853,-0.004435066904507604,0.9999896443053764,0.001020521219511246,-0.01290312612094476,-0.0007259058096210982,-0.0010237504583274512,0.9999992124975676,0.04538813819201787,0.0,0.0,0.0,1.0]}}}},"objects":{"-1":{"object_data":{"bbox":[{"name":"box2D0","coordinate_system":"CAM_LEFT","val":[662.54,175.41,73.5,19.34]}],"cuboid":[{"name":"box3D","coordinate_system":"CAM_LEFT","val":[-10.0,499.0,-1.0,0,-1.0,0,-1000.0,-1000.0,-1000.0]}],"num":[{"name":"truncated","val":-1.0},{"name":"occluded","val":-1},{"name":"alpha","val":-10.0}]}},"-2":{}}},"4":{"frame_properties":{"transforms":{"vehicle-iso8855_to_odom":{"src":"vehicle-iso8855","dst":"odom","transform_src_to_dst":{"matrix4x4":[0.9999773568690128,0.006681454521071092,0.0008024429862705142,6.471788938995588,-0.00668286652735403,0.9999761028481867,0.0017700360251735638,-0.009900589168522515,-0.0007905973949657983,-0.0017753585653890462,0.9999981115270787,0.058512938431833326,0.0,0.0,0.0,1.0]}}}},"objects":{"-1":{"object_data":{"bbox":[{"name":"box2D0","coordinate_system":"CAM_LEFT","val":[655.765,176.85999999999999,75.45,18.38]}],"cuboid":[{"name":"box3D","coordinate_system":"CAM_LEFT","val":[-10.0,499.0,-1.0,0,-1.0,0,-1000.0,-1000.0,-1000.0]}],"num":[{"name":"truncated","val":-1.0},{"name":"occluded","val":-1},{"name":"alpha","val":-10.0}]}},"-2":{}}},"5":{"frame_properties":{"transforms":{"vehicle-iso8855_to_odom":{"src":"vehicle-iso8855","dst":"odom","transform_src_to_dst":{"matrix4x4":[0.9999574821082745,0.009215984152375322,0.00031561334447137435,8.003482631343404,-0.009216723520370926,0.9999545790584531,0.002427308711504318,-0.013230333400041623,-0.00029322897039795533,-0.002430114428390671,0.9999970042758308,0.07118722693437435,0.0,0.0,0.0,1.0]}}}},"objects":{"-1":{"object_data":{"bbox":[{"name":"box2D0","coordinate_system":"CAM_LEFT","val":[654.3199999999999,176.85999999999999,86.08,18.38]}],"cuboid":[{"name":"box3D","coordinate_system":"CAM_LEFT","val":[-10.0,499.0,-1.0,0,-1.0,0,-1000.0,-1000.0,-1000.0]}],"num":[{"name":"truncated","val":-1.0},{"name":"occluded","val":-1},{"name":"alpha","val":-10.0}]}},"-2":{}}},"6":{"frame_properties":{"transforms":{"vehicle-iso8855_to_odom":{"src":"vehicle-iso8855","dst":"odom","transform_src_to_dst":{"matrix4x4":[0.9999225501507494,0.012352496217550551,0.001519716163307209,9.687069675717051,-0.012357029425391582,0.9999191167645463,0.003010606681355704,-0.019355115569263562,-0.001482404736102972,-0.003029152687670299,0.9999943133389274,0.088402944145581,0.0,0.0,0.0,1.0]}}}},"objects":{"-1":{"object_data":{"bbox":[{"name":"box2D0","coordinate_system":"CAM_LEFT","val":[654.3199999999999,176.85999999999999,86.08,18.38]}],"cuboid":[{"name":"box3D","coordinate_system":"CAM_LEFT","val":[-10.0,499.0,-1.0,0,-1.0,0,-1000.0,-1000.0,-1000.0]}],"num":[{"name":"truncated","val":-1.0},{"name":"occluded","val":-1},{"name":"alpha","val":-10.0}]}},"-2":{}}},"7":{"frame_properties":{"transforms":{"vehicle-iso8855_to_odom":{"src":"vehicle-iso8855","dst":"odom","transform_src_to_dst":{"matrix4x4":[0.9998886108318944,0.014696157555037512,0.002605548268960235,11.215177610375926,-0.014701999714846984,0.9998894164954029,0.0022374058343039654,-0.03114088750042966,-0.002572378869645767,-0.0022754633814366346,0.9999941025492856,0.11785375238087835,0.0,0.0,0.0,1.0]}}}},"objects":{"-1":{"object_data":{"bbox":[{"name":"box2D0","coordinate_system":"CAM_LEFT","val":[649.0,172.995,83.18,20.31]}],"cuboid":[{"name":"box3D","coordinate_system":"CAM_LEFT","val":[-10.0,499.0,-1.0,0,-1.0,0,-1000.0,-1000.0,-1000.0]}],"num":[{"name":"truncated","val":-1.0},{"name":"occluded","val":-1},{"name":"alpha","val":-10.0}]}},"-2":{}}},"8":{"frame_properties":{"transforms":{"vehicle-iso8855_to_odom":{"src":"vehicle-iso8855","dst":"odom","transform_src_to_dst":{"matrix4x4":[0.9998577398174254,0.01654177542213666,0.003296936922859645,12.742304066738185,-0.016546955505467184,0.9998618881215143,0.001550143729186875,-0.046642600788734216,-0.0032708394472677343,-0.001604477474023841,0.9999933636086523,0.14981521113619833,0.0,0.0,0.0,1.0]}}}},"objects":{"-1":{"object_data":{"bbox":[{"name":"box2D0","coordinate_system":"CAM_LEFT","val":[649.0,172.995,83.18,20.31]}],"cuboid":[{"name":"box3D","coordinate_system":"CAM_LEFT","val":[-10.0,499.0,-1.0,0,-1.0,0,-1000.0,-1000.0,-1000.0]}],"num":[{"name":"truncated","val":-1.0},{"name":"occluded","val":-1},{"name":"alpha","val":-10.0}]}},"-2":{}}},"9":{"frame_properties":{"transforms":{"vehicle-iso8855_to_odom":{"src":"vehicle-iso8855","dst":"odom","transform_src_to_dst":{"matrix4x4":[0.9998246019583744,0.0184107530402856,0.003436494037157437,14.421466472444319,-0.01841173595067136,0.9998304572061569,0.0002546020610109324,-0.062082658821344665,-0.0034312239886885344,-0.00031782922511622416,0.9999940628256365,0.1883730750566405,0.0,0.0,0.0,1.0]}}}},"objects":{"-1":{"object_data":{"bbox":[{"name":"box2D0","coordinate_system":"CAM_LEFT","val":[644.6500000000001,174.44,91.88,21.28]}],"cuboid":[{"name":"box3D","coordinate_system":"CAM_LEFT","val":[-10.0,499.0,-1.0,0,-1.0,0,-1000.0,-1000.0,-1000.0]}],"num":[{"name":"truncated","val":-1.0},{"name":"occluded","val":-1},{"name":"alpha","val":-10.0}]}},"-2":{}}},"10":{"frame_properties":{"transforms":{"vehicle-iso8855_to_odom":{"src":"vehicle-iso8855","dst":"odom","transform_src_to_dst":{"matrix4x4":[0.9997917844959515,0.02013271359149909,0.003325883016999683,15.945357664057626,-0.020130888307565653,0.9997971840976156,-0.0005813832010269425,-0.08239412224030282,-0.0033369132965075567,0.0005143091684914597,0.9999943002316218,0.2170803486188252,0.0,0.0,0.0,1.0]}}}},"objects":{"-1":{"object_data":{"bbox":[{"name":"box2D0","coordinate_system":"CAM_LEFT","val":[644.6500000000001,174.44,91.88,21.28]}],"cuboid":[{"name":"box3D","coordinate_system":"CAM_LEFT","val":[-10.0,499.0,-1.0,0,-1.0,0,-1000.0,-1000.0,-1000.0]}],"num":[{"name":"truncated","val":-1.0},{"name":"occluded","val":-1},{"name":"alpha","val":-10.0}]}},"-2":{}}},"11":{"frame_properties":{"transforms":{"vehicle-iso8855_to_odom":{"src":"vehicle-iso8855","dst":"odom","transform_src_to_dst":{"matrix4x4":[0.9997534423477907,0.021868231909886487,0.0038516161384459617,17.468954100112395,-0.02186364559854235,0.9997602066991705,-0.0012288620642388745,-0.10440557819737945,-0.0038775655873046306,0.0011443487086608306,0.9999918274421793,0.24737522400573092,0.0,0.0,0.0,1.0]}}}},"objects":{"-1":{"object_data":{"bbox":[{"name":"box2D0","coordinate_system":"CAM_LEFT","val":[644.16,174.925,94.78,20.31]}],"cuboid":[{"name":"box3D","coordinate_system":"CAM_LEFT","val":[-10.0,499.0,-1.0,0,-1.0,0,-1000.0,-1000.0,-1000.0]}],"num":[{"name":"truncated","val":-1.0},{"name":"occluded","val":-1},{"name":"alpha","val":-10.0}]}},"-2":{}}},"12":{"frame_properties":{"transforms":{"vehicle-iso8855_to_odom":{"src":"vehicle-iso8855","dst":"odom","transform_src_to_dst":{"matrix4x4":[0.9997208832099118,0.023577742158807785,0.0014985822255047224,19.139903116154862,-0.023575722159815696,0.9997211403567202,-0.0013516095966926583,-0.1365539962809515,-0.0015300322339700894,0.0013159021815784548,0.9999979636993327,0.2763727824570231,0.0,0.0,0.0,1.0]}}}},"objects":{"-1":{"object_data":{"bbox":[{"name":"box2D0","coordinate_system":"CAM_LEFT","val":[644.16,174.925,94.78,20.31]}],"cuboid":[{"name":"box3D","coordinate_system":"CAM_LEFT","val":[-10.0,499.0,-1.0,0,-1.0,0,-1000.0,-1000.0,-1000.0]}],"num":[{"name":"truncated","val":-1.0},{"name":"occluded","val":-1},{"name":"alpha","val":-10.0}]}},"-2":{}}},"13":{"frame_properties":{"transforms":{"vehicle-iso8855_to_odom":{"src":"vehicle-iso8855","dst":"odom","transform_src_to_dst":{"matrix4x4":[0.999680234177693,0.025255760578489935,0.001255369281927258,20.655297694593102,-0.025255320993072226,0.9996809669522636,-0.0003647943586354668,-0.17217079428681312,-0.0012641819366212977,0.0003329729556874984,0.999999145486156,0.32442439165218756,0.0,0.0,0.0,1.0]}}}},"objects":{"-1":{"object_data":{"bbox":[{"name":"box2D0","coordinate_system":"CAM_LEFT","val":[639.3249999999999,176.37,100.59,23.2]}],"cuboid":[{"name":"box3D","coordinate_system":"CAM_LEFT","val":[-10.0,499.0,-1.0,0,-1.0,0,-1000.0,-1000.0,-1000.0]}],"num":[{"name":"truncated","val":-1.0},{"name":"occluded","val":-1},{"name":"alpha","val":-10.0}]}},"-2":{}}},"14":{"frame_properties":{"transforms":{"vehicle-iso8855_to_odom":{"src":"vehicle-iso8855","dst":"odom","transform_src_to_dst":{"matrix4x4":[0.9996297567966869,0.027062569128530174,0.002822530559641786,22.320268348183056,-0.027064934132526218,0.9996333549773514,0.000803092228318956,-0.2125788872562335,-0.0027997619539153556,-0.0008791864925635342,0.9999956941727863,0.36317711870566133,0.0,0.0,0.0,1.0]}}}},"objects":{"-1":{"object_data":{"bbox":[{"name":"box2D0","coordinate_system":"CAM_LEFT","val":[639.3249999999999,176.37,100.59,23.2]}],"cuboid":[{"name":"box3D","coordinate_system":"CAM_LEFT","val":[-10.0,499.0,-1.0,0,-1.0,0,-1000.0,-1000.0,-1000.0]}],"num":[{"name":"truncated","val":-1.0},{"name":"occluded","val":-1},{"name":"alpha","val":-10.0}]}},"-2":{}}},"15":{"frame_properties":{"transforms":{"vehicle-iso8855_to_odom":{"src":"vehicle-iso8855","dst":"odom","transform_src_to_dst":{"matrix4x4":[0.9995943940361056,0.028304841093216848,0.003143784706126496,23.82997095677994,-0.028307177039752014,0.9995990257496947,0.0007010337380698815,-0.2519510939064433,-0.003122681480853787,-0.0007897410648560098,0.9999948125712552,0.39612520610726615,0.0,0.0,0.0,1.0]}}}},"objects":{"-1":{"object_data":{"bbox":[{"name":"box2D0","coordinate_system":"CAM_LEFT","val":[650.925,174.925,81.25,18.37]},{"name":"box2D1","coordinate_system":"CAM_LEFT","val":[594.8349999999999,178.795,19.35,16.45]}],"cuboid":[{"name":"box3D","coordinate_system":"CAM_LEFT","val":[-10.0,499.0,-1.0,0,-1.0,0,-1000.0,-1000.0,-1000.0]}],"num":[{"name":"truncated","val":-1.0},{"name":"occluded","val":-1},{"name":"alpha","val":-10.0}]}},"-2":{}}},"16":{"frame_properties":{"transforms":{"vehicle-iso8855_to_odom":{"src":"vehicle-iso8855","dst":"odom","transform_src_to_dst":{"matrix4x4":[0.9995671977784529,0.029382526230424394,0.0014437027564307182,25.334190570746284,-0.02938332187517714,0.999568074860356,0.0005330248975668443,-0.29142183878662636,-0.0014274175668818152,-0.0005752149859913177,0.9999988158027037,0.4238826802673696,0.0,0.0,0.0,1.0]}}}},"objects":{"-1":{"object_data":{"bbox":[{"name":"box2D0","coordinate_system":"CAM_LEFT","val":[650.925,174.925,81.25,18.37]},{"name":"box2D1","coordinate_system":"CAM_LEFT","val":[594.8349999999999,178.795,19.35,16.45]}],"cuboid":[{"name":"box3D","coordinate_system":"CAM_LEFT","val":[-10.0,499.0,-1.0,0,-1.0,0,-1000.0,-1000.0,-1000.0]}],"num":[{"name":"truncated","val":-1.0},{"name":"occluded","val":-1},{"name":"alpha","val":-10.0}]}},"-2":{}}},"17":{"frame_properties":{"transforms":{"vehicle-iso8855_to_odom":{"src":"vehicle-iso8855","dst":"odom","transform_src_to_dst":{"matrix4x4":[0.9995355471447976,0.030456866453665042,-0.0010340598499473984,26.983734638027155,-0.030456893150847302,0.9995360811686864,-1.0076871710232414e-05,-0.33743508691526786,0.0010332732201743515,4.1566441839839816e-05,0.9999994653091989,0.4602933093760423,0.0,0.0,0.0,1.0]}}}},"objects":{"-1":{"object_data":{"bbox":[{"name":"box2D0","coordinate_system":"CAM_LEFT","val":[587.095,179.755,21.27,18.37]},{"name":"box2D1","coordinate_system":"CAM_LEFT","val":[649.0,177.825,81.24,20.31]}],"cuboid":[{"name":"box3D","coordinate_system":"CAM_LEFT","val":[-10.0,499.0,-1.0,0,-1.0,0,-1000.0,-1000.0,-1000.0]}],"num":[{"name":"truncated","val":-1.0},{"name":"occluded","val":-1},{"name":"alpha","val":-10.0}]}},"-2":{}}},"18":{"frame_properties":{"transforms":{"vehicle-iso8855_to_odom":{"src":"vehicle-iso8855","dst":"odom","transform_src_to_dst":{"matrix4x4":[0.9995069020808852,0.03137378521466855,-0.0012799585833934814,28.483535689295422,-0.03137444844755266,0.9995075750418203,-0.0005014166254257076,-0.38147871771230224,0.001263596962332415,0.0005413273725207909,0.9999990551432502,0.4956543091035504,0.0,0.0,0.0,1.0]}}}},"objects":{"-1":{"object_data":{"bbox":[{"name":"box2D0","coordinate_system":"CAM_LEFT","val":[587.095,179.755,21.27,18.37]},{"name":"box2D1","coordinate_system":"CAM_LEFT","val":[649.0,177.825,81.24,20.31]}],"cuboid":[{"name":"box3D","coordinate_system":"CAM_LEFT","val":[-10.0,499.0,-1.0,0,-1.0,0,-1000.0,-1000.0,-1000.0]}],"num":[{"name":"truncated","val":-1.0},{"name":"occluded","val":-1},{"name":"alpha","val":-10.0}]}},"-2":{}}},"19":{"frame_properties":{"transforms":{"vehicle-iso8855_to_odom":{"src":"vehicle-iso8855","dst":"odom","transform_src_to_dst":{"matrix4x4":[0.9994850380768742,0.032087288496627044,0.0002541208432606213,30.13406870322392,-0.032087242004824386,0.9994850547601402,-0.00018496389869917786,-0.41684310687694176,-0.00025992497492106047,0.0001767146123380427,0.9999999506054755,0.5382803220071457,0.0,0.0,0.0,1.0]}}}},"objects":{"-1":{"object_data":{"bbox":[{"name":"box2D0","coordinate_system":"CAM_LEFT","val":[649.0,177.825,81.24,20.31]},{"name":"box2D1","coordinate_system":"CAM_LEFT","val":[583.7149999999999,179.755,26.11,18.37]}],"cuboid":[{"name":"box3D","coordinate_system":"CAM_LEFT","val":[-10.0,499.0,-1.0,0,-1.0,0,-1000.0,-1000.0,-1000.0]}],"num":[{"name":"truncated","val":-1.0},{"name":"occluded","val":-1},{"name":"alpha","val":-10.0}]}},"-2":{}}},"20":{"frame_properties":{"transforms":{"vehicle-iso8855_to_odom":{"src":"vehicle-iso8855","dst":"odom","transform_src_to_dst":{"matrix4x4":[0.9994533447974424,0.03293980683672832,0.002825013055416251,31.631299110952074,-0.03293825651228797,0.9994572121519558,-0.0005935784455422781,-0.4455861661557524,-0.002843032031997815,0.0005002029581270493,0.999995833474253,0.562827628737586,0.0,0.0,0.0,1.0]}}}},"objects":{"-1":{"object_data":{"bbox":[{"name":"box2D0","coordinate_system":"CAM_LEFT","val":[649.0,177.825,81.24,20.31]},{"name":"box2D1","coordinate_system":"CAM_LEFT","val":[580.8149999999999,180.725,26.11,18.37]}],"cuboid":[{"name":"box3D","coordinate_system":"CAM_LEFT","val":[-10.0,499.0,-1.0,0,-1.0,0,-1000.0,-1000.0,-1000.0]}],"num":[{"name":"truncated","val":-1.0},{"name":"occluded","val":-1},{"name":"alpha","val":-10.0}]}},"-2":{}}},"21":{"frame_properties":{"transforms":{"vehicle-iso8855_to_odom":{"src":"vehicle-iso8855","dst":"odom","transform_src_to_dst":{"matrix4x4":[0.9994123231678657,0.03397532527742712,0.004548139455055696,33.12188461807601,-0.03397229304570788,0.9994224993772025,-0.0007423232736064407,-0.48034019288414426,-0.004570733576369614,0.0005873763010366894,0.9999893816354527,0.5866614326503028,0.0,0.0,0.0,1.0]}}}},"objects":{"-1":{"object_data":{"bbox":[{"name":"box2D0","coordinate_system":"CAM_LEFT","val":[649.0,177.825,81.24,20.31]},{"name":"box2D1","coordinate_system":"CAM_LEFT","val":[580.8149999999999,180.725,26.11,18.37]}],"cuboid":[{"name":"box3D","coordinate_system":"CAM_LEFT","val":[-10.0,499.0,-1.0,0,-1.0,0,-1000.0,-1000.0,-1000.0]}],"num":[{"name":"truncated","val":-1.0},{"name":"occluded","val":-1},{"name":"alpha","val":-10.0}]}},"-2":{}}},"22":{"frame_properties":{"transforms":{"vehicle-iso8855_to_odom":{"src":"vehicle-iso8855","dst":"odom","transform_src_to_dst":{"matrix4x4":[0.9993872408404281,0.034785683177905674,0.003885754907667298,34.75882630755389,-0.03478057263317004,0.9993940267735012,-0.0013751424491132982,-0.5121693663284481,-0.003931235513787863,0.0012391510371810705,0.9999915049099379,0.6087866663393059,0.0,0.0,0.0,1.0]}}}},"objects":{"-1":{"object_data":{"bbox":[{"name":"box2D0","coordinate_system":"CAM_LEFT","val":[649.0,177.825,81.24,20.31]},{"name":"box2D1","coordinate_system":"CAM_LEFT","val":[571.62,180.245,29.0,21.27]}],"cuboid":[{"name":"box3D","coordinate_system":"CAM_LEFT","val":[-10.0,499.0,-1.0,0,-1.0,0,-1000.0,-1000.0,-1000.0]}],"num":[{"name":"truncated","val":-1.0},{"name":"occluded","val":-1},{"name":"alpha","val":-10.0}]}},"-2":{}}},"23":{"frame_properties":{"transforms":{"vehicle-iso8855_to_odom":{"src":"vehicle-iso8855","dst":"odom","transform_src_to_dst":{"matrix4x4":[0.999363057695245,0.03558360767755243,0.0026992181572953735,36.23645171526175,-0.03557771516589896,0.9993644899779689,-0.0022005350823167125,-0.5496123588779618,-0.0027758057541546147,0.0021031014536588206,0.9999939359149589,0.6223022903422033,0.0,0.0,0.0,1.0]}}}},"objects":{"-1":{"object_data":{"bbox":[{"name":"box2D0","coordinate_system":"CAM_LEFT","val":[649.0,177.825,81.24,20.31]},{"name":"box2D1","coordinate_system":"CAM_LEFT","val":[571.62,180.245,29.0,21.27]}],"cuboid":[{"name":"box3D","coordinate_system":"CAM_LEFT","val":[-10.0,499.0,-1.0,0,-1.0,0,-1000.0,-1000.0,-1000.0]}],"num":[{"name":"truncated","val":-1.0},{"name":"occluded","val":-1},{"name":"alpha","val":-10.0}]}},"-2":{}}},"24":{"frame_properties":{"transforms":{"vehicle-iso8855_to_odom":{"src":"vehicle-iso8855","dst":"odom","transform_src_to_dst":{"matrix4x4":[0.9993394548147896,0.03631326461069881,0.0014145189258285018,37.71314057150704,-0.036311156378066874,0.9993394237534353,-0.001488641877576724,-0.5884326546956464,-0.0014676419746367988,0.0014362957444364983,0.999997891538562,0.6412188772778863,0.0,0.0,0.0,1.0]}}}},"objects":{"-1":{"object_data":{"bbox":[{"name":"box2D0","coordinate_system":"CAM_LEFT","val":[649.0,177.825,81.24,20.31]},{"name":"box2D1","coordinate_system":"CAM_LEFT","val":[564.365,185.07999999999998,33.85,21.28]}],"cuboid":[{"name":"box3D","coordinate_system":"CAM_LEFT","val":[-10.0,499.0,-1.0,0,-1.0,0,-1000.0,-1000.0,-1000.0]}],"num":[{"name":"truncated","val":-1.0},{"name":"occluded","val":-1},{"name":"alpha","val":-10.0}]}},"-2":{}}},"25":{"frame_properties":{"transforms":{"vehicle-iso8855_to_odom":{"src":"vehicle-iso8855","dst":"odom","transform_src_to_dst":{"matrix4x4":[0.9993008265212183,0.03738753794259166,-0.00017355287658788937,39.33097830962641,-0.03738770960485771,0.9993002049255779,-0.0011223217901855495,-0.6376821609654225,0.00013147057662533807,0.001128025837106166,0.9999993551363913,0.6669242750780484,0.0,0.0,0.0,1.0]}}}},"objects":{"-1":{"object_data":{"bbox":[{"name":"box2D0","coordinate_system":"CAM_LEFT","val":[656.255,177.34,97.69,23.2]}],"cuboid":[{"name":"box3D","coordinate_system":"CAM_LEFT","val":[-10.0,499.0,-1.0,0,-1.0,0,-1000.0,-1000.0,-1000.0]}],"num":[{"name":"truncated","val":-1.0},{"name":"occluded","val":-1},{"name":"alpha","val":-10.0}]}},"0":{"object_data":{"bbox":[{"name":"box2D","coordinate_system":"CAM_LEFT","val":[560.56,183.335,29.02,19.25]}],"cuboid":[{"name":"box3D","coordinate_system":"CAM_LEFT","val":[-3.09,0.13,55.54,0,1.63,0,3.61,1.42,1.77]}],"num":[{"name":"truncated","val":0.0},{"name":"occluded","val":0},{"name":"alpha","val":1.69}]}},"-2":{}}},"26":{"frame_properties":{"transforms":{"vehicle-iso8855_to_odom":{"src":"vehicle-iso8855","dst":"odom","transform_src_to_dst":{"matrix4x4":[0.9992254157105102,0.03933312421630224,-0.001214058294694911,40.79425206462465,-0.039332457313331674,0.9992260178377443,0.0005683993479806658,-0.6775268126630392,0.0012354755573894681,-0.0005202071787235435,0.9999991014919156,0.6827083376713817,0.0,0.0,0.0,1.0]}}}},"objects":{"-1":{"object_data":{"bbox":[{"name":"box2D0","coordinate_system":"CAM_LEFT","val":[656.255,177.34,97.69,23.2]}],"cuboid":[{"name":"box3D","coordinate_system":"CAM_LEFT","val":[-10.0,499.0,-1.0,0,-1.0,0,-1000.0,-1000.0,-1000.0]}],"num":[{"name":"truncated","val":-1.0},{"name":"occluded","val":-1},{"name":"alpha","val":-10.0}]}},"0":{"object_data":{"bbox":[{"name":"box2D","coordinate_system":"CAM_LEFT","val":[554.895,185.06,32.97,20.46]}],"cuboid":[{"name":"box3D","coordinate_system":"CAM_LEFT","val":[-3.32,0.24,52.33,0,1.67,0,3.61,1.42,1.77]}],"num":[{"name":"truncated","val":0.0},{"name":"occluded","val":0},{"name":"alpha","val":1.74}]}},"-2":{}}},"27":{"frame_properties":{"transforms":{"vehicle-iso8855_to_odom":{"src":"vehicle-iso8855","dst":"odom","transform_src_to_dst":{"matrix4x4":[0.9991101542340118,0.04215612160890514,-0.001327070979333004,42.399224689450804,-0.04215388478600315,0.999109733162164,0.0016706579774378595,-0.7330554913786611,0.0013963179929124053,-0.0016132301523445712,0.9999977238896789,0.7104558253363706,0.0,0.0,0.0,1.0]}}}},"objects":{"-1":{"object_data":{"bbox":[{"name":"box2D0","coordinate_system":"CAM_LEFT","val":[656.255,177.34,97.69,23.2]}],"cuboid":[{"name":"box3D","coordinate_system":"CAM_LEFT","val":[-10.0,499.0,-1.0,0,-1.0,0,-1000.0,-1000.0,-1000.0]}],"num":[{"name":"truncated","val":-1.0},{"name":"occluded","val":-1},{"name":"alpha","val":-10.0}]}},"0":{"object_data":{"bbox":[{"name":"box2D","coordinate_system":"CAM_LEFT","val":[548.6899999999999,185.745,35.3,21.95]}],"cuboid":[{"name":"box3D","coordinate_system":"CAM_LEFT","val":[-3.52,0.27,48.89,0,1.66,0,3.61,1.42,1.77]}],"num":[{"name":"truncated","val":0.0},{"name":"occluded","val":0},{"name":"alpha","val":1.74}]}},"-2":{}}},"28":{"frame_properties":{"transforms":{"vehicle-iso8855_to_odom":{"src":"vehicle-iso8855","dst":"odom","transform_src_to_dst":{"matrix4x4":[0.9990150647041278,0.044359839035175486,-0.0010512730288142033,43.84584894948652,-0.04435754763062813,0.9990134891809496,0.002111019351262211,-0.797109023649575,0.0011438804152196283,-0.002062308240344446,0.9999972192072925,0.7455118381165444,0.0,0.0,0.0,1.0]}}}},"objects":{"-1":{"object_data":{"bbox":[{"name":"box2D0","coordinate_system":"CAM_LEFT","val":[650.9300000000001,178.305,98.64,27.07]}],"cuboid":[{"name":"box3D","coordinate_system":"CAM_LEFT","val":[-10.0,499.0,-1.0,0,-1.0,0,-1000.0,-1000.0,-1000.0]}],"num":[{"name":"truncated","val":-1.0},{"name":"occluded","val":-1},{"name":"alpha","val":-10.0}]}},"0":{"object_data":{"bbox":[{"name":"box2D","coordinate_system":"CAM_LEFT","val":[541.54,186.53,38.04,23.68]}],"cuboid":[{"name":"box3D","coordinate_system":"CAM_LEFT","val":[-3.73,0.3,45.46,0,1.66,0,3.61,1.42,1.77]}],"num":[{"name":"truncated","val":0.0},{"name":"occluded","val":0},{"name":"alpha","val":1.74}]}},"-2":{}}},"29":{"frame_properties":{"transforms":{"vehicle-iso8855_to_odom":{"src":"vehicle-iso8855","dst":"odom","transform_src_to_dst":{"matrix4x4":[0.9989443256002466,0.045937107116118904,-0.00012861131442970178,45.28946590507817,-0.04593670235642036,0.9989418205927995,0.002249099233354571,-0.8657101872189101,0.00023179233298263144,-0.0022408169372007914,0.9999974625026647,0.7853922243997828,0.0,0.0,0.0,1.0]}}}},"objects":{"-1":{"object_data":{"bbox":[{"name":"box2D0","coordinate_system":"CAM_LEFT","val":[650.9300000000001,178.305,98.64,27.07]}],"cuboid":[{"name":"box3D","coordinate_system":"CAM_LEFT","val":[-10.0,499.0,-1.0,0,-1.0,0,-1000.0,-1000.0,-1000.0]}],"num":[{"name":"truncated","val":-1.0},{"name":"occluded","val":-1},{"name":"alpha","val":-10.0}]}},"0":{"object_data":{"bbox":[{"name":"box2D","coordinate_system":"CAM_LEFT","val":[533.2049999999999,187.46,41.35,25.7]}],"cuboid":[{"name":"box3D","coordinate_system":"CAM_LEFT","val":[-3.93,0.32,42.03,0,1.65,0,3.61,1.42,1.77]}],"num":[{"name":"truncated","val":0.0},{"name":"occluded","val":0},{"name":"alpha","val":1.74}]}},"-2":{}}},"30":{"frame_properties":{"transforms":{"vehicle-iso8855_to_odom":{"src":"vehicle-iso8855","dst":"odom","transform_src_to_dst":{"matrix4x4":[0.9988489250138005,0.04795748575995186,0.0009510827301314354,46.87236568934519,-0.0479598035822084,0.9988459195448413,0.0025857782149124957,-0.9437881446782577,-0.0008259776822212837,-0.002628415531216988,0.9999962045891293,0.8288735441043458,0.0,0.0,0.0,1.0]}}}},"objects":{"-1":{"object_data":{"bbox":[{"name":"box2D0","coordinate_system":"CAM_LEFT","val":[650.9300000000001,178.305,98.64,27.07]}],"cuboid":[{"name":"box3D","coordinate_system":"CAM_LEFT","val":[-10.0,499.0,-1.0,0,-1.0,0,-1000.0,-1000.0,-1000.0]}],"num":[{"name":"truncated","val":-1.0},{"name":"occluded","val":-1},{"name":"alpha","val":-10.0}]}},"0":{"object_data":{"bbox":[{"name":"box2D","coordinate_system":"CAM_LEFT","val":[523.38,188.55499999999998,45.38,28.09]}],"cuboid":[{"name":"box3D","coordinate_system":"CAM_LEFT","val":[-4.13,0.35,38.59,0,1.64,0,3.61,1.42,1.77]}],"num":[{"name":"truncated","val":0.0},{"name":"occluded","val":0},{"name":"alpha","val":1.75}]}},"-2":{}}},"31":{"frame_properties":{"transforms":{"vehicle-iso8855_to_odom":{"src":"vehicle-iso8855","dst":"odom","transform_src_to_dst":{"matrix4x4":[0.9987309937525777,0.050318483525350795,0.0021100553778600744,48.30887710903584,-0.050323838326033696,0.9987296554324441,0.0025664481150022797,-1.0152249916800151,-0.0019782351032801666,-0.0026693773620050476,0.9999944804899554,0.8617768727779981,0.0,0.0,0.0,1.0]}}}},"objects":{"-1":{"object_data":{"bbox":[{"name":"box2D0","coordinate_system":"CAM_LEFT","val":[650.9300000000001,178.305,98.64,27.07]}],"cuboid":[{"name":"box3D","coordinate_system":"CAM_LEFT","val":[-10.0,499.0,-1.0,0,-1.0,0,-1000.0,-1000.0,-1000.0]}],"num":[{"name":"truncated","val":-1.0},{"name":"occluded","val":-1},{"name":"alpha","val":-10.0}]}},"0":{"object_data":{"bbox":[{"name":"box2D","coordinate_system":"CAM_LEFT","val":[511.61,189.88,50.4,30.98]}],"cuboid":[{"name":"box3D","coordinate_system":"CAM_LEFT","val":[-4.33,0.38,35.15,0,1.63,0,3.61,1.42,1.77]}],"num":[{"name":"truncated","val":0.0},{"name":"occluded","val":0},{"name":"alpha","val":1.76}]}},"-2":{}}},"32":{"frame_properties":{"transforms":{"vehicle-iso8855_to_odom":{"src":"vehicle-iso8855","dst":"odom","transform_src_to_dst":{"matrix4x4":[0.9985889302556088,0.05302041652094833,0.0029972992683191813,49.74254424940855,-0.05302930358998905,0.9985885469920905,0.002967621435780648,-1.088534056518623,-0.0028357241966497256,-0.0031223786078095604,0.9999911046704917,0.8916330811321965,0.0,0.0,0.0,1.0]}}}},"objects":{"-1":{"object_data":{"bbox":[{"name":"box2D0","coordinate_system":"CAM_LEFT","val":[645.615,175.405,97.69,25.13]}],"cuboid":[{"name":"box3D","coordinate_system":"CAM_LEFT","val":[-10.0,499.0,-1.0,0,-1.0,0,-1000.0,-1000.0,-1000.0]}],"num":[{"name":"truncated","val":-1.0},{"name":"occluded","val":-1},{"name":"alpha","val":-10.0}]}},"0":{"object_data":{"bbox":[{"name":"box2D","coordinate_system":"CAM_LEFT","val":[498.93,192.535,56.92,34.51]}],"cuboid":[{"name":"box3D","coordinate_system":"CAM_LEFT","val":[-4.46,0.44,31.75,0,1.63,0,3.61,1.42,1.77]}],"num":[{"name":"truncated","val":0.0},{"name":"occluded","val":0},{"name":"alpha","val":1.77}]}},"-2":{}}},"33":{"frame_properties":{"transforms":{"vehicle-iso8855_to_odom":{"src":"vehicle-iso8855","dst":"odom","transform_src_to_dst":{"matrix4x4":[0.9984359889965163,0.05585427400567153,0.002424036271875561,51.307291654342585,-0.05586132748750632,0.9984341885121261,0.0029467442146182436,-1.1784602364894958,-0.002255652429246118,-0.003077545358266963,0.9999927203468465,0.9221106029066521,0.0,0.0,0.0,1.0]}}}},"objects":{"-1":{"object_data":{"bbox":[{"name":"box2D0","coordinate_system":"CAM_LEFT","val":[645.615,175.405,97.69,25.13]}],"cuboid":[{"name":"box3D","coordinate_system":"CAM_LEFT","val":[-10.0,499.0,-1.0,0,-1.0,0,-1000.0,-1000.0,-1000.0]}],"num":[{"name":"truncated","val":-1.0},{"name":"occluded","val":-1},{"name":"alpha","val":-10.0}]}},"0":{"object_data":{"bbox":[{"name":"box2D","coordinate_system":"CAM_LEFT","val":[483.14,195.87,65.42,38.94]}],"cuboid":[{"name":"box3D","coordinate_system":"CAM_LEFT","val":[-4.59,0.52,28.34,0,1.62,0,3.61,1.42,1.77]}],"num":[{"name":"truncated","val":0.0},{"name":"occluded","val":0},{"name":"alpha","val":1.79}]}},"-2":{}}},"34":{"frame_properties":{"transforms":{"vehicle-iso8855_to_odom":{"src":"vehicle-iso8855","dst":"odom","transform_src_to_dst":{"matrix4x4":[0.9983135183448418,0.05802859982898161,0.0016735267643587426,52.73083305215651,-0.058033707408703984,0.9983095446690475,0.0031846235382180024,-1.2565562081927653,-0.001485898497213235,-0.003276373691625636,0.9999935287196057,0.9463185983555595,0.0,0.0,0.0,1.0]}}}},"objects":{"-1":{"object_data":{"bbox":[{"name":"box2D0","coordinate_system":"CAM_LEFT","val":[645.615,175.405,97.69,25.13]}],"cuboid":[{"name":"box3D","coordinate_system":"CAM_LEFT","val":[-10.0,499.0,-1.0,0,-1.0,0,-1000.0,-1000.0,-1000.0]}],"num":[{"name":"truncated","val":-1.0},{"name":"occluded","val":-1},{"name":"alpha","val":-10.0}]}},"0":{"object_data":{"bbox":[{"name":"box2D","coordinate_system":"CAM_LEFT","val":[462.925,200.19,76.87,44.66]}],"cuboid":[{"name":"box3D","coordinate_system":"CAM_LEFT","val":[-4.72,0.59,24.93,0,1.62,0,3.61,1.42,1.77]}],"num":[{"name":"truncated","val":0.0},{"name":"occluded","val":0},{"name":"alpha","val":1.81}]}},"-2":{}}},"35":{"frame_properties":{"transforms":{"vehicle-iso8855_to_odom":{"src":"vehicle-iso8855","dst":"odom","transform_src_to_dst":{"matrix4x4":[0.9981889036235956,0.06014926179290001,0.0009894384735595414,54.2891908502716,-0.060151232810816725,0.9981870658771879,0.0021001682860936908,-1.356202419934104,-0.0008613211147390138,-0.002155880622895972,0.9999973051487074,0.968574524675774,0.0,0.0,0.0,1.0]}}}},"objects":{"-1":{"object_data":{"bbox":[{"name":"box2D0","coordinate_system":"CAM_LEFT","val":[647.06,177.34,106.38,25.14]}],"cuboid":[{"name":"box3D","coordinate_system":"CAM_LEFT","val":[-10.0,499.0,-1.0,0,-1.0,0,-1000.0,-1000.0,-1000.0]}],"num":[{"name":"truncated","val":-1.0},{"name":"occluded","val":-1},{"name":"alpha","val":-10.0}]}},"0":{"object_data":{"bbox":[{"name":"box2D","coordinate_system":"CAM_LEFT","val":[436.09999999999997,205.94,93.04,52.5]}],"cuboid":[{"name":"box3D","coordinate_system":"CAM_LEFT","val":[-4.84,0.67,21.52,0,1.61,0,3.61,1.42,1.77]}],"num":[{"name":"truncated","val":0.0},{"name":"occluded","val":0},{"name":"alpha","val":1.84}]}},"-2":{}}},"36":{"frame_properties":{"transforms":{"vehicle-iso8855_to_odom":{"src":"vehicle-iso8855","dst":"odom","transform_src_to_dst":{"matrix4x4":[0.9980876613636225,0.06181245175306339,0.0004909602528970755,55.706941452532284,-0.06181310918628268,0.9980866719761994,0.0014610804902670538,-1.4459995582434395,-0.0003997079175746709,-0.0014886341893130858,0.9999988121002099,0.9854440808810864,0.0,0.0,0.0,1.0]}}}},"objects":{"-1":{"object_data":{"bbox":[{"name":"box2D0","coordinate_system":"CAM_LEFT","val":[647.06,177.34,106.38,25.14]}],"cuboid":[{"name":"box3D","coordinate_system":"CAM_LEFT","val":[-10.0,499.0,-1.0,0,-1.0,0,-1000.0,-1000.0,-1000.0]}],"num":[{"name":"truncated","val":-1.0},{"name":"occluded","val":-1},{"name":"alpha","val":-10.0}]}},"0":{"object_data":{"bbox":[{"name":"box2D","coordinate_system":"CAM_LEFT","val":[398.77,213.92499999999998,117.38,63.95]}],"cuboid":[{"name":"box3D","coordinate_system":"CAM_LEFT","val":[-4.99,0.74,18.1,0,1.61,0,3.61,1.42,1.77]}],"num":[{"name":"truncated","val":0.0},{"name":"occluded","val":0},{"name":"alpha","val":1.88}]}},"-2":{}}},"37":{"frame_properties":{"transforms":{"vehicle-iso8855_to_odom":{"src":"vehicle-iso8855","dst":"odom","transform_src_to_dst":{"matrix4x4":[0.997995560165969,0.06328324160429279,-0.00030532125100927847,57.12388052864238,-0.06328251024796423,0.9979936570240358,0.0019961053348633634,-1.5373959857474238,0.0004310286880356724,-0.00197278276662132,0.9999979611691346,1.0027080037927658,0.0,0.0,0.0,1.0]}}}},"objects":{"-1":{"object_data":{"bbox":[{"name":"box2D0","coordinate_system":"CAM_LEFT","val":[647.06,177.34,106.38,25.14]}],"cuboid":[{"name":"box3D","coordinate_system":"CAM_LEFT","val":[-10.0,499.0,-1.0,0,-1.0,0,-1000.0,-1000.0,-1000.0]}],"num":[{"name":"truncated","val":-1.0},{"name":"occluded","val":-1},{"name":"alpha","val":-10.0}]}},"0":{"object_data":{"bbox":[{"name":"box2D","coordinate_system":"CAM_LEFT","val":[347.83,224.18,155.12,80.82]}],"cuboid":[{"name":"box3D","coordinate_system":"CAM_LEFT","val":[-5.05,0.78,14.78,0,1.6,0,3.61,1.42,1.77]}],"num":[{"name":"truncated","val":0.0},{"name":"occluded","val":0},{"name":"alpha","val":1.93}]}},"-2":{}}},"38":{"frame_properties":{"transforms":{"vehicle-iso8855_to_odom":{"src":"vehicle-iso8855","dst":"odom","transform_src_to_dst":{"matrix4x4":[0.9978743811494974,0.065153469734391,-0.001320919027398779,58.68165866038432,-0.06514994660271252,0.9978722152917325,0.00255468323560129,-1.6381600367484839,0.0014845548729631175,-0.0024631951486570832,0.9999958643746929,1.0216779225005153,0.0,0.0,0.0,1.0]}}}},"objects":{"-1":{"object_data":{"bbox":[{"name":"box2D0","coordinate_system":"CAM_LEFT","val":[647.06,177.34,106.38,25.14]}],"cuboid":[{"name":"box3D","coordinate_system":"CAM_LEFT","val":[-10.0,499.0,-1.0,0,-1.0,0,-1000.0,-1000.0,-1000.0]}],"num":[{"name":"truncated","val":-1.0},{"name":"occluded","val":-1},{"name":"alpha","val":-10.0}]}},"0":{"object_data":{"bbox":[{"name":"box2D","coordinate_system":"CAM_LEFT","val":[264.78499999999997,241.33999999999997,224.87,109.66]}],"cuboid":[{"name":"box3D","coordinate_system":"CAM_LEFT","val":[-5.12,0.82,11.45,0,1.6,0,3.61,1.42,1.77]}],"num":[{"name":"truncated","val":0.0},{"name":"occluded","val":0},{"name":"alpha","val":2.02}]}},"-2":{}}},"39":{"frame_properties":{"transforms":{"vehicle-iso8855_to_odom":{"src":"vehicle-iso8855","dst":"odom","transform_src_to_dst":{"matrix4x4":[0.9977537517876881,0.06694695863547587,-0.002357015708862183,60.09129891526954,-0.06693818877215808,0.9977505517989572,0.00362150090150479,-1.727801817659416,0.002594162195167424,-0.0034555917491201245,0.9999906645605093,1.0246890457646065,0.0,0.0,0.0,1.0]}}}},"objects":{"-1":{"object_data":{"bbox":[{"name":"box2D0","coordinate_system":"CAM_LEFT","val":[638.36,180.72500000000002,98.66,28.03]}],"cuboid":[{"name":"box3D","coordinate_system":"CAM_LEFT","val":[-10.0,499.0,-1.0,0,-1.0,0,-1000.0,-1000.0,-1000.0]}],"num":[{"name":"truncated","val":-1.0},{"name":"occluded","val":-1},{"name":"alpha","val":-10.0}]}},"0":{"object_data":{"bbox":[{"name":"box2D","coordinate_system":"CAM_LEFT","val":[152.43,273.43,304.86,165.42]}],"cuboid":[{"name":"box3D","coordinate_system":"CAM_LEFT","val":[-5.14,0.85,8.27,0,1.59,0,3.61,1.42,1.77]}],"num":[{"name":"truncated","val":0.0},{"name":"occluded","val":0},{"name":"alpha","val":2.14}]}},"-2":{}}},"40":{"frame_properties":{"transforms":{"vehicle-iso8855_to_odom":{"src":"vehicle-iso8855","dst":"odom","transform_src_to_dst":{"matrix4x4":[0.9976279785680523,0.06882485263401711,-0.001247412573098919,61.64524488890839,-0.06881906882865138,0.9976203065515998,0.004202347135777482,-1.823254180218124,0.001533670035908132,-0.004106533306581106,0.9999903920740555,1.0372760592631132,0.0,0.0,0.0,1.0]}}}},"objects":{"-1":{"object_data":{"bbox":[{"name":"box2D0","coordinate_system":"CAM_LEFT","val":[638.36,180.72500000000002,98.66,28.03]}],"cuboid":[{"name":"box3D","coordinate_system":"CAM_LEFT","val":[-10.0,499.0,-1.0,0,-1.0,0,-1000.0,-1000.0,-1000.0]}],"num":[{"name":"truncated","val":-1.0},{"name":"occluded","val":-1},{"name":"alpha","val":-10.0}]}},"0":{"object_data":{"bbox":[{"name":"box2D","coordinate_system":"CAM_LEFT","val":[82.945,285.905,165.89,174.19]}],"cuboid":[{"name":"box3D","coordinate_system":"CAM_LEFT","val":[-5.15,0.89,5.09,0,1.59,0,3.61,1.42,1.77]}],"num":[{"name":"truncated","val":2.0},{"name":"occluded","val":0},{"name":"alpha","val":2.36}]}},"-2":{}}},"41":{"frame_properties":{"transforms":{"vehicle-iso8855_to_odom":{"src":"vehicle-iso8855","dst":"odom","transform_src_to_dst":{"matrix4x4":[0.9975306478671254,0.07022847047082037,0.0007539901337403334,63.05551193288389,-0.07023064587036919,0.9975249579285608,0.0034080331943063765,-1.9135931536281376,-0.0005127830178879656,-0.003452570774341575,0.9999939083857586,1.0434205886567438,0.0,0.0,0.0,1.0]}}}},"objects":{"-1":{"object_data":{"bbox":[{"name":"box2D0","coordinate_system":"CAM_LEFT","val":[638.36,180.72500000000002,98.66,28.03]}],"cuboid":[{"name":"box3D","coordinate_system":"CAM_LEFT","val":[-10.0,499.0,-1.0,0,-1.0,0,-1000.0,-1000.0,-1000.0]}],"num":[{"name":"truncated","val":-1.0},{"name":"occluded","val":-1},{"name":"alpha","val":-10.0}]}},"-2":{}}},"42":{"frame_properties":{"transforms":{"vehicle-iso8855_to_odom":{"src":"vehicle-iso8855","dst":"odom","transform_src_to_dst":{"matrix4x4":[0.9974292009085561,0.07163927075457051,0.0016745329714063079,64.46597760725811,-0.07164272603349907,0.9974281403214392,0.002103497422088632,-2.0071362822830348,-0.0015195332862241793,-0.0022180578597315826,0.9999963856124298,1.0482296054138625,0.0,0.0,0.0,1.0]}}}},"objects":{"-1":{"object_data":{"bbox":[{"name":"box2D0","coordinate_system":"CAM_LEFT","val":[638.36,180.72500000000002,98.66,28.03]}],"cuboid":[{"n