{"openlabel":{"metadata":{"schema_version":"0.2.0"},"coordinate_systems":{"odom":{"type":"scene_cs","parent":"","pose_wrt_parent":[],"children":["vehicle-iso8855"]},"vehicle-iso8855":{"type":"local_cs","parent":"odom","pose_wrt_parent":[],"children":["VELO_TOP","IMU"]},"VELO_TOP":{"type":"sensor_cs","parent":"vehicle-iso8855","pose_wrt_parent":[1.0,0.0,0.0,0.76,0.0,1.0,0.0,0.0,0.0,0.0,1.0,1.73,0.0,0.0,0.0,1.0],"children":["CAM_LEFT","CAM_RIGHT"]},"IMU":{"type":"sensor_cs","parent":"vehicle-iso8855","pose_wrt_parent":[1.0,0.0,0.0,-0.05,0.0,1.0,0.0,0.32,0.0,0.0,1.0,0.93,0.0,0.0,0.0,1.0],"children":[]},"CAM_LEFT":{"type":"sensor_cs","parent":"VELO_TOP","pose_wrt_parent":[0.004852296969546027,-0.003020691211385992,0.999983658855251,0.2672341673242783,-0.9999297611345842,0.010798081277047428,0.004884654149849766,-0.005139645452231175,-0.010812659650730121,-0.9999371604511238,-0.0029680830853669273,-0.06263302502186825,0.0,0.0,0.0,1.0],"children":[]},"CAM_RIGHT":{"type":"sensor_cs","parent":"VELO_TOP","pose_wrt_parent":[0.004852296969546027,-0.003020691211385992,0.999983658855251,0.2672341673242783,-0.9999297611345842,0.010798081277047428,0.004884654149849766,-0.005139645452231175,-0.010812659650730121,-0.9999371604511238,-0.0029680830853669273,-0.06263302502186825,0.0,0.0,0.0,1.0],"children":[]}},"frames":{"0":{"frame_properties":{"transforms":{"vehicle-iso8855_to_odom":{"src":"vehicle-iso8855","dst":"odom","transform_src_to_dst_4x4":[1.0,2.6613791396937507e-17,4.843005421080165e-19,-2.3283064365386963e-10,1.0891551059476716e-17,1.0000000000000002,1.0913813010833935e-18,-2.5358868435669494e-27,1.928131998465722e-18,-2.336182885399071e-18,1.0,-4.4892821425239605e-28,0.0,0.0,0.0,1.0]}}},"objects":{"-1":{"object_data":{"bbox":[{"name":"box2D0","coordinate_system":"CAM_LEFT","val":[387.37,198.625,24.16,46.43]},{"name":"box2D1","coordinate_system":"CAM_LEFT","val":[505.365,180.245,99.61,38.69]},{"name":"box2D2","coordinate_system":"CAM_LEFT","val":[591.935,180.73000000000002,27.09,35.78]}],"cuboid":[{"name":"box3D","coordinate_system":"CAM_LEFT","val":[-10.0,499.0,-1.0,0,-1.0,0,-1000.0,-1000.0,-1000.0]}],"num":[{"name":"truncated","val":-1.0},{"name":"occluded","val":-1},{"name":"alpha","val":-10.0}]}},"0":{"object_data":{"bbox":[{"name":"box2D","coordinate_system":"CAM_LEFT","val":[141.045,298.435,282.09,149.13]}],"cuboid":[{"name":"box3D","coordinate_system":"CAM_LEFT","val":[-3.03,1.04,3.2,0,1.54,0,3.55,1.47,1.61]}],"num":[{"name":"truncated","val":1.0},{"name":"occluded","val":0},{"name":"alpha","val":2.27}]}},"1":{"object_data":{"bbox":[{"name":"box2D","coordinate_system":"CAM_LEFT","val":[806.495,233.16,73.67,128.18]}],"cuboid":[{"name":"box3D","coordinate_system":"CAM_LEFT","val":[2.59,0.64,9.55,0,-1.65,0,0.91,1.6,0.91]}],"num":[{"name":"truncated","val":0.0},{"name":"occluded","val":0},{"name":"alpha","val":-1.9}]}},"2":{"object_data":{"bbox":[{"name":"box2D","coordinate_system":"CAM_LEFT","val":[468.815,197.345,33.47,58.23]}],"cuboid":[{"name":"box3D","coordinate_system":"CAM_LEFT","val":[-4.09,0.46,22.2,0,1.47,0,1.79,1.71,0.84]}],"num":[{"name":"truncated","val":0.0},{"name":"occluded","val":0},{"name":"alpha","val":1.65}]}},"4":{"object_data":{"bbox":[{"name":"box2D","coordinate_system":"CAM_LEFT","val":[667.2299999999999,198.16500000000002,22.34,63.59]}],"cuboid":[{"name":"box3D","coordinate_system":"CAM_LEFT","val":[1.58,0.43,18.98,0,-1.64,0,0.49,1.64,0.88]}],"num":[{"name":"truncated","val":0.0},{"name":"occluded","val":0},{"name":"alpha","val":-1.72}]}},"64":{"object_data":{"bbox":[{"name":"box2D","coordinate_system":"CAM_LEFT","val":[428.575,202.075,37.29,67.33]}],"cuboid":[{"name":"box3D","coordinate_system":"CAM_LEFT","val":[-4.67,0.51,19.44,0,1.49,0,1.94,1.72,0.65]}],"num":[{"name":"truncated","val":0.0},{"name":"occluded","val":0},{"name":"alpha","val":1.73}]}},"65":{"object_data":{"bbox":[{"name":"box2D","coordinate_system":"CAM_LEFT","val":[560.51,173.155,45.98,56.83]}],"cuboid":[{"name":"box3D","coordinate_system":"CAM_LEFT","val":[-2.08,-0.39,35.57,0,-1.65,0,5.86,2.56,2.04]}],"num":[{"name":"truncated","val":0.0},{"name":"occluded","val":1},{"name":"alpha","val":-1.59}]}},"-2":{}}},"1":{"frame_properties":{"transforms":{"vehicle-iso8855_to_odom":{"src":"vehicle-iso8855","dst":"odom","transform_src_to_dst_4x4":[0.9999991538986549,0.0004707396052564206,0.001212685531283881,0.08723459079095057,-0.0004727618277942023,0.9999984974508179,0.0016678106488756442,-0.0037869204033492625,-0.0012118986046377384,-0.0016683825491671243,0.9999978738984608,-0.006133286191494269,0.0,0.0,0.0,1.0]}}},"objects":{"-1":{"object_data":{"bbox":[{"name":"box2D0","coordinate_system":"CAM_LEFT","val":[385.295,196.815,26.37,48.97]},{"name":"box2D1","coordinate_system":"CAM_LEFT","val":[505.365,180.245,99.61,38.69]},{"name":"box2D2","coordinate_system":"CAM_LEFT","val":[590.38,178.045,28.7,42.71]}],"cuboid":[{"name":"box3D","coordinate_system":"CAM_LEFT","val":[-10.0,499.0,-1.0,0,-1.0,0,-1000.0,-1000.0,-1000.0]}],"num":[{"name":"truncated","val":-1.0},{"name":"occluded","val":-1},{"name":"alpha","val":-10.0}]}},"0":{"object_data":{"bbox":[{"name":"box2D","coordinate_system":"CAM_LEFT","val":[134.085,298.535,268.17,148.91]}],"cuboid":[{"name":"box3D","coordinate_system":"CAM_LEFT","val":[-3.02,1.03,2.97,0,1.54,0,3.55,1.47,1.61]}],"num":[{"name":"truncated","val":1.0},{"name":"occluded","val":0},{"name":"alpha","val":2.29}]}},"1":{"object_data":{"bbox":[{"name":"box2D","coordinate_system":"CAM_LEFT","val":[802.355,231.94,66.15,127.48]}],"cuboid":[{"name":"box3D","coordinate_system":"CAM_LEFT","val":[2.57,0.63,9.6,0,-1.65,0,0.91,1.6,0.91]}],"num":[{"name":"truncated","val":0.0},{"name":"occluded","val":0},{"name":"alpha","val":-1.9}]}},"2":{"object_data":{"bbox":[{"name":"box2D","coordinate_system":"CAM_LEFT","val":[468.01,197.215,34.5,59.23]}],"cuboid":[{"name":"box3D","coordinate_system":"CAM_LEFT","val":[-4.05,0.45,21.84,0,1.47,0,1.79,1.71,0.84]}],"num":[{"name":"truncated","val":0.0},{"name":"occluded","val":0},{"name":"alpha","val":1.66}]}},"4":{"object_data":{"bbox":[{"name":"box2D","coordinate_system":"CAM_LEFT","val":[666.52,197.375,20.98,63.53]}],"cuboid":[{"name":"box3D","coordinate_system":"CAM_LEFT","val":[1.56,0.41,19.0,0,-1.64,0,0.49,1.64,0.88]}],"num":[{"name":"truncated","val":0.0},{"name":"occluded","val":1},{"name":"alpha","val":-1.72}]}},"64":{"object_data":{"bbox":[{"name":"box2D","coordinate_system":"CAM_LEFT","val":[426.56,201.92000000000002,38.46,68.74]}],"cuboid":[{"name":"box3D","coordinate_system":"CAM_LEFT","val":[-4.63,0.51,19.05,0,1.49,0,1.94,1.72,0.65]}],"num":[{"name":"truncated","val":0.0},{"name":"occluded","val":0},{"name":"alpha","val":1.73}]}},"65":{"object_data":{"bbox":[{"name":"box2D","coordinate_system":"CAM_LEFT","val":[561.0450000000001,172.52,46.17,57.06]}],"cuboid":[{"name":"box3D","coordinate_system":"CAM_LEFT","val":[-2.04,-0.42,35.44,0,-1.65,0,5.86,2.56,2.04]}],"num":[{"name":"truncated","val":0.0},{"name":"occluded","val":1},{"name":"alpha","val":-1.59}]}},"-2":{}}},"2":{"frame_properties":{"transforms":{"vehicle-iso8855_to_odom":{"src":"vehicle-iso8855","dst":"odom","transform_src_to_dst_4x4":[0.9999981828826966,-0.00028599903961026553,0.0018847906658358432,0.16595562202902095,0.00028045308231461965,0.9999956327259146,0.0029420868726534374,-0.006237208593888435,-0.001885623868458445,-0.002941552931184715,0.9999938958258597,-0.009389408975722897,0.0,0.0,0.0,1.0]}}},"objects":{"-1":{"object_data":{"bbox":[{"name":"box2D0","coordinate_system":"CAM_LEFT","val":[385.22499999999997,195.95,26.15,48.96]},{"name":"box2D1","coordinate_system":"CAM_LEFT","val":[505.365,180.245,99.61,38.69]},{"name":"box2D2","coordinate_system":"CAM_LEFT","val":[590.89,177.31,28.72,42.5]}],"cuboid":[{"name":"box3D","coordinate_system":"CAM_LEFT","val":[-10.0,499.0,-1.0,0,-1.0,0,-1000.0,-1000.0,-1000.0]}],"num":[{"name":"truncated","val":-1.0},{"name":"occluded","val":-1},{"name":"alpha","val":-10.0}]}},"0":{"object_data":{"bbox":[{"name":"box2D","coordinate_system":"CAM_LEFT","val":[126.455,300.53499999999997,252.91,144.93]}],"cuboid":[{"name":"box3D","coordinate_system":"CAM_LEFT","val":[-3.01,1.04,2.75,0,1.53,0,3.55,1.47,1.61]}],"num":[{"name":"truncated","val":1.0},{"name":"occluded","val":0},{"name":"alpha","val":2.32}]}},"1":{"object_data":{"bbox":[{"name":"box2D","coordinate_system":"CAM_LEFT","val":[798.52,230.72500000000002,59.0,126.79]}],"cuboid":[{"name":"box3D","coordinate_system":"CAM_LEFT","val":[2.56,0.62,9.65,0,-1.66,0,0.91,1.6,0.91]}],"num":[{"name":"truncated","val":0.0},{"name":"occluded","val":0},{"name":"alpha","val":-1.9}]}},"2":{"object_data":{"bbox":[{"name":"box2D","coordinate_system":"CAM_LEFT","val":[467.17499999999995,197.07999999999998,35.55,60.26]}],"cuboid":[{"name":"box3D","coordinate_system":"CAM_LEFT","val":[-4.01,0.44,21.48,0,1.48,0,1.79,1.71,0.84]}],"num":[{"name":"truncated","val":0.0},{"name":"occluded","val":0},{"name":"alpha","val":1.67}]}},"4":{"object_data":{"bbox":[{"name":"box2D","coordinate_system":"CAM_LEFT","val":[665.7700000000001,197.18,19.66,63.48]}],"cuboid":[{"name":"box3D","coordinate_system":"CAM_LEFT","val":[1.54,0.41,19.02,0,-1.64,0,0.49,1.64,0.88]}],"num":[{"name":"truncated","val":0.0},{"name":"occluded","val":1},{"name":"alpha","val":-1.72}]}},"64":{"object_data":{"bbox":[{"name":"box2D","coordinate_system":"CAM_LEFT","val":[424.46,201.76,39.68,70.22]}],"cuboid":[{"name":"box3D","coordinate_system":"CAM_LEFT","val":[-4.59,0.49,18.68,0,1.5,0,1.94,1.72,0.65]}],"num":[{"name":"truncated","val":0.0},{"name":"occluded","val":0},{"name":"alpha","val":1.74}]}},"65":{"object_data":{"bbox":[{"name":"box2D","coordinate_system":"CAM_LEFT","val":[561.5899999999999,172.17000000000002,46.36,57.3]}],"cuboid":[{"name":"box3D","coordinate_system":"CAM_LEFT","val":[-2.02,-0.43,35.29,0,-1.65,0,5.86,2.56,2.04]}],"num":[{"name":"truncated","val":0.0},{"name":"occluded","val":1},{"name":"alpha","val":-1.59}]}},"-2":{}}},"3":{"frame_properties":{"transforms":{"vehicle-iso8855_to_odom":{"src":"vehicle-iso8855","dst":"odom","transform_src_to_dst_4x4":[0.9999947987329303,-0.0007385516028956388,0.0031395937023378923,0.24558526037099815,0.0007314930223423949,0.999997203903015,0.0022488005937423496,-0.007951160161637619,-0.0031412457790125055,-0.002246492306243627,0.999992542895833,-0.009647743221510316,0.0,0.0,0.0,1.0]}}},"objects":{"-1":{"object_data":{"bbox":[{"name":"box2D0","coordinate_system":"CAM_LEFT","val":[384.85999999999996,195.20499999999998,25.92,49.09]},{"name":"box2D1","coordinate_system":"CAM_LEFT","val":[505.365,180.245,99.61,38.69]},{"name":"box2D2","coordinate_system":"CAM_LEFT","val":[591.13,176.525,28.76,42.87]}],"cuboid":[{"name":"box3D","coordinate_system":"CAM_LEFT","val":[-10.0,499.0,-1.0,0,-1.0,0,-1000.0,-1000.0,-1000.0]}],"num":[{"name":"truncated","val":-1.0},{"name":"occluded","val":-1},{"name":"alpha","val":-10.0}]}},"0":{"object_data":{"bbox":[{"name":"box2D","coordinate_system":"CAM_LEFT","val":[118.05,301.81,236.1,142.38]}],"cuboid":[{"name":"box3D","coordinate_system":"CAM_LEFT","val":[-2.99,1.04,2.52,0,1.53,0,3.55,1.47,1.61]}],"num":[{"name":"truncated","val":1.0},{"name":"occluded","val":0},{"name":"alpha","val":2.35}]}},"1":{"object_data":{"bbox":[{"name":"box2D","coordinate_system":"CAM_LEFT","val":[795.635,229.52499999999998,55.85,126.09]}],"cuboid":[{"name":"box3D","coordinate_system":"CAM_LEFT","val":[2.54,0.61,9.69,0,-1.66,0,0.91,1.6,0.91]}],"num":[{"name":"truncated","val":0.0},{"name":"occluded","val":0},{"name":"alpha","val":-1.91}]}},"2":{"object_data":{"bbox":[{"name":"box2D","coordinate_system":"CAM_LEFT","val":[466.31,196.945,36.66,61.33]}],"cuboid":[{"name":"box3D","coordinate_system":"CAM_LEFT","val":[-3.96,0.43,21.12,0,1.49,0,1.79,1.71,0.84]}],"num":[{"name":"truncated","val":0.0},{"name":"occluded","val":0},{"name":"alpha","val":1.68}]}},"4":{"object_data":{"bbox":[{"name":"box2D","coordinate_system":"CAM_LEFT","val":[665.305,196.445,22.57,63.41]}],"cuboid":[{"name":"box3D","coordinate_system":"CAM_LEFT","val":[1.52,0.39,19.04,0,-1.64,0,0.49,1.64,0.88]}],"num":[{"name":"truncated","val":0.0},{"name":"occluded","val":2},{"name":"alpha","val":-1.72}]}},"64":{"object_data":{"bbox":[{"name":"box2D","coordinate_system":"CAM_LEFT","val":[422.27000000000004,201.59,40.96,71.76]}],"cuboid":[{"name":"box3D","coordinate_system":"CAM_LEFT","val":[-4.55,0.48,18.3,0,1.5,0,1.94,1.72,0.65]}],"num":[{"name":"truncated","val":0.0},{"name":"occluded","val":0},{"name":"alpha","val":1.74}]}},"65":{"object_data":{"bbox":[{"name":"box2D","coordinate_system":"CAM_LEFT","val":[561.66,171.015,46.46,57.41]}],"cuboid":[{"name":"box3D","coordinate_system":"CAM_LEFT","val":[-2.02,-0.48,35.22,0,-1.65,0,5.86,2.56,2.04]}],"num":[{"name":"truncated","val":0.0},{"name":"occluded","val":1},{"name":"alpha","val":-1.59}]}},"-2":{}}},"4":{"frame_properties":{"transforms":{"vehicle-iso8855_to_odom":{"src":"vehicle-iso8855","dst":"odom","transform_src_to_dst_4x4":[0.9999837963956106,-0.0006449289814290366,0.005656059832643925,0.3344100382704261,0.0006332240996888912,0.9999976550160042,0.0020709876224000584,-0.010221826942456005,-0.005657382209212002,-0.002067372511540616,0.999981859834186,-0.008554977056314526,0.0,0.0,0.0,1.0]}}},"objects":{"-1":{"object_data":{"bbox":[{"name":"box2D0","coordinate_system":"CAM_LEFT","val":[383.96999999999997,193.64,25.66,49.66]},{"name":"box2D1","coordinate_system":"CAM_LEFT","val":[505.365,180.245,99.61,38.69]},{"name":"box2D2","coordinate_system":"CAM_LEFT","val":[594.3499999999999,179.275,26.12,36.75]}],"cuboid":[{"name":"box3D","coordinate_system":"CAM_LEFT","val":[-10.0,499.0,-1.0,0,-1.0,0,-1000.0,-1000.0,-1000.0]}],"num":[{"name":"truncated","val":-1.0},{"name":"occluded","val":-1},{"name":"alpha","val":-10.0}]}},"0":{"object_data":{"bbox":[{"name":"box2D","coordinate_system":"CAM_LEFT","val":[108.745,302.685,217.49,140.63]}],"cuboid":[{"name":"box3D","coordinate_system":"CAM_LEFT","val":[-2.98,1.04,2.31,0,1.52,0,3.55,1.47,1.61]}],"num":[{"name":"truncated","val":1.0},{"name":"occluded","val":0},{"name":"alpha","val":2.39}]}},"1":{"object_data":{"bbox":[{"name":"box2D","coordinate_system":"CAM_LEFT","val":[792.98,228.33499999999998,53.0,125.41]}],"cuboid":[{"name":"box3D","coordinate_system":"CAM_LEFT","val":[2.52,0.59,9.76,0,-1.67,0,0.91,1.6,0.91]}],"num":[{"name":"truncated","val":0.0},{"name":"occluded","val":0},{"name":"alpha","val":-1.91}]}},"2":{"object_data":{"bbox":[{"name":"box2D","coordinate_system":"CAM_LEFT","val":[465.41499999999996,196.805,37.79,62.45]}],"cuboid":[{"name":"box3D","coordinate_system":"CAM_LEFT","val":[-3.92,0.41,20.75,0,1.49,0,1.79,1.71,0.84]}],"num":[{"name":"truncated","val":0.0},{"name":"occluded","val":0},{"name":"alpha","val":1.68}]}},"4":{"object_data":{"bbox":[{"name":"box2D","coordinate_system":"CAM_LEFT","val":[664.71,193.93,25.5,63.34]}],"cuboid":[{"name":"box3D","coordinate_system":"CAM_LEFT","val":[1.51,0.31,19.05,0,-1.64,0,0.49,1.64,0.88]}],"num":[{"name":"truncated","val":0.0},{"name":"occluded","val":2},{"name":"alpha","val":-1.71}]}},"64":{"object_data":{"bbox":[{"name":"box2D","coordinate_system":"CAM_LEFT","val":[419.985,201.415,42.31,73.37]}],"cuboid":[{"name":"box3D","coordinate_system":"CAM_LEFT","val":[-4.51,0.46,17.92,0,1.5,0,1.94,1.72,0.65]}],"num":[{"name":"truncated","val":0.0},{"name":"occluded","val":0},{"name":"alpha","val":1.75}]}},"65":{"object_data":{"bbox":[{"name":"box2D","coordinate_system":"CAM_LEFT","val":[561.725,169.85500000000002,46.55,57.53]}],"cuboid":[{"name":"box3D","coordinate_system":"CAM_LEFT","val":[-2.0,-0.53,35.15,0,-1.65,0,5.86,2.56,2.04]}],"num":[{"name":"truncated","val":0.0},{"name":"occluded","val":1},{"name":"alpha","val":-1.59}]}},"-2":{}}},"5":{"frame_properties":{"transforms":{"vehicle-iso8855_to_odom":{"src":"vehicle-iso8855","dst":"odom","transform_src_to_dst_4x4":[0.9999726448124638,-0.0020612993612769454,0.007103567533929267,0.4144989086370785,0.00205223818592919,0.9999970715797355,0.0012826341572480208,-0.01598912761084293,-0.007106190624667231,-0.001268020858000656,0.9999739467495691,-0.011013432914572272,0.0,0.0,0.0,1.0]}}},"objects":{"-1":{"object_data":{"bbox":[{"name":"box2D0","coordinate_system":"CAM_LEFT","val":[384.255,192.525,25.37,49.49]},{"name":"box2D1","coordinate_system":"CAM_LEFT","val":[505.365,180.245,99.61,38.69]},{"name":"box2D2","coordinate_system":"CAM_LEFT","val":[594.045,179.91500000000002,24.37,39.11]}],"cuboid":[{"name":"box3D","coordinate_system":"CAM_LEFT","val":[-10.0,499.0,-1.0,0,-1.0,0,-1000.0,-1000.0,-1000.0]}],"num":[{"name":"truncated","val":-1.0},{"name":"occluded","val":-1},{"name":"alpha","val":-10.0}]}},"0":{"object_data":{"bbox":[{"name":"box2D","coordinate_system":"CAM_LEFT","val":[98.39,304.46,196.78,137.08]}],"cuboid":[{"name":"box3D","coordinate_system":"CAM_LEFT","val":[-2.97,1.04,2.08,0,1.52,0,3.55,1.47,1.61]}],"num":[{"name":"truncated","val":1.0},{"name":"occluded","val":0},{"name":"alpha","val":2.43}]}},"1":{"object_data":{"bbox":[{"name":"box2D","coordinate_system":"CAM_LEFT","val":[787.425,227.16,50.37,124.74]}],"cuboid":[{"name":"box3D","coordinate_system":"CAM_LEFT","val":[2.5,0.58,9.81,0,-1.67,0,0.91,1.6,0.91]}],"num":[{"name":"truncated","val":0.0},{"name":"occluded","val":0},{"name":"alpha","val":-1.91}]}},"2":{"object_data":{"bbox":[{"name":"box2D","coordinate_system":"CAM_LEFT","val":[464.49,196.65,38.96,63.6]}],"cuboid":[{"name":"box3D","coordinate_system":"CAM_LEFT","val":[-3.88,0.4,20.39,0,1.5,0,1.79,1.71,0.84]}],"num":[{"name":"truncated","val":0.0},{"name":"occluded","val":0},{"name":"alpha","val":1.69}]}},"4":{"object_data":{"bbox":[{"name":"box2D","coordinate_system":"CAM_LEFT","val":[659.195,193.19,26.23,63.28]}],"cuboid":[{"name":"box3D","coordinate_system":"CAM_LEFT","val":[1.49,0.3,19.07,0,-1.64,0,0.49,1.64,0.88]}],"num":[{"name":"truncated","val":0.0},{"name":"occluded","val":2},{"name":"alpha","val":-1.71}]}},"64":{"object_data":{"bbox":[{"name":"box2D","coordinate_system":"CAM_LEFT","val":[417.6,201.225,43.72,75.05]}],"cuboid":[{"name":"box3D","coordinate_system":"CAM_LEFT","val":[-4.48,0.45,17.54,0,1.5,0,1.94,1.72,0.65]}],"num":[{"name":"truncated","val":0.0},{"name":"occluded","val":0},{"name":"alpha","val":1.76}]}},"65":{"object_data":{"bbox":[{"name":"box2D","coordinate_system":"CAM_LEFT","val":[563.445,169.32999999999998,46.63,57.64]}],"cuboid":[{"name":"box3D","coordinate_system":"CAM_LEFT","val":[-1.92,-0.56,35.11,0,-1.65,0,5.86,2.56,2.04]}],"num":[{"name":"truncated","val":0.0},{"name":"occluded","val":1},{"name":"alpha","val":-1.59}]}},"-2":{}}},"6":{"frame_properties":{"transforms":{"vehicle-iso8855_to_odom":{"src":"vehicle-iso8855","dst":"odom","transform_src_to_dst_4x4":[0.9999629410613772,-0.0038569434235979933,0.007696784478466013,0.48881982329587453,0.0038477660424488464,0.9999918691108378,0.0012068175900351967,-0.02076401389099327,-0.0077013765239318825,-0.0011771574407038997,0.9999696510894702,-0.01321830399777982,0.0,0.0,0.0,1.0]}}},"objects":{"-1":{"object_data":{"bbox":[{"name":"box2D0","coordinate_system":"CAM_LEFT","val":[384.955,192.005,25.11,49.49]},{"name":"box2D1","coordinate_system":"CAM_LEFT","val":[505.365,180.245,99.61,38.69]},{"name":"box2D2","coordinate_system":"CAM_LEFT","val":[595.15,179.17000000000002,24.46,38.6]}],"cuboid":[{"name":"box3D","coordinate_system":"CAM_LEFT","val":[-10.0,499.0,-1.0,0,-1.0,0,-1000.0,-1000.0,-1000.0]}],"num":[{"name":"truncated","val":-1.0},{"name":"occluded","val":-1},{"name":"alpha","val":-10.0}]}},"0":{"object_data":{"bbox":[{"name":"box2D","coordinate_system":"CAM_LEFT","val":[86.795,306.90999999999997,173.59,132.18]}],"cuboid":[{"name":"box3D","coordinate_system":"CAM_LEFT","val":[-2.95,1.05,1.86,0,1.51,0,3.55,1.47,1.61]}],"num":[{"name":"truncated","val":2.0},{"name":"occluded","val":0},{"name":"alpha","val":2.47}]}},"1":{"object_data":{"bbox":[{"name":"box2D","coordinate_system":"CAM_LEFT","val":[784.08,226.39000000000001,48.0,123.86]}],"cuboid":[{"name":"box3D","coordinate_system":"CAM_LEFT","val":[2.5,0.58,9.86,0,-1.67,0,0.91,1.6,0.91]}],"num":[{"name":"truncated","val":0.0},{"name":"occluded","val":0},{"name":"alpha","val":-1.91}]}},"2":{"object_data":{"bbox":[{"name":"box2D","coordinate_system":"CAM_LEFT","val":[464.035,196.76999999999998,40.23,64.96]}],"cuboid":[{"name":"box3D","coordinate_system":"CAM_LEFT","val":[-3.81,0.4,19.98,0,1.51,0,1.79,1.71,0.84]}],"num":[{"name":"truncated","val":0.0},{"name":"occluded","val":0},{"name":"alpha","val":1.7}]}},"4":{"object_data":{"bbox":[{"name":"box2D","coordinate_system":"CAM_LEFT","val":[655.01,191.92000000000002,27.0,63.12]}],"cuboid":[{"name":"box3D","coordinate_system":"CAM_LEFT","val":[1.51,0.27,19.12,0,-1.64,0,0.49,1.64,0.88]}],"num":[{"name":"truncated","val":0.0},{"name":"occluded","val":1},{"name":"alpha","val":-1.71}]}},"64":{"object_data":{"bbox":[{"name":"box2D","coordinate_system":"CAM_LEFT","val":[415.105,201.035,45.21,76.81]}],"cuboid":[{"name":"box3D","coordinate_system":"CAM_LEFT","val":[-4.44,0.44,17.16,0,1.51,0,1.94,1.72,0.65]}],"num":[{"name":"truncated","val":0.0},{"name":"occluded","val":0},{"name":"alpha","val":1.76}]}},"65":{"object_data":{"bbox":[{"name":"box2D","coordinate_system":"CAM_LEFT","val":[565.165,168.805,46.71,57.73]}],"cuboid":[{"name":"box3D","coordinate_system":"CAM_LEFT","val":[-1.84,-0.58,35.04,0,-1.65,0,5.86,2.56,2.04]}],"num":[{"name":"truncated","val":0.0},{"name":"occluded","val":1},{"name":"alpha","val":-1.59}]}},"-2":{}}},"7":{"frame_properties":{"transforms":{"vehicle-iso8855_to_odom":{"src":"vehicle-iso8855","dst":"odom","transform_src_to_dst_4x4":[0.9999459099274248,-0.004887382102478667,0.009180997527405308,0.5619225386775527,0.004865210791513392,0.9999851984420809,0.0024356971705886844,-0.018819025339535122,-0.009192765817097236,-0.0023908979353047697,0.9999548873142705,-0.012773046556548798,0.0,0.0,0.0,1.0]}}},"objects":{"-1":{"object_data":{"bbox":[{"name":"box2D0","coordinate_system":"CAM_LEFT","val":[385.25,190.885,24.94,49.97]},{"name":"box2D1","coordinate_system":"CAM_LEFT","val":[505.365,180.245,99.61,38.69]},{"name":"box2D2","coordinate_system":"CAM_LEFT","val":[596.0500000000001,178.415,24.64,39.33]}],"cuboid":[{"name":"box3D","coordinate_system":"CAM_LEFT","val":[-10.0,499.0,-1.0,0,-1.0,0,-1000.0,-1000.0,-1000.0]}],"num":[{"name":"truncated","val":-1.0},{"name":"occluded","val":-1},{"name":"alpha","val":-10.0}]}},"0":{"object_data":{"bbox":[{"name":"box2D","coordinate_system":"CAM_LEFT","val":[73.725,309.33,147.45,127.34]}],"cuboid":[{"name":"box3D","coordinate_system":"CAM_LEFT","val":[-2.94,1.05,1.64,0,1.51,0,3.55,1.47,1.61]}],"num":[{"name":"truncated","val":2.0},{"name":"occluded","val":0},{"name":"alpha","val":2.51}]}},"1":{"object_data":{"bbox":[{"name":"box2D","coordinate_system":"CAM_LEFT","val":[786.95,225.635,56.48,122.99]}],"cuboid":[{"name":"box3D","coordinate_system":"CAM_LEFT","val":[2.52,0.57,9.94,0,-1.67,0,0.91,1.6,0.91]}],"num":[{"name":"truncated","val":0.0},{"name":"occluded","val":0},{"name":"alpha","val":-1.91}]}},"2":{"object_data":{"bbox":[{"name":"box2D","coordinate_system":"CAM_LEFT","val":[463.55499999999995,196.89,41.55,66.38]}],"cuboid":[{"name":"box3D","coordinate_system":"CAM_LEFT","val":[-3.75,0.39,19.57,0,1.52,0,1.79,1.71,0.84]}],"num":[{"name":"truncated","val":0.0},{"name":"occluded","val":0},{"name":"alpha","val":1.71}]}},"4":{"object_data":{"bbox":[{"name":"box2D","coordinate_system":"CAM_LEFT","val":[655.6949999999999,191.1,23.79,62.96]}],"cuboid":[{"name":"box3D","coordinate_system":"CAM_LEFT","val":[1.54,0.25,19.17,0,-1.64,0,0.49,1.64,0.88]}],"num":[{"name":"truncated","val":0.0},{"name":"occluded","val":2},{"name":"alpha","val":-1.71}]}},"64":{"object_data":{"bbox":[{"name":"box2D","coordinate_system":"CAM_LEFT","val":[412.49,200.82999999999998,46.78,78.66]}],"cuboid":[{"name":"box3D","coordinate_system":"CAM_LEFT","val":[-4.4,0.42,16.78,0,1.51,0,1.94,1.72,0.65]}],"num":[{"name":"truncated","val":0.0},{"name":"occluded","val":0},{"name":"alpha","val":1.77}]}},"65":{"object_data":{"bbox":[{"name":"box2D","coordinate_system":"CAM_LEFT","val":[566.895,168.28000000000003,46.79,57.84]}],"cuboid":[{"name":"box3D","coordinate_system":"CAM_LEFT","val":[-1.75,-0.6,34.99,0,-1.64,0,5.86,2.56,2.04]}],"num":[{"name":"truncated","val":0.0},{"name":"occluded","val":1},{"name":"alpha","val":-1.59}]}},"-2":{}}},"8":{"frame_properties":{"transforms":{"vehicle-iso8855_to_odom":{"src":"vehicle-iso8855","dst":"odom","transform_src_to_dst_4x4":[0.9999243918898154,-0.007418077324243712,0.009807274473247918,0.6239930443676001,0.007377971625181411,0.9999642979870368,0.004119257941788844,-0.017301779039957554,-0.009837481307738243,-0.004046588699696516,0.9999434229402261,-0.015987130420415975,0.0,0.0,0.0,1.0]}}},"objects":{"-1":{"object_data":{"bbox":[{"name":"box2D0","coordinate_system":"CAM_LEFT","val":[386.85499999999996,189.945,24.81,49.91]},{"name":"box2D1","coordinate_system":"CAM_LEFT","val":[507.3,175.89499999999998,91.88,43.53]},{"name":"box2D2","coordinate_system":"CAM_LEFT","val":[599.1850000000001,178.795,29.97,49.33]}],"cuboid":[{"name":"box3D","coordinate_system":"CAM_LEFT","val":[-10.0,499.0,-1.0,0,-1.0,0,-1000.0,-1000.0,-1000.0]}],"num":[{"name":"truncated","val":-1.0},{"name":"occluded","val":-1},{"name":"alpha","val":-10.0}]}},"1":{"object_data":{"bbox":[{"name":"box2D","coordinate_system":"CAM_LEFT","val":[790.0949999999999,224.89,65.33,122.14]}],"cuboid":[{"name":"box3D","coordinate_system":"CAM_LEFT","val":[2.52,0.57,10.0,0,-1.67,0,0.91,1.6,0.91]}],"num":[{"name":"truncated","val":0.0},{"name":"occluded","val":0},{"name":"alpha","val":-1.9}]}},"2":{"object_data":{"bbox":[{"name":"box2D","coordinate_system":"CAM_LEFT","val":[463.05499999999995,197.01500000000001,42.93,67.87]}],"cuboid":[{"name":"box3D","coordinate_system":"CAM_LEFT","val":[-3.68,0.39,19.17,0,1.52,0,1.79,1.71,0.84]}],"num":[{"name":"truncated","val":0.0},{"name":"occluded","val":0},{"name":"alpha","val":1.72}]}},"4":{"object_data":{"bbox":[{"name":"box2D","coordinate_system":"CAM_LEFT","val":[656.5550000000001,190.15,20.67,62.8]}],"cuboid":[{"name":"box3D","coordinate_system":"CAM_LEFT","val":[1.56,0.23,19.22,0,-1.63,0,0.49,1.64,0.88]}],"num":[{"name":"truncated","val":0.0},{"name":"occluded","val":1},{"name":"alpha","val":-1.71}]}},"64":{"object_data":{"bbox":[{"name":"box2D","coordinate_system":"CAM_LEFT","val":[410.99,201.42,48.24,80.5]}],"cuboid":[{"name":"box3D","coordinate_system":"CAM_LEFT","val":[-4.34,0.42,16.42,0,1.51,0,1.94,1.72,0.65]}],"num":[{"name":"truncated","val":0.0},{"name":"occluded","val":0},{"name":"alpha","val":1.77}]}},"65":{"object_data":{"bbox":[{"name":"box2D","coordinate_system":"CAM_LEFT","val":[568.63,167.75,46.86,57.94]}],"cuboid":[{"name":"box3D","coordinate_system":"CAM_LEFT","val":[-1.66,-0.62,34.94,0,-1.64,0,5.86,2.56,2.04]}],"num":[{"name":"truncated","val":0.0},{"name":"occluded","val":1},{"name":"alpha","val":-1.59}]}},"-2":{}}},"9":{"frame_properties":{"transforms":{"vehicle-iso8855_to_odom":{"src":"vehicle-iso8855","dst":"odom","transform_src_to_dst_4x4":[0.9998908038051434,-0.011255100250842818,0.00957617795612294,0.6901596242658748,0.011207211278305734,0.9999244960750245,0.005039897267986518,-0.01836895497109375,-0.009632179466106136,-0.004932024680789459,0.9999414464113792,-0.021900827441826202,0.0,0.0,0.0,1.0]}}},"objects":{"-1":{"object_data":{"bbox":[{"name":"box2D0","coordinate_system":"CAM_LEFT","val":[389.41,189.65,24.62,49.74]},{"name":"box2D1","coordinate_system":"CAM_LEFT","val":[510.815,176.37,94.59,45.14]},{"name":"box2D2","coordinate_system":"CAM_LEFT","val":[600.655,178.35500000000002,30.75,50.55]}],"cuboid":[{"name":"box3D","coordinate_system":"CAM_LEFT","val":[-10.0,499.0,-1.0,0,-1.0,0,-1000.0,-1000.0,-1000.0]}],"num":[{"name":"truncated","val":-1.0},{"name":"occluded","val":-1},{"name":"alpha","val":-10.0}]}},"1":{"object_data":{"bbox":[{"name":"box2D","coordinate_system":"CAM_LEFT","val":[789.455,224.15,64.41,121.3]}],"cuboid":[{"name":"box3D","coordinate_system":"CAM_LEFT","val":[2.52,0.57,10.07,0,-1.67,0,0.91,1.6,0.91]}],"num":[{"name":"truncated","val":0.0},{"name":"occluded","val":0},{"name":"alpha","val":-1.9}]}},"2":{"object_data":{"bbox":[{"name":"box2D","coordinate_system":"CAM_LEFT","val":[462.535,197.14499999999998,44.37,69.41]}],"cuboid":[{"name":"box3D","coordinate_system":"CAM_LEFT","val":[-3.62,0.38,18.76,0,1.53,0,1.79,1.71,0.84]}],"num":[{"name":"truncated","val":0.0},{"name":"occluded","val":0},{"name":"alpha","val":1.72}]}},"4":{"object_data":{"bbox":[{"name":"box2D","coordinate_system":"CAM_LEFT","val":[659.9449999999999,190.82,25.55,62.64]}],"cuboid":[{"name":"box3D","coordinate_system":"CAM_LEFT","val":[1.59,0.25,19.26,0,-1.63,0,0.49,1.64,0.88]}],"num":[{"name":"truncated","val":0.0},{"name":"occluded","val":2},{"name":"alpha","val":-1.71}]}},"64":{"object_data":{"bbox":[{"name":"box2D","coordinate_system":"CAM_LEFT","val":[409.415,202.035,49.75,82.43]}],"cuboid":[{"name":"box3D","coordinate_system":"CAM_LEFT","val":[-4.28,0.43,16.05,0,1.52,0,1.94,1.72,0.65]}],"num":[{"name":"truncated","val":0.0},{"name":"occluded","val":0},{"name":"alpha","val":1.78}]}},"65":{"object_data":{"bbox":[{"name":"box2D","coordinate_system":"CAM_LEFT","val":[570.375,167.215,46.95,58.05]}],"cuboid":[{"name":"box3D","coordinate_system":"CAM_LEFT","val":[-1.58,-0.65,34.88,0,-1.64,0,5.86,2.56,2.04]}],"num":[{"name":"truncated","val":0.0},{"name":"occluded","val":1},{"name":"alpha","val":-1.59}]}},"-2":{}}},"10":{"frame_properties":{"transforms":{"vehicle-iso8855_to_odom":{"src":"vehicle-iso8855","dst":"odom","transform_src_to_dst_4x4":[0.9998509412600731,-0.01432062095067011,0.00964443243186906,0.7459245918800294,0.014271274203318121,0.99988481423883,0.005166138518695034,-0.01856149780888583,-0.009717303842083233,-0.005027730120826565,0.9999401461766964,-0.02749965565963519,0.0,0.0,0.0,1.0]}}},"objects":{"-1":{"object_data":{"bbox":[{"name":"box2D0","coordinate_system":"CAM_LEFT","val":[391.41,189.435,24.46,49.85]},{"name":"box2D1","coordinate_system":"CAM_LEFT","val":[513.0,176.215,94.6,45.25]},{"name":"box2D2","coordinate_system":"CAM_LEFT","val":[603.02,178.23499999999999,30.98,50.71]}],"cuboid":[{"name":"box3D","coordinate_system":"CAM_LEFT","val":[-10.0,499.0,-1.0,0,-1.0,0,-1000.0,-1000.0,-1000.0]}],"num":[{"name":"truncated","val":-1.0},{"name":"occluded","val":-1},{"name":"alpha","val":-10.0}]}},"1":{"object_data":{"bbox":[{"name":"box2D","coordinate_system":"CAM_LEFT","val":[789.32,223.42000000000002,64.0,120.48]}],"cuboid":[{"name":"box3D","coordinate_system":"CAM_LEFT","val":[2.54,0.56,10.13,0,-1.67,0,0.91,1.6,0.91]}],"num":[{"name":"truncated","val":0.0},{"name":"occluded","val":0},{"name":"alpha","val":-1.9}]}},"2":{"object_data":{"bbox":[{"name":"box2D","coordinate_system":"CAM_LEFT","val":[461.985,197.28500000000003,45.87,71.03]}],"cuboid":[{"name":"box3D","coordinate_system":"CAM_LEFT","val":[-3.55,0.38,18.35,0,1.54,0,1.79,1.71,0.84]}],"num":[{"name":"truncated","val":0.0},{"name":"occluded","val":0},{"name":"alpha","val":1.73}]}},"4":{"object_data":{"bbox":[{"name":"box2D","coordinate_system":"CAM_LEFT","val":[663.36,190.655,30.5,62.49]}],"cuboid":[{"name":"box3D","coordinate_system":"CAM_LEFT","val":[1.61,0.24,19.3,0,-1.63,0,0.49,1.64,0.88]}],"num":[{"name":"truncated","val":0.0},{"name":"occluded","val":1},{"name":"alpha","val":-1.7}]}},"64":{"object_data":{"bbox":[{"name":"box2D","coordinate_system":"CAM_LEFT","val":[407.765,202.685,51.37,84.45]}],"cuboid":[{"name":"box3D","coordinate_system":"CAM_LEFT","val":[-4.22,0.43,15.69,0,1.52,0,1.94,1.72,0.65]}],"num":[{"name":"truncated","val":0.0},{"name":"occluded","val":0},{"name":"alpha","val":1.78}]}},"65":{"object_data":{"bbox":[{"name":"box2D","coordinate_system":"CAM_LEFT","val":[572.12,166.685,47.02,58.15]}],"cuboid":[{"name":"box3D","coordinate_system":"CAM_LEFT","val":[-1.49,-0.67,34.82,0,-1.64,0,5.86,2.56,2.04]}],"num":[{"name":"truncated","val":0.0},{"name":"occluded","val":1},{"name":"alpha","val":-1.59}]}},"-2":{}}},"11":{"frame_properties":{"transforms":{"vehicle-iso8855_to_odom":{"src":"vehicle-iso8855","dst":"odom","transform_src_to_dst_4x4":[0.9997850341221088,-0.017832641837206148,0.010577449151838256,0.7946336244783582,0.0177745096547946,0.9998265357111352,0.005564646835344633,-0.014759000007094056,-0.010674846696108374,-0.005375441654080076,0.999928573586653,-0.028225476774595207,0.0,0.0,0.0,1.0]}}},"objects":{"-1":{"object_data":{"bbox":[{"name":"box2D0","coordinate_system":"CAM_LEFT","val":[393.945,188.785,24.37,50.15]},{"name":"box2D1","coordinate_system":"CAM_LEFT","val":[515.605,175.815,94.63,45.93]},{"name":"box2D2","coordinate_system":"CAM_LEFT","val":[605.9000000000001,177.755,31.4,51.25]}],"cuboid":[{"name":"box3D","coordinate_system":"CAM_LEFT","val":[-10.0,499.0,-1.0,0,-1.0,0,-1000.0,-1000.0,-1000.0]}],"num":[{"name":"truncated","val":-1.0},{"name":"occluded","val":-1},{"name":"alpha","val":-10.0}]}},"1":{"object_data":{"bbox":[{"name":"box2D","coordinate_system":"CAM_LEFT","val":[786.165,222.095,58.31,119.45]}],"cuboid":[{"name":"box3D","coordinate_system":"CAM_LEFT","val":[2.54,0.55,10.21,0,-1.66,0,0.91,1.6,0.91]}],"num":[{"name":"truncated","val":0.0},{"name":"occluded","val":0},{"name":"alpha","val":-1.89}]}},"2":{"object_data":{"bbox":[{"name":"box2D","coordinate_system":"CAM_LEFT","val":[462.36,197.47,47.12,72.36]}],"cuboid":[{"name":"box3D","coordinate_system":"CAM_LEFT","val":[-3.48,0.37,18.02,0,1.54,0,1.79,1.71,0.84]}],"num":[{"name":"truncated","val":0.0},{"name":"occluded","val":0},{"name":"alpha","val":1.74}]}},"4":{"object_data":{"bbox":[{"name":"box2D","coordinate_system":"CAM_LEFT","val":[664.035,190.225,23.21,62.33]}],"cuboid":[{"name":"box3D","coordinate_system":"CAM_LEFT","val":[1.64,0.23,19.36,0,-1.62,0,0.49,1.64,0.88]}],"num":[{"name":"truncated","val":0.0},{"name":"occluded","val":2},{"name":"alpha","val":-1.7}]}},"64":{"object_data":{"bbox":[{"name":"box2D","coordinate_system":"CAM_LEFT","val":[406.03499999999997,203.35999999999999,53.05,86.58]}],"cuboid":[{"name":"box3D","coordinate_system":"CAM_LEFT","val":[-4.16,0.43,15.33,0,1.52,0,1.94,1.72,0.65]}],"num":[{"name":"truncated","val":0.0},{"name":"occluded","val":0},{"name":"alpha","val":1.79}]}},"65":{"object_data":{"bbox":[{"name":"box2D","coordinate_system":"CAM_LEFT","val":[575.32,165.365,47.18,58.35]}],"cuboid":[{"name":"box3D","coordinate_system":"CAM_LEFT","val":[-1.33,-0.73,34.71,0,-1.63,0,5.86,2.56,2.04]}],"num":[{"name":"truncated","val":0.0},{"name":"occluded","val":1},{"name":"alpha","val":-1.59}]}},"-2":{}}},"12":{"frame_properties":{"transforms":{"vehicle-iso8855_to_odom":{"src":"vehicle-iso8855","dst":"odom","transform_src_to_dst_4x4":[0.999693757953872,-0.02134367507780034,0.012523491615297599,0.842644368316428,0.02126787647861868,0.9997548678347176,0.006154808760378614,-0.008755219087820416,-0.012651787943028571,-0.0058865758263951335,0.9999026355035202,-0.02420991110526508,0.0,0.0,0.0,1.0]}}},"objects":{"-1":{"object_data":{"bbox":[{"name":"box2D0","coordinate_system":"CAM_LEFT","val":[396.53499999999997,187.51000000000002,24.31,50.48]},{"name":"box2D1","coordinate_system":"CAM_LEFT","val":[518.245,174.8,94.69,46.72]},{"name":"box2D2","coordinate_system":"CAM_LEFT","val":[607.895,176.38,22.25,42.56]}],"cuboid":[{"name":"box3D","coordinate_system":"CAM_LEFT","val":[-10.0,499.0,-1.0,0,-1.0,0,-1000.0,-1000.0,-1000.0]}],"num":[{"name":"truncated","val":-1.0},{"name":"occluded","val":-1},{"name":"alpha","val":-10.0}]}},"1":{"object_data":{"bbox":[{"name":"box2D","coordinate_system":"CAM_LEFT","val":[783.5649999999999,220.79,53.33,118.44]}],"cuboid":[{"name":"box3D","coordinate_system":"CAM_LEFT","val":[2.54,0.54,10.3,0,-1.66,0,0.91,1.6,0.91]}],"num":[{"name":"truncated","val":0.0},{"name":"occluded","val":0},{"name":"alpha","val":-1.89}]}},"2":{"object_data":{"bbox":[{"name":"box2D","coordinate_system":"CAM_LEFT","val":[462.745,197.665,48.41,73.75]}],"cuboid":[{"name":"box3D","coordinate_system":"CAM_LEFT","val":[-3.41,0.37,17.7,0,1.55,0,1.79,1.71,0.84]}],"num":[{"name":"truncated","val":0.0},{"name":"occluded","val":0},{"name":"alpha","val":1.74}]}},"4":{"object_data":{"bbox":[{"name":"box2D","coordinate_system":"CAM_LEFT","val":[664.62,187.94,16.0,62.16]}],"cuboid":[{"name":"box3D","coordinate_system":"CAM_LEFT","val":[1.66,0.17,19.41,0,-1.62,0,0.49,1.64,0.88]}],"num":[{"name":"truncated","val":0.0},{"name":"occluded","val":2},{"name":"alpha","val":-1.7}]}},"64":{"object_data":{"bbox":[{"name":"box2D","coordinate_system":"CAM_LEFT","val":[404.21500000000003,204.075,54.83,88.81]}],"cuboid":[{"name":"box3D","coordinate_system":"CAM_LEFT","val":[-4.09,0.43,14.97,0,1.53,0,1.94,1.72,0.65]}],"num":[{"name":"truncated","val":0.0},{"name":"occluded","val":0},{"name":"alpha","val":1.79}]}},"65":{"object_data":{"bbox":[{"name":"box2D","coordinate_system":"CAM_LEFT","val":[577.71,165.22,47.24,58.44]}],"cuboid":[{"name":"box3D","coordinate_system":"CAM_LEFT","val":[-1.21,-0.73,34.67,0,-1.63,0,5.86,2.56,2.04]}],"num":[{"name":"truncated","val":0.0},{"name":"occluded","val":1},{"name":"alpha","val":-1.59}]}},"-2":{}}},"13":{"frame_properties":{"transforms":{"vehicle-iso8855_to_odom":{"src":"vehicle-iso8855","dst":"odom","transform_src_to_dst_4x4":[0.9996169418684162,-0.023942769742721984,0.013882121836443249,0.8791295443843437,0.023851729342976514,0.9996931423288508,0.006687016376333319,-0.005044475724167441,-0.014037967694230274,-0.006353342247585272,0.9998812782052182,-0.022997336766577264,0.0,0.0,0.0,1.0]}}},"objects":{"-1":{"object_data":{"bbox":[{"name":"box2D0","coordinate_system":"CAM_LEFT","val":[398.425,186.385,24.25,50.39]},{"name":"box2D1","coordinate_system":"CAM_LEFT","val":[520.185,173.57,94.71,46.28]},{"name":"box2D2","coordinate_system":"CAM_LEFT","val":[609.75,174.94,22.78,47.56]}],"cuboid":[{"name":"box3D","coordinate_system":"CAM_LEFT","val":[-10.0,499.0,-1.0,0,-1.0,0,-1000.0,-1000.0,-1000.0]}],"num":[{"name":"truncated","val":-1.0},{"name":"occluded","val":-1},{"name":"alpha","val":-10.0}]}},"1":{"object_data":{"bbox":[{"name":"box2D","coordinate_system":"CAM_LEFT","val":[783.12,219.51,52.54,117.46]}],"cuboid":[{"name":"box3D","coordinate_system":"CAM_LEFT","val":[2.54,0.52,10.38,0,-1.65,0,0.91,1.6,0.91]}],"num":[{"name":"truncated","val":0.0},{"name":"occluded","val":0},{"name":"alpha","val":-1.88}]}},"2":{"object_data":{"bbox":[{"name":"box2D","coordinate_system":"CAM_LEFT","val":[463.145,197.865,49.73,75.19]}],"cuboid":[{"name":"box3D","coordinate_system":"CAM_LEFT","val":[-3.34,0.37,17.38,0,1.56,0,1.79,1.71,0.84]}],"num":[{"name":"truncated","val":0.0},{"name":"occluded","val":0},{"name":"alpha","val":1.75}]}},"4":{"object_data":{"bbox":[{"name":"box2D","coordinate_system":"CAM_LEFT","val":[667.7149999999999,186.885,18.81,62.01]}],"cuboid":[{"name":"box3D","coordinate_system":"CAM_LEFT","val":[1.69,0.14,19.45,0,-1.62,0,0.49,1.64,0.88]}],"num":[{"name":"truncated","val":0.0},{"name":"occluded","val":2},{"name":"alpha","val":-1.7}]}},"64":{"object_data":{"bbox":[{"name":"box2D","coordinate_system":"CAM_LEFT","val":[402.305,204.82999999999998,56.71,91.16]}],"cuboid":[{"name":"box3D","coordinate_system":"CAM_LEFT","val":[-4.04,0.44,14.61,0,1.53,0,1.94,1.72,0.65]}],"num":[{"name":"truncated","val":0.0},{"name":"occluded","val":0},{"name":"alpha","val":1.8}]}},"65":{"object_data":{"bbox":[{"name":"box2D","coordinate_system":"CAM_LEFT","val":[580.11,165.075,47.3,58.51]}],"cuboid":[{"name":"box3D","coordinate_system":"CAM_LEFT","val":[-1.09,-0.74,34.63,0,-1.62,0,5.86,2.56,2.04]}],"num":[{"name":"truncated","val":0.0},{"name":"occluded","val":1},{"name":"alpha","val":-1.59}]}},"-2":{}}},"14":{"frame_properties":{"transforms":{"vehicle-iso8855_to_odom":{"src":"vehicle-iso8855","dst":"odom","transform_src_to_dst_4x4":[0.9995476597657869,-0.026685047340796967,0.01387025973647635,0.9130115706576754,0.02660816981738786,0.9996297007837088,0.005697947879902874,-0.0030937288103214063,-0.014017173599086783,-0.005326308242344912,0.9998875683219595,-0.025948806201835237,0.0,0.0,0