{"openlabel":{"metadata":{"schema_version":"1.0.0"},"coordinate_systems":{"odom":{"type":"scene_cs","parent":"","children":["vehicle-iso8855"]},"vehicle-iso8855":{"type":"local_cs","parent":"odom","children":["VELO_TOP","IMU"]},"VELO_TOP":{"type":"sensor_cs","parent":"vehicle-iso8855","children":["CAM_LEFT","CAM_RIGHT"],"pose_wrt_parent":{"matrix4x4":[1.0,0.0,0.0,0.76,0.0,1.0,0.0,0.0,0.0,0.0,1.0,1.73,0.0,0.0,0.0,1.0]}},"IMU":{"type":"sensor_cs","parent":"vehicle-iso8855","children":[],"pose_wrt_parent":{"matrix4x4":[1.0,0.0,0.0,-0.05,0.0,1.0,0.0,0.32,0.0,0.0,1.0,0.93,0.0,0.0,0.0,1.0]}},"CAM_LEFT":{"type":"sensor_cs","parent":"VELO_TOP","children":[],"pose_wrt_parent":{"matrix4x4":[0.00023477336244722335,0.010449405831956193,0.9999453632367953,0.2729034268115415,-0.9999442001630205,0.010565354842876283,0.00012436569234822647,-0.001969265862949749,-0.010563477335159157,-0.9998895968819285,0.010451304556842098,-0.07228590051542844,0.0,0.0,0.0,1.0]}},"CAM_RIGHT":{"type":"sensor_cs","parent":"VELO_TOP","children":[],"pose_wrt_parent":{"matrix4x4":[0.00023477336244722335,0.010449405831956193,0.9999453632367953,0.2729034268115415,-0.9999442001630205,0.010565354842876283,0.00012436569234822647,-0.001969265862949749,-0.010563477335159157,-0.9998895968819285,0.010451304556842098,-0.07228590051542844,0.0,0.0,0.0,1.0]}}},"frames":{"0":{"frame_properties":{"transforms":{"vehicle-iso8855_to_odom":{"src":"vehicle-iso8855","dst":"odom","transform_src_to_dst":{"matrix4x4":[0.9999999999999998,-2.2723776392464736e-17,2.8121493848842764e-18,4.6566128730773915e-10,-2.2807209137769285e-17,1.0,-6.413727914770495e-35,-1.0620434366990479e-26,5.082197683525801e-19,-1.154867237427426e-35,1.0,2.366582715663035e-28,0.0,0.0,0.0,1.0]}}}},"objects":{"-1":{"object_data":{"bbox":[{"name":"box2D0_left","coordinate_system":"CAM_LEFT","val":[481.28999999999996,200.60999999999999,48.52,30.08]},{"name":"box2D1_left","coordinate_system":"CAM_LEFT","val":[574.4350000000001,187.51,44.63,19.4]}],"cuboid":[{"name":"box3D","coordinate_system":"CAM_LEFT","val":[-10.0,499.0,-1.0,0,-1.0,0,-1000.0,-1000.0,-1000.0]}],"num":[{"name":"truncated","val":-1.0},{"name":"occluded","val":-1},{"name":"alpha","val":-10.0}]}},"0":{"object_data":{"bbox":[{"name":"box2D_left","coordinate_system":"CAM_LEFT","val":[226.74,236.66,166.66,78.08]},{"name":"box2D_right","coordinate_system":"CAM_RIGHT","val":[202,236,171,78]}],"cuboid":[{"name":"box3D","coordinate_system":"CAM_LEFT","val":[-8.27,1.3,15.93,0,1.53,0,3.9,1.39,1.72]}],"num":[{"name":"truncated","val":0.0},{"name":"occluded","val":1},{"name":"alpha","val":2.0}]}},"1":{"object_data":{"bbox":[{"name":"box2D_left","coordinate_system":"CAM_LEFT","val":[414.905,200.395,66.27,40.87]},{"name":"box2D_right","coordinate_system":"CAM_RIGHT","val":[402,200,67,41]}],"cuboid":[{"name":"box3D","coordinate_system":"CAM_LEFT","val":[-8.44,1.14,31.45,0,1.55,0,4.08,1.64,1.83]}],"num":[{"name":"truncated","val":0.0},{"name":"occluded","val":2},{"name":"alpha","val":1.81}]}},"2":{"object_data":{"bbox":[{"name":"box2D_left","coordinate_system":"CAM_LEFT","val":[1007.095,206.125,370.35,231.31]},{"name":"box2D_right","coordinate_system":"CAM_RIGHT","val":[969,207,346,229]}],"cuboid":[{"name":"box3D","coordinate_system":"CAM_LEFT","val":[5.26,0.39,10.93,0,-1.56,0,5.59,2.58,2.5]}],"num":[{"name":"truncated","val":0.0},{"name":"occluded","val":3},{"name":"alpha","val":-2.0}]}},"3":{"object_data":{"bbox":[{"name":"box2D_left","coordinate_system":"CAM_LEFT","val":[1102.405,249.95,277.17,248.1]},{"name":"box2D_right","coordinate_system":"CAM_RIGHT","val":[1966,442,2096,778]}],"cuboid":[{"name":"box3D","coordinate_system":"CAM_LEFT","val":[5.24,0.68,4.93,0,-1.57,0,6.21,1.97,2.65]}],"num":[{"name":"truncated","val":1.0},{"name":"occluded","val":3},{"name":"alpha","val":-2.35}]}},"6":{"object_data":{"bbox":[{"name":"box2D_left","coordinate_system":"CAM_LEFT","val":[522.78,182.475,30.52,32.55]},{"name":"box2D_right","coordinate_system":"CAM_RIGHT","val":[518,182,30,32]}],"cuboid":[{"name":"box3D","coordinate_system":"CAM_LEFT","val":[-9.61,1.05,80.26,0,1.52,0,7.02,3.43,2.81]}],"num":[{"name":"truncated","val":0.0},{"name":"occluded","val":1},{"name":"alpha","val":1.64}]}},"8":{"object_data":{"bbox":[{"name":"box2D_left","coordinate_system":"CAM_LEFT","val":[622.48,188.42499999999998,18.82,14.09]},{"name":"box2D_right","coordinate_system":"CAM_RIGHT","val":[616,188,18,14]}],"cuboid":[{"name":"box3D","coordinate_system":"CAM_LEFT","val":[1.12,1.43,67.26,0,-1.59,0,3.55,1.25,1.59]}],"num":[{"name":"truncated","val":0.0},{"name":"occluded","val":0},{"name":"alpha","val":-1.61}]}},"-2":{}}},"1":{"frame_properties":{"transforms":{"vehicle-iso8855_to_odom":{"src":"vehicle-iso8855","dst":"odom","transform_src_to_dst":{"matrix4x4":[0.9999907133128791,0.004221230324482532,0.0008686210604718885,1.4877505951191963,-0.004221328154259285,0.999991084013581,0.00011082399387430415,0.00025050888031494337,-0.0008681455022546834,-0.0001144896992245011,0.9999996166076743,0.01218732589957738,0.0,0.0,0.0,1.0]}}}},"objects":{"-1":{"object_data":{"bbox":[{"name":"box2D0_left","coordinate_system":"CAM_LEFT","val":[473.04499999999996,196.245,51.43,27.17]},{"name":"box2D1_left","coordinate_system":"CAM_LEFT","val":[566.195,187.515,49.49,15.53]}],"cuboid":[{"name":"box3D","coordinate_system":"CAM_LEFT","val":[-10.0,499.0,-1.0,0,-1.0,0,-1000.0,-1000.0,-1000.0]}],"num":[{"name":"truncated","val":-1.0},{"name":"occluded","val":-1},{"name":"alpha","val":-10.0}]}},"0":{"object_data":{"bbox":[{"name":"box2D_left","coordinate_system":"CAM_LEFT","val":[125.07000000000001,252.84500000000003,243.56,103.03]},{"name":"box2D_right","coordinate_system":"CAM_RIGHT","val":[94,252,251,103]}],"cuboid":[{"name":"box3D","coordinate_system":"CAM_LEFT","val":[-8.24,1.26,12.69,0,1.54,0,3.9,1.39,1.72]}],"num":[{"name":"truncated","val":0.0},{"name":"occluded","val":3},{"name":"alpha","val":2.11}]}},"1":{"object_data":{"bbox":[{"name":"box2D_left","coordinate_system":"CAM_LEFT","val":[391.06,203.675,76.74,45.61]},{"name":"box2D_right","coordinate_system":"CAM_RIGHT","val":[377,203,77,46]}],"cuboid":[{"name":"box3D","coordinate_system":"CAM_LEFT","val":[-8.55,1.14,28.42,0,1.55,0,4.08,1.64,1.83]}],"num":[{"name":"truncated","val":0.0},{"name":"occluded","val":2},{"name":"alpha","val":1.84}]}},"2":{"object_data":{"bbox":[{"name":"box2D_left","coordinate_system":"CAM_LEFT","val":[1043.0249999999999,213.64000000000001,395.95,284.1]},{"name":"box2D_right","coordinate_system":"CAM_RIGHT","val":[1040,214,447,281]}],"cuboid":[{"name":"box3D","coordinate_system":"CAM_LEFT","val":[5.22,0.38,9.4,0,-1.57,0,5.59,2.58,2.5]}],"num":[{"name":"truncated","val":0.0},{"name":"occluded","val":3},{"name":"alpha","val":-2.06}]}},"3":{"object_data":{"bbox":[{"name":"box2D_left","coordinate_system":"CAM_LEFT","val":[1145.755,249.615,190.49,248.77]},{"name":"box2D_right","coordinate_system":"CAM_RIGHT","val":[9067,1938,16144,5330]}],"cuboid":[{"name":"box3D","coordinate_system":"CAM_LEFT","val":[5.26,0.65,3.37,0,-1.57,0,6.21,1.97,2.65]}],"num":[{"name":"truncated","val":1.0},{"name":"occluded","val":3},{"name":"alpha","val":-2.53}]}},"6":{"object_data":{"bbox":[{"name":"box2D_left","coordinate_system":"CAM_LEFT","val":[516.555,181.675,32.35,33.93]},{"name":"box2D_right","coordinate_system":"CAM_RIGHT","val":[511,182,31,33]}],"cuboid":[{"name":"box3D","coordinate_system":"CAM_LEFT","val":[-9.9,0.93,77.12,0,1.52,0,7.02,3.43,2.81]}],"num":[{"name":"truncated","val":0.0},{"name":"occluded","val":1},{"name":"alpha","val":1.65}]}},"8":{"object_data":{"bbox":[{"name":"box2D_left","coordinate_system":"CAM_LEFT","val":[618.67,188.14000000000001,18.6,14.04]},{"name":"box2D_right","coordinate_system":"CAM_RIGHT","val":[612,188,17,14]}],"cuboid":[{"name":"box3D","coordinate_system":"CAM_LEFT","val":[0.77,1.4,67.38,0,-1.59,0,3.55,1.25,1.59]}],"num":[{"name":"truncated","val":0.0},{"name":"occluded","val":0},{"name":"alpha","val":-1.6}]}},"-2":{}}},"2":{"frame_properties":{"transforms":{"vehicle-iso8855_to_odom":{"src":"vehicle-iso8855","dst":"odom","transform_src_to_dst":{"matrix4x4":[0.999963279508878,0.008497204704981257,0.0011122706735180578,2.981621452325859,-0.008496990521435235,0.9999638804899916,-0.0001971483614913124,-0.006002496977260575,-0.001113905708831173,0.0001876901687365132,0.9999993619930325,0.022695240700938646,0.0,0.0,0.0,1.0]}}}},"objects":{"-1":{"object_data":{"bbox":[{"name":"box2D0_left","coordinate_system":"CAM_LEFT","val":[563.7650000000001,184.115,44.63,24.25]}],"cuboid":[{"name":"box3D","coordinate_system":"CAM_LEFT","val":[-10.0,499.0,-1.0,0,-1.0,0,-1000.0,-1000.0,-1000.0]}],"num":[{"name":"truncated","val":-1.0},{"name":"occluded","val":-1},{"name":"alpha","val":-10.0}]}},"0":{"object_data":{"bbox":[{"name":"box2D_left","coordinate_system":"CAM_LEFT","val":[73.725,270.06,147.45,125.76]},{"name":"box2D_right","coordinate_system":"CAM_RIGHT","val":[-97,282,421,151]}],"cuboid":[{"name":"box3D","coordinate_system":"CAM_LEFT","val":[-8.21,1.23,9.44,0,1.56,0,3.9,1.39,1.72]}],"num":[{"name":"truncated","val":1.0},{"name":"occluded","val":3},{"name":"alpha","val":2.26}]}},"1":{"object_data":{"bbox":[{"name":"box2D_left","coordinate_system":"CAM_LEFT","val":[361.4,207.73999999999998,90.66,51.7]},{"name":"box2D_right","coordinate_system":"CAM_RIGHT","val":[346,207,92,52]}],"cuboid":[{"name":"box3D","coordinate_system":"CAM_LEFT","val":[-8.66,1.14,25.4,0,1.55,0,4.08,1.64,1.83]}],"num":[{"name":"truncated","val":0.0},{"name":"occluded","val":2},{"name":"alpha","val":1.87}]}},"2":{"object_data":{"bbox":[{"name":"box2D_left","coordinate_system":"CAM_LEFT","val":[1057.93,207.93,366.14,332.14]},{"name":"box2D_right","coordinate_system":"CAM_RIGHT","val":[1149,227,615,367]}],"cuboid":[{"name":"box3D","coordinate_system":"CAM_LEFT","val":[5.18,0.38,7.87,0,-1.58,0,5.59,2.58,2.5]}],"num":[{"name":"truncated","val":1.0},{"name":"occluded","val":3},{"name":"alpha","val":-2.14}]}},"4":{"object_data":{"bbox":[{"name":"box2D_left","coordinate_system":"CAM_LEFT","val":[451.15000000000003,199.35999999999999,42.96,28.94]},{"name":"box2D_right","coordinate_system":"CAM_RIGHT","val":[442,199,43,29]}],"cuboid":[{"name":"box3D","coordinate_system":"CAM_LEFT","val":[-9.26,1.49,42.26,0,1.52,0,4.37,1.56,1.73]}],"num":[{"name":"truncated","val":0.0},{"name":"occluded","val":1},{"name":"alpha","val":1.73}]}},"5":{"object_data":{"bbox":[{"name":"box2D_left","coordinate_system":"CAM_LEFT","val":[483.415,195.09,27.85,21.86]},{"name":"box2D_right","coordinate_system":"CAM_RIGHT","val":[476,194,27,21]}],"cuboid":[{"name":"box3D","coordinate_system":"CAM_LEFT","val":[-9.66,1.67,55.15,0,1.56,0,2.65,1.59,1.67]}],"num":[{"name":"truncated","val":0.0},{"name":"occluded","val":1},{"name":"alpha","val":1.73}]}},"6":{"object_data":{"bbox":[{"name":"box2D_left","coordinate_system":"CAM_LEFT","val":[510.395,181.67,34.27,35.4]},{"name":"box2D_right","coordinate_system":"CAM_RIGHT","val":[505,181,33,35]}],"cuboid":[{"name":"box3D","coordinate_system":"CAM_LEFT","val":[-10.14,0.89,74.06,0,1.52,0,7.02,3.43,2.81]}],"num":[{"name":"truncated","val":0.0},{"name":"occluded","val":1},{"name":"alpha","val":1.66}]}},"8":{"object_data":{"bbox":[{"name":"box2D_left","coordinate_system":"CAM_LEFT","val":[614.875,187.86,18.39,14.0]},{"name":"box2D_right","coordinate_system":"CAM_RIGHT","val":[609,187,17,14]}],"cuboid":[{"name":"box3D","coordinate_system":"CAM_LEFT","val":[0.42,1.38,67.51,0,-1.59,0,3.55,1.25,1.59]}],"num":[{"name":"truncated","val":0.0},{"name":"occluded","val":0},{"name":"alpha","val":-1.6}]}},"-2":{}}},"3":{"frame_properties":{"transforms":{"vehicle-iso8855_to_odom":{"src":"vehicle-iso8855","dst":"odom","transform_src_to_dst":{"matrix4x4":[0.9999122911045688,0.013177551686912953,0.0013274899435874326,4.630675954320148,-0.013176082695747458,0.9999125762977219,-0.001109327024727083,-0.020031005437144898,-0.0013419921037078524,0.0010917386096045906,0.9999985035808814,0.033066031188160636,0.0,0.0,0.0,1.0]}}}},"objects":{"-1":{"object_data":{"bbox":[{"name":"box2D0_left","coordinate_system":"CAM_LEFT","val":[562.46,191.23000000000002,74.46,27.78]}],"cuboid":[{"name":"box3D","coordinate_system":"CAM_LEFT","val":[-10.0,499.0,-1.0,0,-1.0,0,-1000.0,-1000.0,-1000.0]}],"num":[{"name":"truncated","val":-1.0},{"name":"occluded","val":-1},{"name":"alpha","val":-10.0}]}},"1":{"object_data":{"bbox":[{"name":"box2D_left","coordinate_system":"CAM_LEFT","val":[323.485,212.99499999999998,109.83,59.65]},{"name":"box2D_right","coordinate_system":"CAM_RIGHT","val":[306,213,112,60]}],"cuboid":[{"name":"box3D","coordinate_system":"CAM_LEFT","val":[-8.77,1.16,22.37,0,1.55,0,4.08,1.64,1.83]}],"num":[{"name":"truncated","val":0.0},{"name":"occluded","val":2},{"name":"alpha","val":1.92}]}},"2":{"object_data":{"bbox":[{"name":"box2D_left","coordinate_system":"CAM_LEFT","val":[1077.87,200.32500000000002,326.26,347.35]},{"name":"box2D_right","coordinate_system":"CAM_RIGHT","val":[1347,249,940,528]}],"cuboid":[{"name":"box3D","coordinate_system":"CAM_LEFT","val":[5.15,0.37,6.34,0,-1.59,0,5.59,2.58,2.5]}],"num":[{"name":"truncated","val":1.0},{"name":"occluded","val":3},{"name":"alpha","val":-2.25}]}},"4":{"object_data":{"bbox":[{"name":"box2D_left","coordinate_system":"CAM_LEFT","val":[436.515,201.66,48.41,31.26]},{"name":"box2D_right","coordinate_system":"CAM_RIGHT","val":[426,201,48,31]}],"cuboid":[{"name":"box3D","coordinate_system":"CAM_LEFT","val":[-9.44,1.51,39.45,0,1.53,0,4.37,1.56,1.73]}],"num":[{"name":"truncated","val":0.0},{"name":"occluded","val":1},{"name":"alpha","val":1.76}]}},"5":{"object_data":{"bbox":[{"name":"box2D_left","coordinate_system":"CAM_LEFT","val":[473.85,194.87,29.82,23.02]},{"name":"box2D_right","coordinate_system":"CAM_RIGHT","val":[466,194,29,23]}],"cuboid":[{"name":"box3D","coordinate_system":"CAM_LEFT","val":[-9.86,1.57,52.36,0,1.56,0,2.65,1.59,1.67]}],"num":[{"name":"truncated","val":0.0},{"name":"occluded","val":1},{"name":"alpha","val":1.74}]}},"6":{"object_data":{"bbox":[{"name":"box2D_left","coordinate_system":"CAM_LEFT","val":[503.7,181.675,36.4,36.99]},{"name":"box2D_right","coordinate_system":"CAM_RIGHT","val":[498,181,36,36]}],"cuboid":[{"name":"box3D","coordinate_system":"CAM_LEFT","val":[-10.37,0.85,71.03,0,1.52,0,7.02,3.43,2.81]}],"num":[{"name":"truncated","val":0.0},{"name":"occluded","val":1},{"name":"alpha","val":1.67}]}},"8":{"object_data":{"bbox":[{"name":"box2D_left","coordinate_system":"CAM_LEFT","val":[611.09,187.57999999999998,18.18,13.96]},{"name":"box2D_right","coordinate_system":"CAM_RIGHT","val":[605,187,17,14]}],"cuboid":[{"name":"box3D","coordinate_system":"CAM_LEFT","val":[0.06,1.36,67.64,0,-1.59,0,3.55,1.25,1.59]}],"num":[{"name":"truncated","val":0.0},{"name":"occluded","val":0},{"name":"alpha","val":-1.59}]}},"-2":{}}},"4":{"frame_properties":{"transforms":{"vehicle-iso8855_to_odom":{"src":"vehicle-iso8855","dst":"odom","transform_src_to_dst":{"matrix4x4":[0.9998476480413696,0.017433997319085234,0.0008581629329308913,6.1330899624168325,-0.017433313111195507,0.9998477094635004,-0.0007984200392309312,-0.03945692339402621,-0.0008719518956608877,0.0007833377752639397,0.9999993130406749,0.04340453671683084,0.0,0.0,0.0,1.0]}}}},"objects":{"-1":{"object_data":{"bbox":[{"name":"box2D0_left","coordinate_system":"CAM_LEFT","val":[556.97,184.60000000000002,46.56,29.1]}],"cuboid":[{"name":"box3D","coordinate_system":"CAM_LEFT","val":[-10.0,499.0,-1.0,0,-1.0,0,-1000.0,-1000.0,-1000.0]}],"num":[{"name":"truncated","val":-1.0},{"name":"occluded","val":-1},{"name":"alpha","val":-10.0}]}},"1":{"object_data":{"bbox":[{"name":"box2D_left","coordinate_system":"CAM_LEFT","val":[274.38,216.9,138.9,70.94]},{"name":"box2D_right","coordinate_system":"CAM_RIGHT","val":[254,217,141,71]}],"cuboid":[{"name":"box3D","coordinate_system":"CAM_LEFT","val":[-8.69,1.06,19.04,0,1.54,0,4.08,1.64,1.83]}],"num":[{"name":"truncated","val":0.0},{"name":"occluded","val":2},{"name":"alpha","val":1.97}]}},"2":{"object_data":{"bbox":[{"name":"box2D_left","coordinate_system":"CAM_LEFT","val":[1105.905,199.775,270.19,348.45]},{"name":"box2D_right","coordinate_system":"CAM_RIGHT","val":[1819,305,1789,943]}],"cuboid":[{"name":"box3D","coordinate_system":"CAM_LEFT","val":[5.11,0.36,4.8,0,-1.6,0,5.59,2.58,2.5]}],"num":[{"name":"truncated","val":2.0},{"name":"occluded","val":3},{"name":"alpha","val":-2.38}]}},"4":{"object_data":{"bbox":[{"name":"box2D_left","coordinate_system":"CAM_LEFT","val":[419.59499999999997,204.33,54.93,33.98]},{"name":"box2D_right","coordinate_system":"CAM_RIGHT","val":[409,204,55,34]}],"cuboid":[{"name":"box3D","coordinate_system":"CAM_LEFT","val":[-9.61,1.53,36.64,0,1.54,0,4.37,1.56,1.73]}],"num":[{"name":"truncated","val":0.0},{"name":"occluded","val":0},{"name":"alpha","val":1.79}]}},"5":{"object_data":{"bbox":[{"name":"box2D_left","coordinate_system":"CAM_LEFT","val":[463.495,195.745,32.17,24.49]},{"name":"box2D_right","coordinate_system":"CAM_RIGHT","val":[455,195,31,24]}],"cuboid":[{"name":"box3D","coordinate_system":"CAM_LEFT","val":[-10.0,1.54,49.31,0,1.55,0,2.65,1.59,1.67]}],"num":[{"name":"truncated","val":0.0},{"name":"occluded","val":0},{"name":"alpha","val":1.75}]}},"6":{"object_data":{"bbox":[{"name":"box2D_left","coordinate_system":"CAM_LEFT","val":[496.4,181.68,38.8,38.74]},{"name":"box2D_right","coordinate_system":"CAM_RIGHT","val":[490,182,38,38]}],"cuboid":[{"name":"box3D","coordinate_system":"CAM_LEFT","val":[-10.61,0.82,67.98,0,1.52,0,7.02,3.43,2.81]}],"num":[{"name":"truncated","val":0.0},{"name":"occluded","val":1},{"name":"alpha","val":1.68}]}},"8":{"object_data":{"bbox":[{"name":"box2D_left","coordinate_system":"CAM_LEFT","val":[607.32,187.3,17.98,13.94]},{"name":"box2D_right","coordinate_system":"CAM_RIGHT","val":[601,187,17,14]}],"cuboid":[{"name":"box3D","coordinate_system":"CAM_LEFT","val":[-0.28,1.33,67.77,0,-1.59,0,3.55,1.25,1.59]}],"num":[{"name":"truncated","val":0.0},{"name":"occluded","val":0},{"name":"alpha","val":-1.59}]}},"-2":{}}},"5":{"frame_properties":{"transforms":{"vehicle-iso8855_to_odom":{"src":"vehicle-iso8855","dst":"odom","transform_src_to_dst":{"matrix4x4":[0.9997522371360769,0.022253577805312102,0.0004925609328976807,7.790993524241494,-0.02225326424055039,0.9997521649446973,-0.0006331816732894718,-0.06834195971216694,-0.0005065294166630758,0.0006220637057903676,0.9999996782322963,0.05549179693356869,0.0,0.0,0.0,1.0]}}}},"objects":{"-1":{"object_data":{"bbox":[{"name":"box2D0_left","coordinate_system":"CAM_LEFT","val":[553.57,186.055,51.42,30.07]}],"cuboid":[{"name":"box3D","coordinate_system":"CAM_LEFT","val":[-10.0,499.0,-1.0,0,-1.0,0,-1000.0,-1000.0,-1000.0]}],"num":[{"name":"truncated","val":-1.0},{"name":"occluded","val":-1},{"name":"alpha","val":-10.0}]}},"1":{"object_data":{"bbox":[{"name":"box2D_left","coordinate_system":"CAM_LEFT","val":[208.215,225.345,180.97,86.57]},{"name":"box2D_right","coordinate_system":"CAM_RIGHT","val":[184,225,185,87]}],"cuboid":[{"name":"box3D","coordinate_system":"CAM_LEFT","val":[-8.69,1.04,16.01,0,1.53,0,4.08,1.64,1.83]}],"num":[{"name":"truncated","val":0.0},{"name":"occluded","val":2},{"name":"alpha","val":2.03}]}},"2":{"object_data":{"bbox":[{"name":"box2D_left","coordinate_system":"CAM_LEFT","val":[1148.2150000000001,198.725,185.55,350.55]},{"name":"box2D_right","coordinate_system":"CAM_RIGHT","val":[4875,750,7750,4114]}],"cuboid":[{"name":"box3D","coordinate_system":"CAM_LEFT","val":[5.07,0.36,3.28,0,-1.6,0,5.59,2.58,2.5]}],"num":[{"name":"truncated","val":2.0},{"name":"occluded","val":3},{"name":"alpha","val":-2.56}]}},"4":{"object_data":{"bbox":[{"name":"box2D_left","coordinate_system":"CAM_LEFT","val":[400.65,206.45,61.66,37.28]},{"name":"box2D_right","coordinate_system":"CAM_RIGHT","val":[389,206,62,37]}],"cuboid":[{"name":"box3D","coordinate_system":"CAM_LEFT","val":[-9.69,1.51,33.64,0,1.53,0,4.37,1.56,1.73]}],"num":[{"name":"truncated","val":0.0},{"name":"occluded","val":0},{"name":"alpha","val":1.81}]}},"5":{"object_data":{"bbox":[{"name":"box2D_left","coordinate_system":"CAM_LEFT","val":[451.775,196.74,34.91,26.16]},{"name":"box2D_right","coordinate_system":"CAM_RIGHT","val":[443,196,34,26]}],"cuboid":[{"name":"box3D","coordinate_system":"CAM_LEFT","val":[-10.14,1.5,46.27,0,1.55,0,2.65,1.59,1.67]}],"num":[{"name":"truncated","val":0.0},{"name":"occluded","val":0},{"name":"alpha","val":1.77}]}},"6":{"object_data":{"bbox":[{"name":"box2D_left","coordinate_system":"CAM_LEFT","val":[488.40500000000003,181.68,41.49,40.66]},{"name":"box2D_right","coordinate_system":"CAM_RIGHT","val":[482,182,41,40]}],"cuboid":[{"name":"box3D","coordinate_system":"CAM_LEFT","val":[-10.84,0.78,64.94,0,1.52,0,7.02,3.43,2.81]}],"num":[{"name":"truncated","val":0.0},{"name":"occluded","val":1},{"name":"alpha","val":1.69}]}},"8":{"object_data":{"bbox":[{"name":"box2D_left","coordinate_system":"CAM_LEFT","val":[602.935,187.305,17.85,13.91]},{"name":"box2D_right","coordinate_system":"CAM_RIGHT","val":[597,187,17,14]}],"cuboid":[{"name":"box3D","coordinate_system":"CAM_LEFT","val":[-0.69,1.34,67.89,0,-1.6,0,3.55,1.25,1.59]}],"num":[{"name":"truncated","val":0.0},{"name":"occluded","val":0},{"name":"alpha","val":-1.58}]}},"-2":{}}},"6":{"frame_properties":{"transforms":{"vehicle-iso8855_to_odom":{"src":"vehicle-iso8855","dst":"odom","transform_src_to_dst":{"matrix4x4":[0.9996441996778322,0.026594768372222948,0.002047521842038741,9.303381129476472,-0.026595444411032308,0.9996462324899987,0.00030365297842320694,-0.10041538434353801,-0.0020387219147083033,-0.00035799969192597736,0.9999978577222929,0.06656562141037657,0.0,0.0,0.0,1.0]}}}},"objects":{"-1":{"object_data":{"bbox":[{"name":"box2D0_left","coordinate_system":"CAM_LEFT","val":[546.7800000000001,187.025,51.42,30.07]}],"cuboid":[{"name":"box3D","coordinate_system":"CAM_LEFT","val":[-10.0,499.0,-1.0,0,-1.0,0,-1000.0,-1000.0,-1000.0]}],"num":[{"name":"truncated","val":-1.0},{"name":"occluded","val":-1},{"name":"alpha","val":-10.0}]}},"1":{"object_data":{"bbox":[{"name":"box2D_left","coordinate_system":"CAM_LEFT","val":[117.71,238.305,235.42,110.73]},{"name":"box2D_right","coordinate_system":"CAM_RIGHT","val":[78,238,262,112]}],"cuboid":[{"name":"box3D","coordinate_system":"CAM_LEFT","val":[-8.69,1.02,12.97,0,1.53,0,4.08,1.64,1.83]}],"num":[{"name":"truncated","val":0.0},{"name":"occluded","val":3},{"name":"alpha","val":2.11}]}},"4":{"object_data":{"bbox":[{"name":"box2D_left","coordinate_system":"CAM_LEFT","val":[377.93,209.01500000000001,70.24,41.31]},{"name":"box2D_right","coordinate_system":"CAM_RIGHT","val":[365,209,70,41]}],"cuboid":[{"name":"box3D","coordinate_system":"CAM_LEFT","val":[-9.77,1.47,30.64,0,1.52,0,4.37,1.56,1.73]}],"num":[{"name":"truncated","val":0.0},{"name":"occluded","val":0},{"name":"alpha","val":1.83}]}},"5":{"object_data":{"bbox":[{"name":"box2D_left","coordinate_system":"CAM_LEFT","val":[438.4,197.88,38.14,28.06]},{"name":"box2D_right","coordinate_system":"CAM_RIGHT","val":[429,197,38,28]}],"cuboid":[{"name":"box3D","coordinate_system":"CAM_LEFT","val":[-10.27,1.47,43.22,0,1.55,0,2.65,1.59,1.67]}],"num":[{"name":"truncated","val":0.0},{"name":"occluded","val":0},{"name":"alpha","val":1.78}]}},"6":{"object_data":{"bbox":[{"name":"box2D_left","coordinate_system":"CAM_LEFT","val":[479.615,181.68,44.53,42.78]},{"name":"box2D_right","coordinate_system":"CAM_RIGHT","val":[473,182,44,42]}],"cuboid":[{"name":"box3D","coordinate_system":"CAM_LEFT","val":[-11.08,0.74,61.89,0,1.52,0,7.02,3.43,2.81]}],"num":[{"name":"truncated","val":0.0},{"name":"occluded","val":1},{"name":"alpha","val":1.7}]}},"8":{"object_data":{"bbox":[{"name":"box2D_left","coordinate_system":"CAM_LEFT","val":[598.57,187.32,17.72,13.88]},{"name":"box2D_right","coordinate_system":"CAM_RIGHT","val":[592,187,17,14]}],"cuboid":[{"name":"box3D","coordinate_system":"CAM_LEFT","val":[-1.11,1.34,68.02,0,-1.6,0,3.55,1.25,1.59]}],"num":[{"name":"truncated","val":0.0},{"name":"occluded","val":0},{"name":"alpha","val":-1.58}]}},"-2":{}}},"7":{"frame_properties":{"transforms":{"vehicle-iso8855_to_odom":{"src":"vehicle-iso8855","dst":"odom","transform_src_to_dst":{"matrix4x4":[0.9995146817955078,0.03097675768610645,0.0032926218247015097,10.817939295907546,-0.03097913249845313,0.9995198051167291,0.0006727028018915382,-0.1389644798576787,-0.0032702025728597824,-0.0007743788947502928,0.9999943530402858,0.07739410296520172,0.0,0.0,0.0,1.0]}}}},"objects":{"-1":{"object_data":{"bbox":[{"name":"box2D0_left","coordinate_system":"CAM_LEFT","val":[541.4499999999999,184.60000000000002,54.34,23.28]}],"cuboid":[{"name":"box3D","coordinate_system":"CAM_LEFT","val":[-10.0,499.0,-1.0,0,-1.0,0,-1000.0,-1000.0,-1000.0]}],"num":[{"name":"truncated","val":-1.0},{"name":"occluded","val":-1},{"name":"alpha","val":-10.0}]}},"1":{"object_data":{"bbox":[{"name":"box2D_left","coordinate_system":"CAM_LEFT","val":[70.15,250.08999999999997,140.3,131.66]},{"name":"box2D_right","coordinate_system":"CAM_RIGHT","val":[-98,261,414,156]}],"cuboid":[{"name":"box3D","coordinate_system":"CAM_LEFT","val":[-8.69,1.0,9.94,0,1.52,0,4.08,1.64,1.83]}],"num":[{"name":"truncated","val":1.0},{"name":"occluded","val":3},{"name":"alpha","val":2.22}]}},"4":{"object_data":{"bbox":[{"name":"box2D_left","coordinate_system":"CAM_LEFT","val":[350.175,212.175,81.51,46.29]},{"name":"box2D_right","coordinate_system":"CAM_RIGHT","val":[336,212,83,47]}],"cuboid":[{"name":"box3D","coordinate_system":"CAM_LEFT","val":[-9.86,1.43,27.64,0,1.52,0,4.37,1.56,1.73]}],"num":[{"name":"truncated","val":0.0},{"name":"occluded","val":1},{"name":"alpha","val":1.86}]}},"5":{"object_data":{"bbox":[{"name":"box2D_left","coordinate_system":"CAM_LEFT","val":[422.985,199.2,41.99,30.28]},{"name":"box2D_right","coordinate_system":"CAM_RIGHT","val":[413,199,42,30]}],"cuboid":[{"name":"box3D","coordinate_system":"CAM_LEFT","val":[-10.4,1.43,40.18,0,1.55,0,2.65,1.59,1.67]}],"num":[{"name":"truncated","val":0.0},{"name":"occluded","val":0},{"name":"alpha","val":1.8}]}},"6":{"object_data":{"bbox":[{"name":"box2D_left","coordinate_system":"CAM_LEFT","val":[471.27000000000004,181.865,47.82,45.11]},{"name":"box2D_right","coordinate_system":"CAM_RIGHT","val":[464,182,47,44]}],"cuboid":[{"name":"box3D","coordinate_system":"CAM_LEFT","val":[-11.21,0.72,58.88,0,1.52,0,7.02,3.43,2.81]}],"num":[{"name":"truncated","val":0.0},{"name":"occluded","val":1},{"name":"alpha","val":1.71}]}},"8":{"object_data":{"bbox":[{"name":"box2D_left","coordinate_system":"CAM_LEFT","val":[594.2149999999999,187.33,17.59,13.86]},{"name":"box2D_right","coordinate_system":"CAM_RIGHT","val":[588,187,17,13]}],"cuboid":[{"name":"box3D","coordinate_system":"CAM_LEFT","val":[-1.52,1.34,68.14,0,-1.6,0,3.55,1.25,1.59]}],"num":[{"name":"truncated","val":0.0},{"name":"occluded","val":0},{"name":"alpha","val":-1.58}]}},"-2":{}}},"8":{"frame_properties":{"transforms":{"vehicle-iso8855_to_odom":{"src":"vehicle-iso8855","dst":"odom","transform_src_to_dst":{"matrix4x4":[0.9993537243444275,0.0358333230970062,0.002847208237469028,12.48776899191206,-0.03583670252828189,0.9993570032619723,0.0011448943835111038,-0.19083099175980903,-0.0028043521215035524,-0.0012461890207850848,0.9999952912999656,0.08682884621791431,0.0,0.0,0.0,1.0]}}}},"objects":{"-1":{"object_data":{"bbox":[{"name":"box2D0_left","coordinate_system":"CAM_LEFT","val":[537.565,186.055,52.39,24.25]}],"cuboid":[{"name":"box3D","coordinate_system":"CAM_LEFT","val":[-10.0,499.0,-1.0,0,-1.0,0,-1000.0,-1000.0,-1000.0]}],"num":[{"name":"truncated","val":-1.0},{"name":"occluded","val":-1},{"name":"alpha","val":-10.0}]}},"4":{"object_data":{"bbox":[{"name":"box2D_left","coordinate_system":"CAM_LEFT","val":[315.48499999999996,216.165,96.79,52.65]},{"name":"box2D_right","coordinate_system":"CAM_RIGHT","val":[300,216,98,53]}],"cuboid":[{"name":"box3D","coordinate_system":"CAM_LEFT","val":[-9.94,1.39,24.65,0,1.51,0,4.37,1.56,1.73]}],"num":[{"name":"truncated","val":0.0},{"name":"occluded","val":1},{"name":"alpha","val":1.89}]}},"5":{"object_data":{"bbox":[{"name":"box2D_left","coordinate_system":"CAM_LEFT","val":[405.03,200.74,46.66,32.88]},{"name":"box2D_right","coordinate_system":"CAM_RIGHT","val":[394,200,46,32]}],"cuboid":[{"name":"box3D","coordinate_system":"CAM_LEFT","val":[-10.53,1.4,37.13,0,1.55,0,2.65,1.59,1.67]}],"num":[{"name":"truncated","val":0.0},{"name":"occluded","val":0},{"name":"alpha","val":1.82}]}},"6":{"object_data":{"bbox":[{"name":"box2D_left","coordinate_system":"CAM_LEFT","val":[462.02000000000004,182.075,51.58,47.71]},{"name":"box2D_right","coordinate_system":"CAM_RIGHT","val":[455,182,51,47]}],"cuboid":[{"name":"box3D","coordinate_system":"CAM_LEFT","val":[-11.34,0.7,55.87,0,1.52,0,7.02,3.43,2.81]}],"num":[{"name":"truncated","val":0.0},{"name":"occluded","val":1},{"name":"alpha","val":1.72}]}},"8":{"object_data":{"bbox":[{"name":"box2D_left","coordinate_system":"CAM_LEFT","val":[589.875,187.33499999999998,17.47,13.83]},{"name":"box2D_right","coordinate_system":"CAM_RIGHT","val":[584,187,17,13]}],"cuboid":[{"name":"box3D","coordinate_system":"CAM_LEFT","val":[-1.93,1.35,68.27,0,-1.61,0,3.55,1.25,1.59]}],"num":[{"name":"truncated","val":0.0},{"name":"occluded","val":0},{"name":"alpha","val":-1.58}]}},"-2":{}}},"9":{"frame_properties":{"transforms":{"vehicle-iso8855_to_odom":{"src":"vehicle-iso8855","dst":"odom","transform_src_to_dst":{"matrix4x4":[0.9991945381505712,0.0400781334566127,0.00200453204025619,14.007942051273735,-0.040081186662924394,0.9991952900992835,0.0015068905404449428,-0.24467640061843907,-0.0019425256132926327,-0.0015860208204806704,0.9999968555611557,0.09403789231268843,0.0,0.0,0.0,1.0]}}}},"objects":{"-1":{"object_data":{"bbox":[{"name":"box2D0_left","coordinate_system":"CAM_LEFT","val":[535.145,184.60000000000002,51.43,25.22]}],"cuboid":[{"name":"box3D","coordinate_system":"CAM_LEFT","val":[-10.0,499.0,-1.0,0,-1.0,0,-1000.0,-1000.0,-1000.0]}],"num":[{"name":"truncated","val":-1.0},{"name":"occluded","val":-1},{"name":"alpha","val":-10.0}]}},"4":{"object_data":{"bbox":[{"name":"box2D_left","coordinate_system":"CAM_LEFT","val":[270.88,221.37,118.38,61.02]},{"name":"box2D_right","coordinate_system":"CAM_RIGHT","val":[253,221,120,62]}],"cuboid":[{"name":"box3D","coordinate_system":"CAM_LEFT","val":[-10.02,1.36,21.65,0,1.5,0,4.37,1.56,1.73]}],"num":[{"name":"truncated","val":0.0},{"name":"occluded","val":1},{"name":"alpha","val":1.93}]}},"5":{"object_data":{"bbox":[{"name":"box2D_left","coordinate_system":"CAM_LEFT","val":[386.265,203.585,51.99,36.07]},{"name":"box2D_right","coordinate_system":"CAM_RIGHT","val":[375,203,52,36]}],"cuboid":[{"name":"box3D","coordinate_system":"CAM_LEFT","val":[-10.54,1.41,34.04,0,1.54,0,2.65,1.59,1.67]}],"num":[{"name":"truncated","val":0.0},{"name":"occluded","val":0},{"name":"alpha","val":1.84}]}},"6":{"object_data":{"bbox":[{"name":"box2D_left","coordinate_system":"CAM_LEFT","val":[451.69,182.305,55.9,50.61]},{"name":"box2D_right","coordinate_system":"CAM_RIGHT","val":[444,182,55,50]}],"cuboid":[{"name":"box3D","coordinate_system":"CAM_LEFT","val":[-11.47,0.67,52.86,0,1.52,0,7.02,3.43,2.81]}],"num":[{"name":"truncated","val":0.0},{"name":"occluded","val":1},{"name":"alpha","val":1.74}]}},"8":{"object_data":{"bbox":[{"name":"box2D_left","coordinate_system":"CAM_LEFT","val":[585.515,187.345,17.43,13.81]},{"name":"box2D_right","coordinate_system":"CAM_RIGHT","val":[579,187,17,13]}],"cuboid":[{"name":"box3D","coordinate_system":"CAM_LEFT","val":[-2.34,1.35,68.39,0,-1.61,0,3.55,1.25,1.59]}],"num":[{"name":"truncated","val":0.0},{"name":"occluded","val":0},{"name":"alpha","val":-1.57}]}},"-2":{}}},"10":{"frame_properties":{"transforms":{"vehicle-iso8855_to_odom":{"src":"vehicle-iso8855","dst":"odom","transform_src_to_dst":{"matrix4x4":[0.999022583137495,0.04418478007318829,0.0012584081890352197,15.530499655050601,-0.04418721506627161,0.9990213102902666,0.001977779210607838,-0.3047483004171978,-0.001169788858435934,-0.0020314516491471537,0.9999972523953372,0.1052372913003491,0.0,0.0,0.0,1.0]}}}},"objects":{"-1":{"object_data":{"bbox":[{"name":"box2D0_left","coordinate_system":"CAM_LEFT","val":[530.775,185.57000000000002,58.21,27.16]}],"cuboid":[{"name":"box3D","coordinate_system":"CAM_LEFT","val":[-10.0,499.0,-1.0,0,-1.0,0,-1000.0,-1000.0,-1000.0]}],"num":[{"name":"truncated","val":-1.0},{"name":"occluded","val":-1},{"name":"alpha","val":-10.0}]}},"4":{"object_data":{"bbox":[{"name":"box2D_left","coordinate_system":"CAM_LEFT","val":[215.17499999999998,228.20999999999998,151.51,72.6]},{"name":"box2D_right","coordinate_system":"CAM_RIGHT","val":[194,227,154,73]}],"cuboid":[{"name":"box3D","coordinate_system":"CAM_LEFT","val":[-10.0,1.3,18.62,0,1.5,0,4.37,1.56,1.73]}],"num":[{"name":"truncated","val":0.0},{"name":"occluded","val":1},{"name":"alpha","val":1.99}]}},"5":{"object_data":{"bbox":[{"name":"box2D_left","coordinate_system":"CAM_LEFT","val":[363.73,207.015,58.7,39.97]},{"name":"box2D_right","coordinate_system":"CAM_RIGHT","val":[351,206,58,40]}],"cuboid":[{"name":"box3D","coordinate_system":"CAM_LEFT","val":[-10.55,1.42,30.97,0,1.53,0,2.65,1.59,1.67]}],"num":[{"name":"truncated","val":0.0},{"name":"occluded","val":0},{"name":"alpha","val":1.86}]}},"6":{"object_data":{"bbox":[{"name":"box2D_left","coordinate_system":"CAM_LEFT","val":[440.09,182.57,60.92,53.9]},{"name":"box2D_right","coordinate_system":"CAM_RIGHT","val":[432,183,60,53]}],"cuboid":[{"name":"box3D","coordinate_system":"CAM_LEFT","val":[-11.6,0.65,49.85,0,1.52,0,7.02,3.43,2.81]}],"num":[{"name":"truncated","val":0.0},{"name":"occluded","val":1},{"name":"alpha","val":1.75}]}},"8":{"object_data":{"bbox":[{"name":"box2D_left","coordinate_system":"CAM_LEFT","val":[581.1650000000001,187.35999999999999,17.39,13.78]},{"name":"box2D_right","coordinate_system":"CAM_RIGHT","val":[575,187,17,13]}],"cuboid":[{"name":"box3D","coordinate_system":"CAM_LEFT","val":[-2.76,1.36,68.52,0,-1.61,0,3.55,1.25,1.59]}],"num":[{"name":"truncated","val":0.0},{"name":"occluded","val":0},{"name":"alpha","val":-1.57}]}},"-2":{}}},"11":{"frame_properties":{"transforms":{"vehicle-iso8855_to_odom":{"src":"vehicle-iso8855","dst":"odom","transform_src_to_dst":{"matrix4x4":[0.9988191358035725,0.04856506110876888,0.0013299594376533367,17.20807518872976,-0.04856680489192329,0.9988190749938148,0.001311827386042722,-0.3768096518223745,-0.001264679878128866,-0.0013748701765733445,0.9999982551568796,0.12054487847867168,0.0,0.0,0.0,1.0]}}}},"objects":{"-1":{"object_data":{"bbox":[{"name":"box2D0_left","coordinate_system":"CAM_LEFT","val":[538.535,187.03,32.99,16.5]}],"cuboid":[{"name":"box3D","coordinate_system":"CAM_LEFT","val":[-10.0,499.0,-1.0,0,-1.0,0,-1000.0,-1000.0,-1000.0]}],"num":[{"name":"truncated","val":-1.0},{"name":"occluded","val":-1},{"name":"alpha","val":-10.0}]}},"4":{"object_data":{"bbox":[{"name":"box2D_left","coordinate_system":"CAM_LEFT","val":[136.4,238.105,204.08,89.57]},{"name":"box2D_right","coordinate_system":"CAM_RIGHT","val":[111,237,210,90]}],"cuboid":[{"name":"box3D","coordinate_system":"CAM_LEFT","val":[-9.96,1.26,15.58,0,1.51,0,4.37,1.56,1.73]}],"num":[{"name":"truncated","val":0.0},{"name":"occluded","val":2},{"name":"alpha","val":2.07}]}},"5":{"object_data":{"bbox":[{"name":"box2D_left","coordinate_system":"CAM_LEFT","val":[336.17,211.225,67.4,44.81]},{"name":"box2D_right","coordinate_system":"CAM_RIGHT","val":[322,211,67,44]}],"cuboid":[{"name":"box3D","coordinate_system":"CAM_LEFT","val":[-10.55,1.44,27.88,0,1.52,0,2.65,1.59,1.67]}],"num":[{"name":"truncated","val":0.0},{"name":"occluded","val":1},{"name":"alpha","val":1.88}]}},"6":{"object_data":{"bbox":[{"name":"box2D_left","coordinate_system":"CAM_LEFT","val":[426.96500000000003,182.875,66.83,57.65]},{"name":"box2D_right","coordinate_system":"CAM_RIGHT","val":[419,183,66,57]}],"cuboid":[{"name":"box3D","coordinate_system":"CAM_LEFT","val":[-11.73,0.63,46.84,0,1.52,0,7.02,3.43,2.81]}],"num":[{"name":"truncated","val":0.0},{"name":"occluded","val":1},{"name":"alpha","val":1.77}]}},"7":{"object_data":{"bbox":[{"name":"box2D_left","coordinate_system":"CAM_LEFT","val":[508.58000000000004,186.455,22.72,25.81]},{"name":"box2D_right","coordinate_system":"CAM_RIGHT","val":[503,186,22,25]}],"cuboid":[{"name":"box3D","coordinate_system":"CAM_LEFT","val":[-11.11,1.47,79.38,0,1.52,0,5.77,2.71,1.89]}],"num":[{"name":"truncated","val":0.0},{"name":"occluded","val":3},{"name":"alpha","val":1.66}]}},"8":{"object_data":{"bbox":[{"name":"box2D_left","coordinate_system":"CAM_LEFT","val":[577.37,187.5,17.58,13.76]},{"name":"box2D_right","coordinate_system":"CAM_RIGHT","val":[571,187,17,13]}],"cuboid":[{"name":"box3D","coordinate_system":"CAM_LEFT","val":[-3.13,1.37,68.63,0,-1.63,0,3.55,1.25,1.59]}],"num":[{"name":"truncated","val":0.0},{"name":"occluded","val":0},{"name":"alpha","val":-1.58}]}},"-2":{}}},"12":{"frame_properties":{"transforms":{"vehicle-iso8855_to_odom":{"src":"vehicle-iso8855","dst":"odom","transform_src_to_dst":{"matrix4x4":[0.9986483491644262,0.05194996937797937,0.0016356627991847713,18.73309649146858,-0.05195281005623369,0.9986480164362688,0.0017449341441514604,-0.4489139304058157,-0.0015428021346092044,-0.00182755288117961,0.99999713990193,0.1370069815501937,0.0,0.0,0.0,1.0]}}}},"objects":{"-1":{"object_data":{"bbox":[{"name":"box2D0_left","coordinate_system":"CAM_LEFT","val":[535.625,186.54,34.93,19.4]}],"cuboid":[{"name":"box3D","coordinate_system":"CAM_LEFT","val":[-10.0,499.0,-1.0,0,-1.0,0,-1000.0,-1000.0,-1000.0]}],"num":[{"name":"truncated","val":-1.0},{"name":"occluded","val":-1},{"name":"alpha","val":-10.0}]}},"4":{"object_data":{"bbox":[{"name":"box2D_left","coordinate_system":"CAM_LEFT","val":[82.2,251.82,164.4,113.02]},{"name":"box2D_right","coordinate_system":"CAM_RIGHT","val":[-15,253,306,118]}],"cuboid":[{"name":"box3D","coordinate_system":"CAM_LEFT","val":[-9.92,1.22,12.55,0,1.51,0,4.37,1.56,1.73]}],"num":[{"name":"truncated","val":0.0},{"name":"occluded","val":3},{"name":"alpha","val":2.17}]}},"5":{"object_data":{"bbox":[{"name":"box2D_left","coordinate_system":"CAM_LEFT","val":[301.68,216.515,79.04,50.97]},{"name":"box2D_right","coordinate_system":"CAM_RIGHT","val":[286,216,80,51]}],"cuboid":[{"name":"box3D","coordinate_system":"CAM_LEFT","val":[-10.56,1.45,24.8,0,1.52,0,2.65,1.59,1.67]}],"num":[{"name":"truncated","val":0.0},{"name":"occluded","val":1},{"name":"alpha","val":1.92}]}},"6":{"object_data":{"bbox":[{"name":"box2D_left","coordinate_system":"CAM_LEFT","val":[412.0,183.22,73.84,61.94]},{"name":"box2D_right","coordinate_system":"CAM_RIGHT","val":[403,183,73,61]}],"cuboid":[{"name":"box3D","coordinate_system":"CAM_LEFT","val":[-11.86,0.61,43.83,0,1.52,0,7.02,3.43,2.81]}],"num":[{"name":"truncated","val":0.0},{"name":"occluded","val":1},{"name":"alpha","val":1.79}]}},"7":{"object_data":{"bbox":[{"name":"box2D_left","coordinate_system":"CAM_LEFT","val":[504.57,186.29500000000002,23.42,26.29]},{"name":"box2D_right","coordinate_system":"CAM_RIGHT","val":[499,186,22,26]}],"cuboid":[{"name":"box3D","coordinate_system":"CAM_LEFT","val":[-11.35,1.42,78.0,0,1.52,0,5.77,2.71,1.89]}],"num":[{"name":"truncated","val":0.0},{"name":"occluded","val":3},{"name":"alpha","val":1.67}]}},"8":{"object_data":{"bbox":[{"name":"box2D_left","coordinate_system":"CAM_LEFT","val":[573.5,187.64000000000001,17.96,13.74]},{"name":"box2D_right","coordinate_system":"CAM_RIGHT","val":[568,187,17,13]}],"cuboid":[{"name":"box3D","coordinate_system":"CAM_LEFT","val":[-3.5,1.39,68.73,0,-1.64,0,3.55,1.25,1.59]}],"num":[{"name":"truncated","val":0.0},{"name":"occluded","val":0},{"name":"alpha","val":-1.59}]}},"-2":{}}},"13":{"frame_properties":{"transforms":{"vehicle-iso8855_to_odom":{"src":"vehicle-iso8855","dst":"odom","transform_src_to_dst":{"matrix4x4":[0.9985009543112953,0.0547139136742987,0.0014939510948679207,20.258463900508932,-0.054716442578096436,0.9985004727714178,0.001707860314272369,-0.5267364887046144,-0.0013982671527201288,-0.0017870438429281824,0.9999974256583232,0.15147072273267037,0.0,0.0,0.0,1.0]}}}},"objects":{"-1":{"object_data":{"bbox":[{"name":"box2D0_left","coordinate_sy