{"openlabel":{"metadata":{"schema_version":"1.0.0"},"coordinate_systems":{"odom":{"type":"scene_cs","parent":"","children":["vehicle-iso8855"]},"vehicle-iso8855":{"type":"local_cs","parent":"odom","children":["VELO_TOP","IMU"]},"VELO_TOP":{"type":"sensor_cs","parent":"vehicle-iso8855","children":["CAM_LEFT","CAM_RIGHT"],"pose_wrt_parent":{"matrix4x4":[1.0,0.0,0.0,0.76,0.0,1.0,0.0,0.0,0.0,0.0,1.0,1.73,0.0,0.0,0.0,1.0]}},"IMU":{"type":"sensor_cs","parent":"vehicle-iso8855","children":[],"pose_wrt_parent":{"matrix4x4":[1.0,0.0,0.0,-0.05,0.0,1.0,0.0,0.32,0.0,0.0,1.0,0.93,0.0,0.0,0.0,1.0]}},"CAM_LEFT":{"type":"sensor_cs","parent":"VELO_TOP","children":[],"pose_wrt_parent":{"matrix4x4":[0.00023477336244722335,0.010449405831956193,0.9999453632367953,0.2729034268115415,-0.9999442001630205,0.010565354842876283,0.00012436569234822647,-0.001969265862949749,-0.010563477335159157,-0.9998895968819285,0.010451304556842098,-0.07228590051542844,0.0,0.0,0.0,1.0]}},"CAM_RIGHT":{"type":"sensor_cs","parent":"VELO_TOP","children":[],"pose_wrt_parent":{"matrix4x4":[0.00023477336244722335,0.010449405831956193,0.9999453632367953,0.2729034268115415,-0.9999442001630205,0.010565354842876283,0.00012436569234822647,-0.001969265862949749,-0.010563477335159157,-0.9998895968819285,0.010451304556842098,-0.07228590051542844,0.0,0.0,0.0,1.0]}}},"frames":{"0":{"frame_properties":{"transforms":{"vehicle-iso8855_to_odom":{"src":"vehicle-iso8855","dst":"odom","transform_src_to_dst":{"matrix4x4":[1.0,5.553825628556996e-17,1.926870339867894e-34,0.0,2.220581574521874e-16,1.0,3.469446951953615e-18,0.0,-3.469446951953614e-18,1.734723475976807e-18,1.0000000000000002,0.0,0.0,0.0,0.0,1.0]}}}},"objects":{"-1":{"object_data":{"bbox":[{"name":"box2D0_left","coordinate_system":"CAM_LEFT","val":[720.9549999999999,176.355,23.29,18.43]},{"name":"box2D1_left","coordinate_system":"CAM_LEFT","val":[675.35,179.745,19.4,13.57]},{"name":"box2D2_left","coordinate_system":"CAM_LEFT","val":[777.715,175.39,59.17,26.2]},{"name":"box2D3_left","coordinate_system":"CAM_LEFT","val":[531.4549999999999,186.96,148.01,27.94]}],"cuboid":[{"name":"box3D","coordinate_system":"CAM_LEFT","val":[-10.0,499.0,-1.0,0,-1.0,0,-1000.0,-1000.0,-1000.0]}],"num":[{"name":"truncated","val":-1.0},{"name":"occluded","val":-1},{"name":"alpha","val":-10.0}]}},"0":{"object_data":{"bbox":[{"name":"box2D_left","coordinate_system":"CAM_LEFT","val":[412.03,226.105,102.66,88.43]},{"name":"box2D_right","coordinate_system":"CAM_RIGHT","val":[387,226,107,89]}],"cuboid":[{"name":"box3D","coordinate_system":"CAM_LEFT","val":[-4.05,1.0,15.16,0,1.4,0,3.61,1.6,1.72]}],"num":[{"name":"truncated","val":0.0},{"name":"occluded","val":0},{"name":"alpha","val":1.65}]}},"1":{"object_data":{"bbox":[{"name":"box2D_left","coordinate_system":"CAM_LEFT","val":[627.1850000000001,186.545,76.93,28.21]},{"name":"box2D_right","coordinate_system":"CAM_RIGHT","val":[618,186,76,27]}],"cuboid":[{"name":"box3D","coordinate_system":"CAM_LEFT","val":[1.05,0.87,46.4,0,3.0,0,4.71,1.72,1.73]}],"num":[{"name":"truncated","val":0.0},{"name":"occluded","val":1},{"name":"alpha","val":2.98}]}},"-2":{}}},"1":{"frame_properties":{"transforms":{"vehicle-iso8855_to_odom":{"src":"vehicle-iso8855","dst":"odom","transform_src_to_dst":{"matrix4x4":[0.9999809412650655,0.005869582026975981,-0.0019144486054572965,0.6308505921311088,-0.005873273649283111,0.9999808927684826,-0.0019284072676419833,-0.0006045678734732566,0.0019030930810057178,0.001939614595186361,0.9999963080591585,0.003136503405394499,0.0,0.0,0.0,1.0]}}}},"objects":{"-1":{"object_data":{"bbox":[{"name":"box2D0_left","coordinate_system":"CAM_LEFT","val":[720.9549999999999,176.355,23.29,18.43]},{"name":"box2D1_left","coordinate_system":"CAM_LEFT","val":[772.5350000000001,176.785,73.93,25.75]},{"name":"box2D2_left","coordinate_system":"CAM_LEFT","val":[527.3100000000001,191.105,160.42,27.95]},{"name":"box2D3_left","coordinate_system":"CAM_LEFT","val":[668.5899999999999,181.275,18.62,14.49]}],"cuboid":[{"name":"box3D","coordinate_system":"CAM_LEFT","val":[-10.0,499.0,-1.0,0,-1.0,0,-1000.0,-1000.0,-1000.0]}],"num":[{"name":"truncated","val":-1.0},{"name":"occluded","val":-1},{"name":"alpha","val":-10.0}]}},"0":{"object_data":{"bbox":[{"name":"box2D_left","coordinate_system":"CAM_LEFT","val":[399.41,228.915,110.6,93.25]},{"name":"box2D_right","coordinate_system":"CAM_RIGHT","val":[373,229,114,94]}],"cuboid":[{"name":"box3D","coordinate_system":"CAM_LEFT","val":[-4.12,1.0,14.49,0,1.39,0,3.61,1.6,1.72]}],"num":[{"name":"truncated","val":0.0},{"name":"occluded","val":0},{"name":"alpha","val":1.67}]}},"1":{"object_data":{"bbox":[{"name":"box2D_left","coordinate_system":"CAM_LEFT","val":[624.7099999999999,188.42000000000002,78.06,28.66]},{"name":"box2D_right","coordinate_system":"CAM_RIGHT","val":[616,188,77,27]}],"cuboid":[{"name":"box3D","coordinate_system":"CAM_LEFT","val":[0.88,0.97,45.73,0,3.0,0,4.71,1.72,1.73]}],"num":[{"name":"truncated","val":0.0},{"name":"occluded","val":1},{"name":"alpha","val":2.98}]}},"-2":{}}},"2":{"frame_properties":{"transforms":{"vehicle-iso8855_to_odom":{"src":"vehicle-iso8855","dst":"odom","transform_src_to_dst":{"matrix4x4":[0.9999405517786222,0.010314517456195873,-0.0035360484033082843,1.265641352839098,-0.010328765238988099,0.9999385158240687,-0.004034994448114288,-0.0045408727786166,0.0034942119716154267,0.004071277588702548,0.9999856074871742,0.00440872799882293,0.0,0.0,0.0,1.0]}}}},"objects":{"-1":{"object_data":{"bbox":[{"name":"box2D0_left","coordinate_system":"CAM_LEFT","val":[720.9549999999999,176.355,23.29,18.43]},{"name":"box2D1_left","coordinate_system":"CAM_LEFT","val":[773.49,177.53,77.68,26.44]},{"name":"box2D2_left","coordinate_system":"CAM_LEFT","val":[522.14,192.14,158.36,30.02]},{"name":"box2D3_left","coordinate_system":"CAM_LEFT","val":[665.4799999999999,181.79,18.62,13.46]}],"cuboid":[{"name":"box3D","coordinate_system":"CAM_LEFT","val":[-10.0,499.0,-1.0,0,-1.0,0,-1000.0,-1000.0,-1000.0]}],"num":[{"name":"truncated","val":-1.0},{"name":"occluded","val":-1},{"name":"alpha","val":-10.0}]}},"0":{"object_data":{"bbox":[{"name":"box2D_left","coordinate_system":"CAM_LEFT","val":[385.535,232.13,119.83,98.78]},{"name":"box2D_right","coordinate_system":"CAM_RIGHT","val":[357,232,124,100]}],"cuboid":[{"name":"box3D","coordinate_system":"CAM_LEFT","val":[-4.18,1.0,13.81,0,1.39,0,3.61,1.6,1.72]}],"num":[{"name":"truncated","val":0.0},{"name":"occluded","val":0},{"name":"alpha","val":1.68}]}},"1":{"object_data":{"bbox":[{"name":"box2D_left","coordinate_system":"CAM_LEFT","val":[622.165,190.355,79.23,29.13]},{"name":"box2D_right","coordinate_system":"CAM_RIGHT","val":[613,190,78,28]}],"cuboid":[{"name":"box3D","coordinate_system":"CAM_LEFT","val":[0.7,1.06,45.06,0,2.99,0,4.71,1.72,1.73]}],"num":[{"name":"truncated","val":0.0},{"name":"occluded","val":1},{"name":"alpha","val":2.98}]}},"-2":{}}},"3":{"frame_properties":{"transforms":{"vehicle-iso8855_to_odom":{"src":"vehicle-iso8855","dst":"odom","transform_src_to_dst":{"matrix4x4":[0.999910777766921,0.012877700454701936,-0.0035498361301537973,1.9682633342811904,-0.012905141759444887,0.9998861542782631,-0.00781893846978091,-0.012178951764066635,0.003448742049009931,0.007864051985112754,0.9999631307526569,0.003966050121716377,0.0,0.0,0.0,1.0]}}}},"objects":{"-1":{"object_data":{"bbox":[{"name":"box2D0_left","coordinate_system":"CAM_LEFT","val":[720.9549999999999,176.355,23.29,18.43]},{"name":"box2D1_left","coordinate_system":"CAM_LEFT","val":[776.565,176.58,82.25,27.56]},{"name":"box2D2_left","coordinate_system":"CAM_LEFT","val":[516.4449999999999,193.695,155.25,31.05]},{"name":"box2D3_left","coordinate_system":"CAM_LEFT","val":[666.005,182.31,21.73,12.42]}],"cuboid":[{"name":"box3D","coordinate_system":"CAM_LEFT","val":[-10.0,499.0,-1.0,0,-1.0,0,-1000.0,-1000.0,-1000.0]}],"num":[{"name":"truncated","val":-1.0},{"name":"occluded","val":-1},{"name":"alpha","val":-10.0}]}},"0":{"object_data":{"bbox":[{"name":"box2D_left","coordinate_system":"CAM_LEFT","val":[369.12,235.62,130.48,104.74]},{"name":"box2D_right","coordinate_system":"CAM_RIGHT","val":[339,235,136,106]}],"cuboid":[{"name":"box3D","coordinate_system":"CAM_LEFT","val":[-4.26,1.0,13.15,0,1.39,0,3.61,1.6,1.72]}],"num":[{"name":"truncated","val":0.0},{"name":"occluded","val":0},{"name":"alpha","val":1.7}]}},"1":{"object_data":{"bbox":[{"name":"box2D_left","coordinate_system":"CAM_LEFT","val":[620.64,189.635,80.56,29.57]},{"name":"box2D_right","coordinate_system":"CAM_RIGHT","val":[612,189,80,28]}],"cuboid":[{"name":"box3D","coordinate_system":"CAM_LEFT","val":[0.6,1.01,44.4,0,2.98,0,4.71,1.72,1.73]}],"num":[{"name":"truncated","val":0.0},{"name":"occluded","val":1},{"name":"alpha","val":2.97}]}},"-2":{}}},"4":{"frame_properties":{"transforms":{"vehicle-iso8855_to_odom":{"src":"vehicle-iso8855","dst":"odom","transform_src_to_dst":{"matrix4x4":[0.9999055259021425,0.013715358410576502,-0.0009100626513527991,2.6119896157401046,-0.013724875613275723,0.9998403810503911,-0.011438540571652606,-0.02204418235221297,0.0007530337044741756,0.011449950422541398,0.9999341636205664,0.00921139089536517,0.0,0.0,0.0,1.0]}}}},"objects":{"-1":{"object_data":{"bbox":[{"name":"box2D0_left","coordinate_system":"CAM_LEFT","val":[720.9549999999999,176.355,23.29,18.43]},{"name":"box2D1_left","coordinate_system":"CAM_LEFT","val":[780.8299999999999,173.825,86.88,28.71]},{"name":"box2D2_left","coordinate_system":"CAM_LEFT","val":[512.825,192.655,156.29,31.05]},{"name":"box2D3_left","coordinate_system":"CAM_LEFT","val":[662.895,179.2,25.87,16.56]}],"cuboid":[{"name":"box3D","coordinate_system":"CAM_LEFT","val":[-10.0,499.0,-1.0,0,-1.0,0,-1000.0,-1000.0,-1000.0]}],"num":[{"name":"truncated","val":-1.0},{"name":"occluded","val":-1},{"name":"alpha","val":-10.0}]}},"0":{"object_data":{"bbox":[{"name":"box2D_left","coordinate_system":"CAM_LEFT","val":[357.125,239.32999999999998,140.71,111.26]},{"name":"box2D_right","coordinate_system":"CAM_RIGHT","val":[326,239,147,112]}],"cuboid":[{"name":"box3D","coordinate_system":"CAM_LEFT","val":[-4.24,1.0,12.51,0,1.39,0,3.61,1.6,1.72]}],"num":[{"name":"truncated","val":0.0},{"name":"occluded","val":0},{"name":"alpha","val":1.71}]}},"1":{"object_data":{"bbox":[{"name":"box2D_left","coordinate_system":"CAM_LEFT","val":[619.075,188.89499999999998,81.93,30.01]},{"name":"box2D_right","coordinate_system":"CAM_RIGHT","val":[610,188,81,29]}],"cuboid":[{"name":"box3D","coordinate_system":"CAM_LEFT","val":[0.5,0.95,43.74,0,2.97,0,4.71,1.72,1.73]}],"num":[{"name":"truncated","val":0.0},{"name":"occluded","val":1},{"name":"alpha","val":2.96}]}},"-2":{}}},"5":{"frame_properties":{"transforms":{"vehicle-iso8855_to_odom":{"src":"vehicle-iso8855","dst":"odom","transform_src_to_dst":{"matrix4x4":[0.999909782775608,0.013377545506144705,0.0012114395848825054,3.2583208574055798,-0.013359040263692364,0.999810280898428,-0.014175269064106037,-0.03131195821177045,-0.0014008400586197718,0.014157806540484583,0.9998987919590124,0.014865492383397865,0.0,0.0,0.0,1.0]}}}},"objects":{"-1":{"object_data":{"bbox":[{"name":"box2D0_left","coordinate_system":"CAM_LEFT","val":[720.9549999999999,176.355,23.29,18.43]},{"name":"box2D1_left","coordinate_system":"CAM_LEFT","val":[786.4499999999999,171.595,92.06,29.87]},{"name":"box2D2_left","coordinate_system":"CAM_LEFT","val":[664.6750000000001,177.805,17.45,11.63]},{"name":"box2D3_left","coordinate_system":"CAM_LEFT","val":[512.3050000000001,187.47500000000002,163.53,28.97]}],"cuboid":[{"name":"box3D","coordinate_system":"CAM_LEFT","val":[-10.0,499.0,-1.0,0,-1.0,0,-1000.0,-1000.0,-1000.0]}],"num":[{"name":"truncated","val":-1.0},{"name":"occluded","val":-1},{"name":"alpha","val":-10.0}]}},"0":{"object_data":{"bbox":[{"name":"box2D_left","coordinate_system":"CAM_LEFT","val":[339.23,243.725,154.24,118.93]},{"name":"box2D_right","coordinate_system":"CAM_RIGHT","val":[306,243,162,120]}],"cuboid":[{"name":"box3D","coordinate_system":"CAM_LEFT","val":[-4.28,1.0,11.84,0,1.39,0,3.61,1.6,1.72]}],"num":[{"name":"truncated","val":0.0},{"name":"occluded","val":0},{"name":"alpha","val":1.73}]}},"1":{"object_data":{"bbox":[{"name":"box2D_left","coordinate_system":"CAM_LEFT","val":[617.4549999999999,188.13,83.33,30.48]},{"name":"box2D_right","coordinate_system":"CAM_RIGHT","val":[608,188,82,29]}],"cuboid":[{"name":"box3D","coordinate_system":"CAM_LEFT","val":[0.39,0.89,43.08,0,2.95,0,4.71,1.72,1.73]}],"num":[{"name":"truncated","val":0.0},{"name":"occluded","val":1},{"name":"alpha","val":2.94}]}},"-2":{}}},"6":{"frame_properties":{"transforms":{"vehicle-iso8855_to_odom":{"src":"vehicle-iso8855","dst":"odom","transform_src_to_dst":{"matrix4x4":[0.999931667849256,0.01155789699368506,0.0017534677894438936,3.908017283555525,-0.011527765792597988,0.9998004065920851,-0.01631740157414668,-0.04434443555264328,-0.0019417126554307142,0.016296073005000994,0.9998653248095862,0.01937135700123394,0.0,0.0,0.0,1.0]}}}},"objects":{"-1":{"object_data":{"bbox":[{"name":"box2D0_left","coordinate_system":"CAM_LEFT","val":[793.5749999999999,170.595,97.83,31.05]},{"name":"box2D1_left","coordinate_system":"CAM_LEFT","val":[664.6750000000001,177.805,17.45,11.63]},{"name":"box2D2_left","coordinate_system":"CAM_LEFT","val":[511.275,190.59,159.39,33.12]}],"cuboid":[{"name":"box3D","coordinate_system":"CAM_LEFT","val":[-10.0,499.0,-1.0,0,-1.0,0,-1000.0,-1000.0,-1000.0]}],"num":[{"name":"truncated","val":-1.0},{"name":"occluded","val":-1},{"name":"alpha","val":-10.0}]}},"0":{"object_data":{"bbox":[{"name":"box2D_left","coordinate_system":"CAM_LEFT","val":[325.49,249.16,169.02,127.82]},{"name":"box2D_right","coordinate_system":"CAM_RIGHT","val":[290,249,179,129]}],"cuboid":[{"name":"box3D","coordinate_system":"CAM_LEFT","val":[-4.23,1.01,11.18,0,1.4,0,3.61,1.6,1.72]}],"num":[{"name":"truncated","val":0.0},{"name":"occluded","val":0},{"name":"alpha","val":1.75}]}},"1":{"object_data":{"bbox":[{"name":"box2D_left","coordinate_system":"CAM_LEFT","val":[621.44,188.15499999999997,84.66,30.97]},{"name":"box2D_right","coordinate_system":"CAM_RIGHT","val":[612,188,84,30]}],"cuboid":[{"name":"box3D","coordinate_system":"CAM_LEFT","val":[0.62,0.88,42.41,0,2.96,0,4.71,1.72,1.73]}],"num":[{"name":"truncated","val":0.0},{"name":"occluded","val":1},{"name":"alpha","val":2.94}]}},"-2":{}}},"7":{"frame_properties":{"transforms":{"vehicle-iso8855_to_odom":{"src":"vehicle-iso8855","dst":"odom","transform_src_to_dst":{"matrix4x4":[0.9999650704319049,0.008290421384380617,0.0010615222020026827,4.626650372009536,-0.008268542302853238,0.9997818651447954,-0.019179503011817672,-0.057763493506035865,-0.001220296808921809,0.019170055838828512,0.9998154928959815,0.022939929740172706,0.0,0.0,0.0,1.0]}}}},"objects":{"-1":{"object_data":{"bbox":[{"name":"box2D0_left","coordinate_system":"CAM_LEFT","val":[803.035,170.245,105.11,32.55]},{"name":"box2D1_left","coordinate_system":"CAM_LEFT","val":[664.6750000000001,177.805,17.45,11.63]},{"name":"box2D2_left","coordinate_system":"CAM_LEFT","val":[515.405,191.105,169.73,30.01]}],"cuboid":[{"name":"box3D","coordinate_system":"CAM_LEFT","val":[-10.0,499.0,-1.0,0,-1.0,0,-1000.0,-1000.0,-1000.0]}],"num":[{"name":"truncated","val":-1.0},{"name":"occluded","val":-1},{"name":"alpha","val":-10.0}]}},"0":{"object_data":{"bbox":[{"name":"box2D_left","coordinate_system":"CAM_LEFT","val":[309.79,255.41,186.36,138.14]},{"name":"box2D_right","coordinate_system":"CAM_RIGHT","val":[272,255,197,140]}],"cuboid":[{"name":"box3D","coordinate_system":"CAM_LEFT","val":[-4.18,1.02,10.52,0,1.4,0,3.61,1.6,1.72]}],"num":[{"name":"truncated","val":0.0},{"name":"occluded","val":0},{"name":"alpha","val":1.77}]}},"1":{"object_data":{"bbox":[{"name":"box2D_left","coordinate_system":"CAM_LEFT","val":[625.555,188.17000000000002,86.05,31.48]},{"name":"box2D_right","coordinate_system":"CAM_RIGHT","val":[616,188,85,30]}],"cuboid":[{"name":"box3D","coordinate_system":"CAM_LEFT","val":[0.84,0.87,41.74,0,2.96,0,4.71,1.72,1.73]}],"num":[{"name":"truncated","val":0.0},{"name":"occluded","val":1},{"name":"alpha","val":2.94}]}},"11":{"object_data":{"bbox":[{"name":"box2D_left","coordinate_system":"CAM_LEFT","val":[721.8149999999999,173.41,26.35,18.86]},{"name":"box2D_right","coordinate_system":"CAM_RIGHT","val":[716,173,25,18]}],"cuboid":[{"name":"box3D","coordinate_system":"CAM_LEFT","val":[10.97,0.07,71.06,0,-1.68,0,3.54,1.79,1.65]}],"num":[{"name":"truncated","val":0.0},{"name":"occluded","val":0},{"name":"alpha","val":-1.84}]}},"-2":{}}},"8":{"frame_properties":{"transforms":{"vehicle-iso8855_to_odom":{"src":"vehicle-iso8855","dst":"odom","transform_src_to_dst":{"matrix4x4":[0.999993002095055,0.00373742507511991,-0.00016557393389763646,5.285053230616133,-0.003740127751295021,0.9997601494889374,-0.021579039326656974,-0.06843284485307123,8.48841782285354e-05,0.021579507586256017,0.9997671317096851,0.026591937178756325,0.0,0.0,0.0,1.0]}}}},"objects":{"-1":{"object_data":{"bbox":[{"name":"box2D0_left","coordinate_system":"CAM_LEFT","val":[813.6,170.38,112.7,34.0]},{"name":"box2D1_left","coordinate_system":"CAM_LEFT","val":[674.865,178.29000000000002,24.25,18.42]},{"name":"box2D2_left","coordinate_system":"CAM_LEFT","val":[518.0,192.655,168.7,31.05]}],"cuboid":[{"name":"box3D","coordinate_system":"CAM_LEFT","val":[-10.0,499.0,-1.0,0,-1.0,0,-1000.0,-1000.0,-1000.0]}],"num":[{"name":"truncated","val":-1.0},{"name":"occluded","val":-1},{"name":"alpha","val":-10.0}]}},"0":{"object_data":{"bbox":[{"name":"box2D_left","coordinate_system":"CAM_LEFT","val":[291.675,262.665,206.93,150.21]},{"name":"box2D_right","coordinate_system":"CAM_RIGHT","val":[252,262,218,152]}],"cuboid":[{"name":"box3D","coordinate_system":"CAM_LEFT","val":[-4.12,1.02,9.86,0,1.4,0,3.61,1.6,1.72]}],"num":[{"name":"truncated","val":0.0},{"name":"occluded","val":0},{"name":"alpha","val":1.79}]}},"1":{"object_data":{"bbox":[{"name":"box2D_left","coordinate_system":"CAM_LEFT","val":[629.8050000000001,188.19,87.47,32.0]},{"name":"box2D_right","coordinate_system":"CAM_RIGHT","val":[620,188,86,31]}],"cuboid":[{"name":"box3D","coordinate_system":"CAM_LEFT","val":[1.07,0.86,41.06,0,2.97,0,4.71,1.72,1.73]}],"num":[{"name":"truncated","val":0.0},{"name":"occluded","val":1},{"name":"alpha","val":2.94}]}},"11":{"object_data":{"bbox":[{"name":"box2D_left","coordinate_system":"CAM_LEFT","val":[725.7199999999999,173.015,27.58,19.07]},{"name":"box2D_right","coordinate_system":"CAM_RIGHT","val":[720,173,26,18]}],"cuboid":[{"name":"box3D","coordinate_system":"CAM_LEFT","val":[11.23,0.03,70.3,0,-1.71,0,3.54,1.79,1.65]}],"num":[{"name":"truncated","val":0.0},{"name":"occluded","val":0},{"name":"alpha","val":-1.86}]}},"-2":{}}},"9":{"frame_properties":{"transforms":{"vehicle-iso8855_to_odom":{"src":"vehicle-iso8855","dst":"odom","transform_src_to_dst":{"matrix4x4":[0.999996327691373,-0.002707584691840559,-0.00011657145787575988,5.947716264291178,0.00270391978953478,0.9996966829428185,-0.024479193836752858,-0.07821367556119502,0.00018281559026519332,0.0244787887417263,0.9997003328398955,0.03313064453018728,0.0,0.0,0.0,1.0]}}}},"objects":{"-1":{"object_data":{"bbox":[{"name":"box2D0_left","coordinate_system":"CAM_LEFT","val":[826.465,169.46,121.45,35.68]},{"name":"box2D1_left","coordinate_system":"CAM_LEFT","val":[679.715,176.35000000000002,24.25,16.48]},{"name":"box2D2_left","coordinate_system":"CAM_LEFT","val":[518.0,192.14,166.64,32.08]}],"cuboid":[{"name":"box3D","coordinate_system":"CAM_LEFT","val":[-10.0,499.0,-1.0,0,-1.0,0,-1000.0,-1000.0,-1000.0]}],"num":[{"name":"truncated","val":-1.0},{"name":"occluded","val":-1},{"name":"alpha","val":-10.0}]}},"0":{"object_data":{"bbox":[{"name":"box2D_left","coordinate_system":"CAM_LEFT","val":[270.53499999999997,271.2,231.69,164.54]},{"name":"box2D_right","coordinate_system":"CAM_RIGHT","val":[227,271,247,166]}],"cuboid":[{"name":"box3D","coordinate_system":"CAM_LEFT","val":[-4.07,1.03,9.19,0,1.41,0,3.61,1.6,1.72]}],"num":[{"name":"truncated","val":0.0},{"name":"occluded","val":0},{"name":"alpha","val":1.82}]}},"1":{"object_data":{"bbox":[{"name":"box2D_left","coordinate_system":"CAM_LEFT","val":[634.2,188.215,88.96,32.55]},{"name":"box2D_right","coordinate_system":"CAM_RIGHT","val":[624,188,88,31]}],"cuboid":[{"name":"box3D","coordinate_system":"CAM_LEFT","val":[1.29,0.84,40.39,0,2.98,0,4.71,1.72,1.73]}],"num":[{"name":"truncated","val":0.0},{"name":"occluded","val":1},{"name":"alpha","val":2.94}]}},"11":{"object_data":{"bbox":[{"name":"box2D_left","coordinate_system":"CAM_LEFT","val":[732.745,172.66000000000003,28.07,19.28]},{"name":"box2D_right","coordinate_system":"CAM_RIGHT","val":[727,172,27,19]}],"cuboid":[{"name":"box3D","coordinate_system":"CAM_LEFT","val":[11.78,0.0,69.5,0,-1.7,0,3.54,1.79,1.65]}],"num":[{"name":"truncated","val":0.0},{"name":"occluded","val":0},{"name":"alpha","val":-1.87}]}},"-2":{}}},"10":{"frame_properties":{"transforms":{"vehicle-iso8855_to_odom":{"src":"vehicle-iso8855","dst":"odom","transform_src_to_dst":{"matrix4x4":[0.9999307976597759,-0.011635183342471234,0.001738505125656543,6.6791548154151466,0.011676702740316595,0.9995894338689549,-0.02616521184046578,-0.08369219400713064,-0.001433354317374881,0.02618370115413876,0.9996561205180868,0.04359546768406819,0.0,0.0,0.0,1.0]}}}},"objects":{"-1":{"object_data":{"bbox":[{"name":"box2D0_left","coordinate_system":"CAM_LEFT","val":[794.7,170.535,97.02,26.19]},{"name":"box2D1_left","coordinate_system":"CAM_LEFT","val":[686.025,176.35000000000002,17.47,12.6]},{"name":"box2D2_left","coordinate_system":"CAM_LEFT","val":[533.005,189.54999999999998,155.25,26.9]}],"cuboid":[{"name":"box3D","coordinate_system":"CAM_LEFT","val":[-10.0,499.0,-1.0,0,-1.0,0,-1000.0,-1000.0,-1000.0]}],"num":[{"name":"truncated","val":-1.0},{"name":"occluded","val":-1},{"name":"alpha","val":-10.0}]}},"0":{"object_data":{"bbox":[{"name":"box2D_left","coordinate_system":"CAM_LEFT","val":[245.505,281.385,262.01,181.83]},{"name":"box2D_right","coordinate_system":"CAM_RIGHT","val":[198,281,279,184]}],"cuboid":[{"name":"box3D","coordinate_system":"CAM_LEFT","val":[-4.01,1.04,8.52,0,1.41,0,3.61,1.6,1.72]}],"num":[{"name":"truncated","val":0.0},{"name":"occluded","val":0},{"name":"alpha","val":1.84}]}},"1":{"object_data":{"bbox":[{"name":"box2D_left","coordinate_system":"CAM_LEFT","val":[638.745,188.235,90.51,33.11]},{"name":"box2D_right","coordinate_system":"CAM_RIGHT","val":[629,188,89,32]}],"cuboid":[{"name":"box3D","coordinate_system":"CAM_LEFT","val":[1.52,0.83,39.71,0,2.98,0,4.71,1.72,1.73]}],"num":[{"name":"truncated","val":0.0},{"name":"occluded","val":1},{"name":"alpha","val":2.94}]}},"8":{"object_data":{"bbox":[{"name":"box2D_left","coordinate_system":"CAM_LEFT","val":[458.43,194.10500000000002,34.5,25.05]},{"name":"box2D_right","coordinate_system":"CAM_RIGHT","val":[450,194,34,25]}],"cuboid":[{"name":"box3D","coordinate_system":"CAM_LEFT","val":[-10.09,1.38,48.18,0,1.48,0,4.17,1.57,1.76]}],"num":[{"name":"truncated","val":0.0},{"name":"occluded","val":0},{"name":"alpha","val":1.68}]}},"11":{"object_data":{"bbox":[{"name":"box2D_left","coordinate_system":"CAM_LEFT","val":[739.935,172.295,28.59,19.51]},{"name":"box2D_right","coordinate_system":"CAM_RIGHT","val":[734,172,27,19]}],"cuboid":[{"name":"box3D","coordinate_system":"CAM_LEFT","val":[12.33,-0.03,68.7,0,-1.7,0,3.54,1.79,1.65]}],"num":[{"name":"truncated","val":0.0},{"name":"occluded","val":0},{"name":"alpha","val":-1.87}]}},"-2":{}}},"11":{"frame_properties":{"transforms":{"vehicle-iso8855_to_odom":{"src":"vehicle-iso8855","dst":"odom","transform_src_to_dst":{"matrix4x4":[0.9997668457409241,-0.021119446538675327,0.004497014025257146,7.3474988456270145,0.02123585178084017,0.999392422116043,-0.02763738801281513,-0.08298994958221557,-0.003910595400386276,0.027726442161386932,0.9996078989527274,0.05494941794724882,0.0,0.0,0.0,1.0]}}}},"objects":{"-1":{"object_data":{"bbox":[{"name":"box2D0_left","coordinate_system":"CAM_LEFT","val":[809.745,166.64499999999998,123.23,32.03]},{"name":"box2D1_left","coordinate_system":"CAM_LEFT","val":[543.875,187.48,152.15,26.9]}],"cuboid":[{"name":"box3D","coordinate_system":"CAM_LEFT","val":[-10.0,499.0,-1.0,0,-1.0,0,-1000.0,-1000.0,-1000.0]}],"num":[{"name":"truncated","val":-1.0},{"name":"occluded","val":-1},{"name":"alpha","val":-10.0}]}},"0":{"object_data":{"bbox":[{"name":"box2D_left","coordinate_system":"CAM_LEFT","val":[218.45,282.415,298.76,183.17]},{"name":"box2D_right","coordinate_system":"CAM_RIGHT","val":[167,292,320,204]}],"cuboid":[{"name":"box3D","coordinate_system":"CAM_LEFT","val":[-3.93,1.03,7.88,0,1.42,0,3.61,1.6,1.72]}],"num":[{"name":"truncated","val":0.0},{"name":"occluded","val":3},{"name":"alpha","val":1.87}]}},"1":{"object_data":{"bbox":[{"name":"box2D_left","coordinate_system":"CAM_LEFT","val":[646.4649999999999,186.80499999999998,92.13,33.71]},{"name":"box2D_right","coordinate_system":"CAM_RIGHT","val":[636,187,91,32]}],"cuboid":[{"name":"box3D","coordinate_system":"CAM_LEFT","val":[1.9,0.74,38.96,0,3.0,0,4.71,1.72,1.73]}],"num":[{"name":"truncated","val":0.0},{"name":"occluded","val":1},{"name":"alpha","val":2.95}]}},"8":{"object_data":{"bbox":[{"name":"box2D_left","coordinate_system":"CAM_LEFT","val":[463.75,192.865,33.94,25.35]},{"name":"box2D_right","coordinate_system":"CAM_RIGHT","val":[455,192,34,25]}],"cuboid":[{"name":"box3D","coordinate_system":"CAM_LEFT","val":[-9.61,1.28,47.56,0,1.47,0,4.17,1.57,1.76]}],"num":[{"name":"truncated","val":0.0},{"name":"occluded","val":0},{"name":"alpha","val":1.67}]}},"11":{"object_data":{"bbox":[{"name":"box2D_left","coordinate_system":"CAM_LEFT","val":[748.61,169.77,29.2,19.82]},{"name":"box2D_right","coordinate_system":"CAM_RIGHT","val":[742,170,28,19]}],"cuboid":[{"name":"box3D","coordinate_system":"CAM_LEFT","val":[13.0,-0.26,67.92,0,-1.69,0,3.54,1.79,1.65]}],"num":[{"name":"truncated","val":0.0},{"name":"occluded","val":0},{"name":"alpha","val":-1.88}]}},"-2":{}}},"12":{"frame_properties":{"transforms":{"vehicle-iso8855_to_odom":{"src":"vehicle-iso8855","dst":"odom","transform_src_to_dst":{"matrix4x4":[0.9994824102996382,-0.03141496344430121,0.006929038419517479,8.019261100632152,0.03160187862840168,0.999086811813363,-0.028755238266550773,-0.07920370587809361,-0.006019366144512151,0.028959325482537674,0.9995624666316834,0.06934960530480949,0.0,0.0,0.0,1.0]}}}},"objects":{"-1":{"object_data":{"bbox":[{"name":"box2D0_left","coordinate_system":"CAM_LEFT","val":[823.81,165.195,120.32,36.87]},{"name":"box2D1_left","coordinate_system":"CAM_LEFT","val":[550.6,186.44,157.32,26.9]}],"cuboid":[{"name":"box3D","coordinate_system":"CAM_LEFT","val":[-10.0,499.0,-1.0,0,-1.0,0,-1000.0,-1000.0,-1000.0]}],"num":[{"name":"truncated","val":-1.0},{"name":"occluded","val":-1},{"name":"alpha","val":-10.0}]}},"0":{"object_data":{"bbox":[{"name":"box2D_left","coordinate_system":"CAM_LEFT","val":[185.215,282.625,345.37,182.75]},{"name":"box2D_right","coordinate_system":"CAM_RIGHT","val":[128,305,373,229]}],"cuboid":[{"name":"box3D","coordinate_system":"CAM_LEFT","val":[-3.85,1.02,7.22,0,1.43,0,3.61,1.6,1.72]}],"num":[{"name":"truncated","val":0.0},{"name":"occluded","val":3},{"name":"alpha","val":1.9}]}},"1":{"object_data":{"bbox":[{"name":"box2D_left","coordinate_system":"CAM_LEFT","val":[654.485,185.32,93.83,34.36]},{"name":"box2D_right","coordinate_system":"CAM_RIGHT","val":[644,185,93,33]}],"cuboid":[{"name":"box3D","coordinate_system":"CAM_LEFT","val":[2.29,0.65,38.21,0,3.02,0,4.71,1.72,1.73]}],"num":[{"name":"truncated","val":0.0},{"name":"occluded","val":1},{"name":"alpha","val":2.96}]}},"8":{"object_data":{"bbox":[{"name":"box2D_left","coordinate_system":"CAM_LEFT","val":[469.21,191.57,33.36,25.68]},{"name":"box2D_right","coordinate_system":"CAM_RIGHT","val":[461,191,33,25]}],"cuboid":[{"name":"box3D","coordinate_system":"CAM_LEFT","val":[-9.13,1.18,46.94,0,1.46,0,4.17,1.57,1.76]}],"num":[{"name":"truncated","val":0.0},{"name":"occluded","val":0},{"name":"alpha","val":1.65}]}},"11":{"object_data":{"bbox":[{"name":"box2D_left","coordinate_system":"CAM_LEFT","val":[757.485,167.205,29.83,20.19]},{"name":"box2D_right","coordinate_system":"CAM_RIGHT","val":[751,167,29,19]}],"cuboid":[{"name":"box3D","coordinate_system":"CAM_LEFT","val":[13.68,-0.5,67.13,0,-1.69,0,3.54,1.79,1.65]}],"num":[{"name":"truncated","val":0.0},{"name":"occluded","val":0},{"name":"alpha","val":-1.89}]}},"-2":{}}},"13":{"frame_properties":{"transforms":{"vehicle-iso8855_to_odom":{"src":"vehicle-iso8855","dst":"odom","transform_src_to_dst":{"matrix4x4":[0.999018557220898,-0.04352190643325429,0.008232010003070559,8.763954672911604,0.0437375543789951,0.9986467766763037,-0.028136129282003482,-0.06233973797670017,-0.006996332269128196,0.028468563266245507,0.9995702037577628,0.07727921802997216,0.0,0.0,0.0,1.0]}}}},"objects":{"-1":{"object_data":{"bbox":[{"name":"box2D0_left","coordinate_system":"CAM_LEFT","val":[839.335,166.16000000000003,106.73,29.1]},{"name":"box2D1_left","coordinate_system":"CAM_LEFT","val":[552.155,184.38,152.15,28.98]}],"cuboid":[{"name":"box3D","coordinate_system":"CAM_LEFT","val":[-10.0,499.0,-1.0,0,-1.0,0,-1000.0,-1000.0,-1000.0]}],"num":[{"name":"truncated","val":-1.0},{"name":"occluded","val":-1},{"name":"alpha","val":-10.0}]}},"0":{"object_data":{"bbox":[{"name":"box2D_left","coordinate_system":"CAM_LEFT","val":[173.205,282.865,346.41,182.27]},{"name":"box2D_right","coordinate_system":"CAM_RIGHT","val":[80,322,439,262]}],"cuboid":[{"name":"box3D","coordinate_system":"CAM_LEFT","val":[-3.76,1.01,6.56,0,1.43,0,3.61,1.6,1.72]}],"num":[{"name":"truncated","val":0.0},{"name":"occluded","val":3},{"name":"alpha","val":1.94}]}},"1":{"object_data":{"bbox":[{"name":"box2D_left","coordinate_system":"CAM_LEFT","val":[663.2249999999999,185.805,95.61,35.05]},{"name":"box2D_right","coordinate_system":"CAM_RIGHT","val":[653,185,94,34]}],"cuboid":[{"name":"box3D","coordinate_system":"CAM_LEFT","val":[2.69,0.66,37.47,0,3.05,0,4.71,1.72,1.73]}],"num":[{"name":"truncated","val":0.0},{"name":"occluded","val":1},{"name":"alpha","val":2.97}]}},"8":{"object_data":{"bbox":[{"name":"box2D_left","coordinate_system":"CAM_LEFT","val":[474.815,190.24,32.73,26.04]},{"name":"box2D_right","coordinate_system":"CAM_RIGHT","val":[466,190,32,26]}],"cuboid":[{"name":"box3D","coordinate_system":"CAM_LEFT","val":[-8.65,1.08,46.32,0,1.45,0,4.17,1.57,1.76]}],"num":[{"name":"truncated","val":0.0},{"name":"occluded","val":0},{"name":"alpha","val":1.64}]}},"11":{"object_data":{"bbox":[{"name":"box2D_left","coordinate_system":"CAM_LEFT","val":[768.3050000000001,166.85500000000002,29.97,20.47]},{"name":"box2D_right","coordinate_system":"CAM_RIGHT","val":[762,167,29,20]}],"cuboid":[{"name":"box3D","coordinate_system":"CAM_LEFT","val":[14.49,-0.52,66.25,0,-1.66,0,3.54,1.79,1.65]}],"num":[{"name":"truncated","val":0.0},{"name":"occluded","val":0},{"name":"alpha","val":-1.88}]}},"-2":{}}},"14":{"frame_properties":{"transforms":{"vehicle-iso8855_to_odom":{"src":"vehicle-iso8855","dst":"odom","transform_src_to_dst":{"matrix4x4":[0.9984845912681803,-0.05442703516787999,0.008137496104399714,9.44221756095928,0.05462506949005101,0.9981551566902163,-0.02650254621611371,-0.03844218424781989,-0.006680028684210338,0.026906895316340197,0.9996156242282399,0.07973818652028127,0.0,0.0,0.0,1.0]}}}},"objects":{"-1":{"object_data":{"bbox":[{"name":"box2D0_left","coordinate_system":"CAM_LEFT","val":[819.9250000000001,165.19000000000003,60.15,27.16]},{"name":"box2D1_left","coordinate_system":"CAM_LEFT","val":[584.235,181.79,119.01,23.8]},{"name":"box2D2_left","coordinate_system":"CAM_LEFT","val":[502.475,185.93,36.23,21.74]}],"cuboid":[{"name":"box3D","coordinate_system":"CAM_LEFT","val":[-10.0,499.0,-1.0,0,-1.0,0,-1000.0,-1000.0,-1000.0]}],"num":[{"name":"truncated","val":-1.0},{"name":"occluded","val":-1},{"name":"alpha","val":-10.0}]}},"0":{"object_data":{"bbox":[{"name":"box2D_left","coordinate_system":"CAM_LEFT","val":[166.49,283.145,332.98,181.71]},{"name":"box2D_right","coordinate_system":"CAM_RIGHT","val":[17,344,531,305]}],"cuboid":[{"name":"box3D","coordinate_system":"CAM_LEFT","val":[-3.68,1.0,5.91,0,1.44,0,3.61,1.6,1.72]}],"num":[{"name":"truncated","val":1.0},{"name":"occluded","val":3},{"name":"alpha","val":1.98}]}},"1":{"object_data":{"bbox":[{"name":"box2D_left","coordinate_system":"CAM_LEFT","val":[672.325,186.31,97.49,35.78]},{"name":"box2D_right","coordinate_system":"CAM_RIGHT","val":[661,186,96,34]}],"cuboid":[{"name":"box3D","coordinate_system":"CAM_LEFT","val":[3.09,0.67,36.72,0,3.07,0,4.71,1.72,1.73]}],"num":[{"name":"truncated","val":0.0},{"name":"occluded","val":1},{"name":"alpha","val":2.98}]}},"5":{"object_data":{"bbox":[{"name":"box2D_left","coordinate_system":"CAM_LEFT","val":[873.5250000000001,165.57999999999998,66.39,22.02]},{"name":"box2D_right","coordinate_system":"CAM_RIGHT","val":[865,165,65,21]}],"cuboid":[{"name":"box3D","coordinate_system":"CAM_LEFT","val":[18.82,-0.51,51.69,0,-0.13,0,4.16,1.51,1.63]}],"num":[{"name":"truncated","val":0.0},{"name":"occluded","val":1},{"name":"alpha","val":-0.48}]}},"8":{"object_data":{"bbox":[{"name":"box2D_left","coordinate_system":"CAM_LEFT","val":[481.44500000000005,191.155,33.81,26.45]},{"name":"box2D_right","coordinate_system":"CAM_RIGHT","val":[473,191,33,26]}],"cuboid":[{"name":"box3D","coordinate_system":"CAM_LEFT","val":[-8.1,1.12,45.63,0,1.47,0,4.17,1.57,1.76]}],"num":[{"name":"truncated","val":0.0},{"name":"occluded","val":0},{"name":"alpha","val":1.64}]}},"11":{"object_data":{"bbox":[{"name":"box2D_left","coordinate_system":"CAM_LEFT","val":[779.4200000000001,166.495,30.14,20.77]},{"name":"box2D_right","coordinate_system":"CAM_RIGHT","val":[773,166,29,20]}],"cuboid":[{"name":"box3D","coordinate_system":"CAM_LEFT","val":[15.3,-0.55,65.36,0,-1.64,0,3.54,1.79,1.65]}],"num":[{"name":"truncated","val":0.0},{"name":"occluded","val":0},{"name":"alpha","val":-1.87}]}},"-2":{}}},"15":{"frame_properties":{"transforms":{"vehicle-iso8855_to_odom":{"src":"vehicle-iso8855","dst":"odom","transform_src_to_dst":{"matrix4x4":[0.997871344878524,-0.06492729462242228,0.006101268994195073,10.12244526045688,0.0650645371216183,0.9975441563020533,-0.025928020301864595,-0.004956741033230478,-0.004402849018070895,0.026269804731621074,0.9996451931960094,0.08009479715693883,0.0,0.0,0.0,1.0]}}}},"objects":{"-1":{"object_data":{"bbox":[{"name":"box2D0_left","coordinate_system":"CAM_LEFT","val":[966.45,169.065,69.88,36.87]},{"name":"box2D1_left","coordinate_system":"CAM_LEFT","val":[837.395,167.615,65.99,33.97]},{"name":"box2D2_left","coordinate_system":"CAM_LEFT","val":[509.20000000000005,187.995,39.32,25.87]},{"name":"box2D3_left","coordinate_system":"CAM_LEFT","val":[590.445,183.34,119.01,22.76]}],"cuboid":[{"name":"box3D","coordinate_system":"CAM_LEFT","val":[-10.0,499.0,-1.0,0,-1.0,0,-1000.0,-1000.0,-1000.0]}],"num":[{"name":"truncated","val":-1.0},{"name":"occluded","val":-1},{"name":"alpha","val":-10.0}]}},"0":{"object_data":{"bbox":[{"name":"box2D_left","coordinate_system":"CAM_LEFT","val":[158.535,283.475,317.07,181.05]},{"name":"box2D_right","coordinate_system":"CAM_RIGHT","val":[-69,375,665,365]}],"cuboid":[{"name":"box3D","coordinate_system":"CAM_LEFT","val":[-3.6,0.99,5.25,0,1.45,0,3.61,1.6,1.72]}],"num":[{"name":"truncated","val":1.0},{"name":"occluded","val":3},{"name":"alpha","val":2.02}]}},"1":{"object_data":{"bbox":[{"name":"box2D_left","coordinate_system":"CAM_LEFT","val":[681.8050000000001,186.84,99.47,36.54]},{"name":"box2D_right","coordinate_system":"CAM_RIGHT","val":[671,187,98,35]}],"cuboid":[{"name":"box3D","coordinate_system":"CAM_LEFT","val":[3.5,0.69,35.97,0,3.09,0,4.71,1.72,1.73]}],"num":[{"name":"truncated","val":0.0},{"name":"occluded","val":1},{"name":"alpha","val":2.99}]}},"5":{"object_data":{"bbox":[{"name":"box2D_left","coordinate_system":"CAM_LEFT","val":[884.98,166.16500000000002,67.98,22.41]},{"name":"box2D_right","coordinate_system":"CAM_RIGHT","val":[877,166,67,21]}],"cuboid":[{"name":"box3D","coordinate_system":"CAM_LEFT","val":[19.3,-0.46,50.79,0,-0.11,0,4.16,1.51,1.63]}],"num":[{"name":"truncated","val":0.0},{"name":"occluded","val":1},{"name":"alpha","val":-0.47}]}},"8":{"object_data":{"bbox":[{"name":"box2D_left","coordinate_system":"CAM_LEFT","val":[488.275,192.1,34.89,26.88]},{"name":"box2D_right","coordinate_system":"CAM_RIGHT","val":[479,192,35,27]}],"cuboid":[{"name":"box3D","coordinate_system":"CAM_LEFT","val":[-7.55,1.16,44.94,0,1.49,0,4.17,1.57,1.76]}],"num":[{"name":"truncated","val":0.0},{"name":"occluded","val":0},{"name":"alpha","val":1.65}]}},"11":{"object_data":{"bbox":[{"name":"box2D_left","coordinate_system":"CAM_LEFT","val":[789.0699999999999,167.08499999999998,31.02,21.03]},{"name":"box2D_right","coordinate_system":"CAM_RIGHT","val":[783,167,30,20]}],"cuboid":[{"name":"box3D","coordinate_system":"CAM_LEFT","val":[15.95,-0.49,64.45,0,-1.64,0,3.54,1.79,1.65]}],"num":[{"name":"truncated","val":0.0},{"name":"occluded","val":0},{"name":"alpha","val":-1.88}]}},"-2":{}}},"16":{"frame_properties":{"transforms":{"vehicle-iso8855_to_odom":{"src":"vehicle-iso8855","dst":"odom","transform_src_to_dst":{"matrix4x4":[0.9971029773046363,-0.07583097005793812,0.005942779678105628,10.871696577894484,0.07596379021346271,0.9967509784870846,-0.026776658892489445,0.03867925774666207,-0.0038929714403569556,0.02715052237272434,0.9996237761819455,0.07949680301062405,0.0,0.0,0.0,1.0]}}}},"objects":{"-1":{"object_data":{"bbox":[{"name":"box2D0_left","coordinate_system":"CAM_LEFT","val":[997.765,169.88,91.47,40.62]},{"name":"box2D1_left","coordinate_system":"CAM_LEFT","val":[837.395,167.615,65.99,33.97]},{"name":"box2D2_left","coordinate_system":"CAM_LEFT","val":[515.93,186.96,42.44,27.94]},{"name":"box2D3_left","coordinate_system":"CAM_LEFT","val":[599.2349999999999,182.82,122.13,21.72]}],"cuboid":[{"name":"box3D","coordinate_system":"CAM_LEFT","val":[-10.0,499.0,-1.0,0,-1.0,0,-1000.0,-1000.0,-1000.0]}],"num":[{"name":"truncated","val":-1.0},{"name":"occluded","val":-1},{"name":"alpha","val":-10.0}]}},"0":{"object_data":{"bbox":[{"name":"box2D_left","coordinate_system":"CAM_LEFT","val":[147.42,283.625,294.84,180.75]},{"name":"box2D_right","coordinate_system":"CAM_RIGHT","val":[-200,419,868,454]}],"cuboid":[{"name":"box3D","coordinate_system":"CAM_LEFT","val":[-3.54,0.97,4.59,0,1.45,0,3.61,1.6,1.72]}],"num":[{"name":"truncated","val":1.0},{"name":"occluded","val":3},{"name":"alpha","val":2.08}]}},"1":{"object_data":{"bbox":[{"name":"box2D_left","coordinate_system":"CAM_LEFT","val":[690.1949999999999,186.935,101.85,37.33]},{"name":"box2D_right","coordinate_system":"CAM_RIGHT","val":[679,187,101,36]}],"cuboid":[{"name":"box3D","coordinate_system":"CAM_LEFT","val":[3.83,0.68,35.22,0,3.09,0,4.71,1.72,1.73]}],"num":[{"name":"truncated","val":0.0},{"name":"occluded","val":1},{"name":"alpha","val":2.99}]}},"5":{"object_data":{"bbox":[{"name":"box2D_left","coordinate_system":"CAM_LEFT","val":[896.845,166.76999999999998,69.65,22.84]},{"name":"box2D_right","coordinate_system":"CAM_RIGHT","val":[889,166,69,22]}],"cuboid":[{"name":"box3D","coordinate_system":"CAM_LEFT","val":[19.78,-0.41,49.88,0,-0.09,0,4.16,1.51,1.63]}],"num":[{"name":"truncated","val":0.0},{"name":"occluded","val":1},{"name":"alpha","val":-0.46}]}},"8":{"object_data":{"bbox":[{"name":"box2D_left","coordinate_system":"CAM_LEFT","val":[493.27500000000003,192.57,35.45,27.28]},{"name":"box2D_right","coordinate_system":"CAM_RIGHT","val":[484,192,35,27]}],"cuboid":[{"name":"box3D","coordinate_system":"CAM_LEFT","val":[-7.14,1.17,44.31,0,1.5,0,4.17,1.57,1.76]}],"num":[{"name":"truncated","val":0.0},{"name":"occluded","val":0},{"name":"alpha","val":1.66}]}},"11":{"object_data":{"bbox":[{"name":"box2D_left","coordinate_system":"CAM_LEFT","val":[799.005,167.69,31.95,21.3]},{"name":"box2D_right","coordinate_system":"CAM_RIGHT","val":[793,167,30,20]}],"cuboid":[{"name":"box3D","coordinate_system":"CAM_LEFT","val":[16.6,-0.43,63.56,0,-1.63,0,3.54,1.79,1.65]}],"num":[{"name":"truncated","val":0.0},{"name":"occluded","val":0},{"name":"alpha","val":-1.89}]}},"-2":{}}},"17":{"frame_properties":{"transforms":{