{"openlabel":{"metadata":{"schema_version":"0.2.0"},"coordinate_systems":{"odom":{"type":"scene_cs","parent":"","children":["vehicle-iso8855"]},"vehicle-iso8855":{"type":"local_cs","parent":"odom","children":["VELO_TOP","IMU"]},"VELO_TOP":{"type":"sensor_cs","parent":"vehicle-iso8855","children":["CAM_LEFT","CAM_RIGHT"],"pose_wrt_parent":{"matrix4x4":[1.0,0.0,0.0,0.76,0.0,1.0,0.0,0.0,0.0,0.0,1.0,1.73,0.0,0.0,0.0,1.0]}},"IMU":{"type":"sensor_cs","parent":"vehicle-iso8855","children":[],"pose_wrt_parent":{"matrix4x4":[1.0,0.0,0.0,-0.05,0.0,1.0,0.0,0.32,0.0,0.0,1.0,0.93,0.0,0.0,0.0,1.0]}},"CAM_LEFT":{"type":"sensor_cs","parent":"VELO_TOP","children":[],"pose_wrt_parent":{"matrix4x4":[0.00023477336244722357,0.010449405831956193,0.9999453632367953,0.2729034268115415,-0.9999442001630205,0.010565354842876283,0.00012436569234822658,-0.001969265862949749,-0.010563477335159157,-0.9998895968819285,0.0104513045568421,-0.07228590051542844,0.0,0.0,0.0,1.0]}},"CAM_RIGHT":{"type":"sensor_cs","parent":"VELO_TOP","children":[],"pose_wrt_parent":{"matrix4x4":[0.00023477336244722357,0.010449405831956193,0.9999453632367953,0.2729034268115415,-0.9999442001630205,0.010565354842876283,0.00012436569234822658,-0.001969265862949749,-0.010563477335159157,-0.9998895968819285,0.0104513045568421,-0.07228590051542844,0.0,0.0,0.0,1.0]}}},"frames":{"0":{"frame_properties":{"transforms":{"vehicle-iso8855_to_odom":{"src":"vehicle-iso8855","dst":"odom","transform_src_to_dst":{"matrix4x4":[1.0,4.207393807698522e-18,4.7086648567758706e-20,-1.2245127604396904e-28,1.6690639996916876e-18,1.0000000000000002,-4.108899584145204e-18,-2.910383045673371e-11,-1.6900535405560135e-18,-4.089565878969486e-18,1.0000000000000002,1.1902203198317107e-28,0.0,0.0,0.0,1.0]}}}},"objects":{"-1":{"object_data":{"bbox":[{"name":"box2D0","coordinate_system":"CAM_LEFT","val":[1161.945,192.85500000000002,74.71,115.47]},{"name":"box2D1","coordinate_system":"CAM_LEFT","val":[895.615,189.94,25.23,57.24]},{"name":"box2D2","coordinate_system":"CAM_LEFT","val":[853.885,190.425,23.27,36.87]}],"cuboid":[{"name":"box3D","coordinate_system":"CAM_LEFT","val":[-10.0,499.0,-1.0,0,-1.0,0,-1000.0,-1000.0,-1000.0]}],"num":[{"name":"truncated","val":-1.0},{"name":"occluded","val":-1},{"name":"alpha","val":-10.0}]}},"0":{"object_data":{"bbox":[{"name":"box2D","coordinate_system":"CAM_LEFT","val":[487.225,239.015,135.99,99.21]}],"cuboid":[{"name":"box3D","coordinate_system":"CAM_LEFT","val":[-2.04,1.04,12.85,0,1.59,0,3.87,1.43,1.67]}],"num":[{"name":"truncated","val":0.0},{"name":"occluded","val":0},{"name":"alpha","val":1.74}]}},"-2":{}}},"1":{"frame_properties":{"transforms":{"vehicle-iso8855_to_odom":{"src":"vehicle-iso8855","dst":"odom","transform_src_to_dst":{"matrix4x4":[0.9999999926795001,-6.270797561180847e-06,-0.00012083739912169107,0.018850575722616825,6.2762352378128695e-06,0.9999999989678217,4.499962078285331e-05,-0.010766336353657285,0.00012083711681345192,-4.500037885737689e-05,0.9999999916866787,-0.010931638229353394,0.0,0.0,0.0,1.0]}}}},"objects":{"-1":{"object_data":{"bbox":[{"name":"box2D0","coordinate_system":"CAM_LEFT","val":[893.02,190.27,24.12,58.06]},{"name":"box2D1","coordinate_system":"CAM_LEFT","val":[852.7099999999999,189.97500000000002,24.62,36.09]},{"name":"box2D2","coordinate_system":"CAM_LEFT","val":[1139.15,190.425,81.5,100.91]}],"cuboid":[{"name":"box3D","coordinate_system":"CAM_LEFT","val":[-10.0,499.0,-1.0,0,-1.0,0,-1000.0,-1000.0,-1000.0]}],"num":[{"name":"truncated","val":-1.0},{"name":"occluded","val":-1},{"name":"alpha","val":-10.0}]}},"0":{"object_data":{"bbox":[{"name":"box2D","coordinate_system":"CAM_LEFT","val":[475.19,244.285,150.02,108.75]}],"cuboid":[{"name":"box3D","coordinate_system":"CAM_LEFT","val":[-2.06,1.03,11.91,0,1.59,0,3.87,1.43,1.67]}],"num":[{"name":"truncated","val":0.0},{"name":"occluded","val":0},{"name":"alpha","val":1.76}]}},"-2":{}}},"2":{"frame_properties":{"transforms":{"vehicle-iso8855_to_odom":{"src":"vehicle-iso8855","dst":"odom","transform_src_to_dst":{"matrix4x4":[0.9999999861941368,0.0001107329757226365,-0.0001238948544203301,0.04758086322145764,-0.0001107165126145276,0.9999999850425598,0.00013287864469408654,-0.025086787851259583,0.00012390956661491662,-0.0001328649256533759,0.9999999834966655,-0.02690779847441433,0.0,0.0,0.0,1.0]}}}},"objects":{"-1":{"object_data":{"bbox":[{"name":"box2D0","coordinate_system":"CAM_LEFT","val":[892.8299999999999,189.825,24.08,57.89]},{"name":"box2D1","coordinate_system":"CAM_LEFT","val":[852.5250000000001,189.635,24.63,35.95]},{"name":"box2D2","coordinate_system":"CAM_LEFT","val":[1138.4,189.26,80.0,99.76]}],"cuboid":[{"name":"box3D","coordinate_system":"CAM_LEFT","val":[-10.0,499.0,-1.0,0,-1.0,0,-1000.0,-1000.0,-1000.0]}],"num":[{"name":"truncated","val":-1.0},{"name":"occluded","val":-1},{"name":"alpha","val":-10.0}]}},"0":{"object_data":{"bbox":[{"name":"box2D","coordinate_system":"CAM_LEFT","val":[460.815,250.645,167.27,120.29]}],"cuboid":[{"name":"box3D","coordinate_system":"CAM_LEFT","val":[-2.09,1.02,10.97,0,1.58,0,3.87,1.43,1.67]}],"num":[{"name":"truncated","val":0.0},{"name":"occluded","val":0},{"name":"alpha","val":1.77}]}},"-2":{}}},"3":{"frame_properties":{"transforms":{"vehicle-iso8855_to_odom":{"src":"vehicle-iso8855","dst":"odom","transform_src_to_dst":{"matrix4x4":[0.9999999029549468,0.00033038048357259166,-0.0002914426763523437,0.0944901673490677,-0.00033030799152585036,0.9999999145104642,0.00024874825561511195,-0.038345787530587656,0.0002915248330060251,-0.0002486519656302675,0.9999999265927334,-0.04778961914236468,0.0,0.0,0.0,1.0]}}}},"objects":{"-1":{"object_data":{"bbox":[{"name":"box2D0","coordinate_system":"CAM_LEFT","val":[892.82,189.285,24.24,57.49]},{"name":"box2D1","coordinate_system":"CAM_LEFT","val":[852.4000000000001,189.20499999999998,24.66,35.59]},{"name":"box2D2","coordinate_system":"CAM_LEFT","val":[1099.895,184.12,84.39,96.06]}],"cuboid":[{"name":"box3D","coordinate_system":"CAM_LEFT","val":[-10.0,499.0,-1.0,0,-1.0,0,-1000.0,-1000.0,-1000.0]}],"num":[{"name":"truncated","val":-1.0},{"name":"occluded","val":-1},{"name":"alpha","val":-10.0}]}},"0":{"object_data":{"bbox":[{"name":"box2D","coordinate_system":"CAM_LEFT","val":[443.32000000000005,258.445,188.94,134.55]}],"cuboid":[{"name":"box3D","coordinate_system":"CAM_LEFT","val":[-2.11,1.01,10.02,0,1.58,0,3.87,1.43,1.67]}],"num":[{"name":"truncated","val":0.0},{"name":"occluded","val":0},{"name":"alpha","val":1.78}]}},"-2":{}}},"4":{"frame_properties":{"transforms":{"vehicle-iso8855_to_odom":{"src":"vehicle-iso8855","dst":"odom","transform_src_to_dst":{"matrix4x4":[0.9999998286839352,0.0004110354466494909,-0.0004167516787845203,0.14300717098969365,-0.000410911280539807,0.9999998711799895,0.00029797973725899927,-0.05025724833170354,0.0004168741053329595,-0.0002978084382442825,0.9999998687630486,-0.06665536071687007,0.0,0.0,0.0,1.0]}}}},"objects":{"-1":{"object_data":{"bbox":[{"name":"box2D0","coordinate_system":"CAM_LEFT","val":[1099.595,184.2,88.01,97.16]},{"name":"box2D1","coordinate_system":"CAM_LEFT","val":[861.6500000000001,186.54000000000002,27.16,34.92]},{"name":"box2D2","coordinate_system":"CAM_LEFT","val":[902.405,188.0,36.87,45.6]}],"cuboid":[{"name":"box3D","coordinate_system":"CAM_LEFT","val":[-10.0,499.0,-1.0,0,-1.0,0,-1000.0,-1000.0,-1000.0]}],"num":[{"name":"truncated","val":-1.0},{"name":"occluded","val":-1},{"name":"alpha","val":-10.0}]}},"0":{"object_data":{"bbox":[{"name":"box2D","coordinate_system":"CAM_LEFT","val":[421.565,268.265,216.89,152.63]}],"cuboid":[{"name":"box3D","coordinate_system":"CAM_LEFT","val":[-2.13,0.99,9.09,0,1.58,0,3.87,1.43,1.67]}],"num":[{"name":"truncated","val":0.0},{"name":"occluded","val":0},{"name":"alpha","val":1.8}]}},"-2":{}}},"5":{"frame_properties":{"transforms":{"vehicle-iso8855_to_odom":{"src":"vehicle-iso8855","dst":"odom","transform_src_to_dst":{"matrix4x4":[0.9999997501894423,0.0006874094216587365,-0.00016458839717167656,0.2708771174245212,-0.0006873415031011577,0.9999996787609727,0.0004123585934474086,-0.057229384271555696,0.00016487180348169982,-0.00041224536199957034,0.9999999014355203,-0.14812106017936993,0.0,0.0,0.0,1.0]}}}},"objects":{"-1":{"object_data":{"bbox":[{"name":"box2D0","coordinate_system":"CAM_LEFT","val":[862.95,184.565,31.14,35.29]},{"name":"box2D1","coordinate_system":"CAM_LEFT","val":[907.59,185.725,44.66,49.19]},{"name":"box2D2","coordinate_system":"CAM_LEFT","val":[1078.05,184.12,73.7,92.18]}],"cuboid":[{"name":"box3D","coordinate_system":"CAM_LEFT","val":[-10.0,499.0,-1.0,0,-1.0,0,-1000.0,-1000.0,-1000.0]}],"num":[{"name":"truncated","val":-1.0},{"name":"occluded","val":-1},{"name":"alpha","val":-10.0}]}},"0":{"object_data":{"bbox":[{"name":"box2D","coordinate_system":"CAM_LEFT","val":[393.69,281.005,254.16,176.25]}],"cuboid":[{"name":"box3D","coordinate_system":"CAM_LEFT","val":[-2.15,0.98,8.16,0,1.58,0,3.87,1.43,1.67]}],"num":[{"name":"truncated","val":0.0},{"name":"occluded","val":0},{"name":"alpha","val":1.83}]}},"-2":{}}},"6":{"frame_properties":{"transforms":{"vehicle-iso8855_to_odom":{"src":"vehicle-iso8855","dst":"odom","transform_src_to_dst":{"matrix4x4":[0.9999995953947453,0.0008891577155228499,0.00013641445243344188,0.36974959417578857,-0.0008892114444854952,0.9999995269104769,0.00039431184342688714,-0.06164966525757226,-0.0001360637824792871,-0.0003944329851785539,0.99999991295463,-0.20174816239016524,0.0,0.0,0.0,1.0]}}}},"objects":{"-1":{"object_data":{"bbox":[{"name":"box2D0","coordinate_system":"CAM_LEFT","val":[863.675,183.065,31.07,35.25]},{"name":"box2D1","coordinate_system":"CAM_LEFT","val":[908.675,183.875,45.61,48.51]},{"name":"box2D2","coordinate_system":"CAM_LEFT","val":[1062.5,188.0,64.0,86.36]}],"cuboid":[{"name":"box3D","coordinate_system":"CAM_LEFT","val":[-10.0,499.0,-1.0,0,-1.0,0,-1000.0,-1000.0,-1000.0]}],"num":[{"name":"truncated","val":-1.0},{"name":"occluded","val":-1},{"name":"alpha","val":-10.0}]}},"0":{"object_data":{"bbox":[{"name":"box2D","coordinate_system":"CAM_LEFT","val":[356.655,285.2,306.03,177.6]}],"cuboid":[{"name":"box3D","coordinate_system":"CAM_LEFT","val":[-2.17,1.0,7.22,0,1.57,0,3.87,1.43,1.67]}],"num":[{"name":"truncated","val":0.0},{"name":"occluded","val":0},{"name":"alpha","val":1.86}]}},"-2":{}}},"7":{"frame_properties":{"transforms":{"vehicle-iso8855_to_odom":{"src":"vehicle-iso8855","dst":"odom","transform_src_to_dst":{"matrix4x4":[0.9999992490157535,0.0011580732960523592,0.000401041356869657,0.4856564361376258,-0.0011582723574123475,0.9999992059535037,0.0004964851539127444,-0.06849391022398309,-0.0004004660722255391,-0.000496949296178057,0.9999997963341405,-0.26513815966122695,0.0,0.0,0.0,1.0]}}}},"objects":{"-1":{"object_data":{"bbox":[{"name":"box2D0","coordinate_system":"CAM_LEFT","val":[1064.55,185.26000000000002,66.7,87.8]},{"name":"box2D1","coordinate_system":"CAM_LEFT","val":[868.925,187.51000000000002,20.37,38.8]},{"name":"box2D2","coordinate_system":"CAM_LEFT","val":[905.3149999999999,187.03,38.81,55.3]}],"cuboid":[{"name":"box3D","coordinate_system":"CAM_LEFT","val":[-10.0,499.0,-1.0,0,-1.0,0,-1000.0,-1000.0,-1000.0]}],"num":[{"name":"truncated","val":-1.0},{"name":"occluded","val":-1},{"name":"alpha","val":-10.0}]}},"0":{"object_data":{"bbox":[{"name":"box2D","coordinate_system":"CAM_LEFT","val":[306.73,285.545,380.92,176.91]}],"cuboid":[{"name":"box3D","coordinate_system":"CAM_LEFT","val":[-2.19,0.98,6.3,0,1.57,0,3.87,1.43,1.67]}],"num":[{"name":"truncated","val":0.0},{"name":"occluded","val":0},{"name":"alpha","val":1.9}]}},"-2":{}}},"8":{"frame_properties":{"transforms":{"vehicle-iso8855_to_odom":{"src":"vehicle-iso8855","dst":"odom","transform_src_to_dst":{"matrix4x4":[0.9999988705669967,0.0013632382620178973,0.0006328081639060106,0.6034769400773851,-0.0013635517394617546,0.9999989477471278,0.000495208331377158,-0.07694605960888865,-0.0006321324110867959,-0.0004960706387451893,0.999999677161216,-0.3171646347458909,0.0,0.0,0.0,1.0]}}}},"objects":{"-1":{"object_data":{"bbox":[{"name":"box2D0","coordinate_system":"CAM_LEFT","val":[869.0600000000001,186.76500000000001,18.92,38.79]},{"name":"box2D1","coordinate_system":"CAM_LEFT","val":[902.57,185.11,33.9,54.5]},{"name":"box2D2","coordinate_system":"CAM_LEFT","val":[1041.65,184.12,49.5,74.72]}],"cuboid":[{"name":"box3D","coordinate_system":"CAM_LEFT","val":[-10.0,499.0,-1.0,0,-1.0,0,-1000.0,-1000.0,-1000.0]}],"num":[{"name":"truncated","val":-1.0},{"name":"occluded","val":-1},{"name":"alpha","val":-10.0}]}},"0":{"object_data":{"bbox":[{"name":"box2D","coordinate_system":"CAM_LEFT","val":[240.785,285.985,481.57,176.03]}],"cuboid":[{"name":"box3D","coordinate_system":"CAM_LEFT","val":[-2.21,0.96,5.38,0,1.57,0,3.87,1.43,1.67]}],"num":[{"name":"truncated","val":0.0},{"name":"occluded","val":0},{"name":"alpha","val":1.95}]}},"-2":{}}},"9":{"frame_properties":{"transforms":{"vehicle-iso8855_to_odom":{"src":"vehicle-iso8855","dst":"odom","transform_src_to_dst":{"matrix4x4":[0.9999985260843786,0.0014493392971312304,0.0009204589466269632,0.7542874888810863,-0.0014495939525489302,0.9999989112350521,0.0002760544935611412,-0.09318130011409136,-0.0009200578478378564,-0.0002773883784027366,0.9999995382745155,-0.4018762349820914,0.0,0.0,0.0,1.0]}}}},"objects":{"-1":{"object_data":{"bbox":[{"name":"box2D0","coordinate_system":"CAM_LEFT","val":[869.9,184.095,19.18,37.99]},{"name":"box2D1","coordinate_system":"CAM_LEFT","val":[904.3100000000001,182.17000000000002,34.2,53.72]},{"name":"box2D2","coordinate_system":"CAM_LEFT","val":[1033.9,183.14999999999998,65.0,76.66]}],"cuboid":[{"name":"box3D","coordinate_system":"CAM_LEFT","val":[-10.0,499.0,-1.0,0,-1.0,0,-1000.0,-1000.0,-1000.0]}],"num":[{"name":"truncated","val":-1.0},{"name":"occluded","val":-1},{"name":"alpha","val":-10.0}]}},"0":{"object_data":{"bbox":[{"name":"box2D","coordinate_system":"CAM_LEFT","val":[230.745,286.54,461.49,174.92]}],"cuboid":[{"name":"box3D","coordinate_system":"CAM_LEFT","val":[-2.22,0.94,4.47,0,1.57,0,3.87,1.43,1.67]}],"num":[{"name":"truncated","val":1.0},{"name":"occluded","val":0},{"name":"alpha","val":2.01}]}},"-2":{}}},"10":{"frame_properties":{"transforms":{"vehicle-iso8855_to_odom":{"src":"vehicle-iso8855","dst":"odom","transform_src_to_dst":{"matrix4x4":[0.9999987523593703,0.0012347377096682338,0.0009852423515376437,0.9035740417696605,-0.0012347001839216785,0.999999237008779,-3.869516423340064e-05,-0.10853874711535705,-0.000985289378184841,3.747863704308289e-05,0.9999995138999784,-0.4791075159980254,0.0,0.0,0.0,1.0]}}}},"objects":{"-1":{"object_data":{"bbox":[{"name":"box2D0","coordinate_system":"CAM_LEFT","val":[871.2149999999999,181.68,19.87,37.12]},{"name":"box2D1","coordinate_system":"CAM_LEFT","val":[906.36,179.45,34.52,53.02]},{"name":"box2D2","coordinate_system":"CAM_LEFT","val":[1024.65,184.595,48.5,67.93]}],"cuboid":[{"name":"box3D","coordinate_system":"CAM_LEFT","val":[-10.0,499.0,-1.0,0,-1.0,0,-1000.0,-1000.0,-1000.0]}],"num":[{"name":"truncated","val":-1.0},{"name":"occluded","val":-1},{"name":"alpha","val":-10.0}]}},"0":{"object_data":{"bbox":[{"name":"box2D","coordinate_system":"CAM_LEFT","val":[217.295,287.29,434.59,173.42]}],"cuboid":[{"name":"box3D","coordinate_system":"CAM_LEFT","val":[-2.24,0.91,3.55,0,1.57,0,3.87,1.43,1.67]}],"num":[{"name":"truncated","val":1.0},{"name":"occluded","val":0},{"name":"alpha","val":2.1}]}},"-2":{}}},"11":{"frame_properties":{"transforms":{"vehicle-iso8855_to_odom":{"src":"vehicle-iso8855","dst":"odom","transform_src_to_dst":{"matrix4x4":[0.9999994485424725,0.0007320685534479668,0.0007529876389582613,1.0956254193442185,-0.0007320075688326727,0.9999997287806175,-8.126260241520605e-05,-0.130840544191226,-0.0007530469245292145,8.071136495137746e-05,0.9999997132029613,-0.5935489032241791,0.0,0.0,0.0,1.0]}}}},"objects":{"-1":{"object_data":{"bbox":[{"name":"box2D0","coordinate_system":"CAM_LEFT","val":[1027.9,178.95499999999998,49.6,69.09]},{"name":"box2D1","coordinate_system":"CAM_LEFT","val":[911.135,190.42499999999998,27.17,50.45]},{"name":"box2D2","coordinate_system":"CAM_LEFT","val":[885.425,191.395,20.37,38.81]}],"cuboid":[{"name":"box3D","coordinate_system":"CAM_LEFT","val":[-10.0,499.0,-1.0,0,-1.0,0,-1000.0,-1000.0,-1000.0]}],"num":[{"name":"truncated","val":-1.0},{"name":"occluded","val":-1},{"name":"alpha","val":-10.0}]}},"0":{"object_data":{"bbox":[{"name":"box2D","coordinate_system":"CAM_LEFT","val":[198.4,288.33,396.8,171.34]}],"cuboid":[{"name":"box3D","coordinate_system":"CAM_LEFT","val":[-2.25,0.89,2.64,0,1.57,0,3.87,1.43,1.67]}],"num":[{"name":"truncated","val":1.0},{"name":"occluded","val":0},{"name":"alpha","val":2.23}]}},"-2":{}}},"12":{"frame_properties":{"transforms":{"vehicle-iso8855_to_odom":{"src":"vehicle-iso8855","dst":"odom","transform_src_to_dst":{"matrix4x4":[0.9999998998733332,-0.0004404825394930263,7.892056851723405e-05,1.3008644926749708,0.0004404764360338875,0.9999998999997106,7.733743315579145e-05,-0.15071560956604885,-7.895462641410882e-05,-7.730266276153317e-05,0.9999999938952326,-0.6869781054997897,0.0,0.0,0.0,1.0]}}}},"objects":{"-1":{"object_data":{"bbox":[{"name":"box2D0","coordinate_system":"CAM_LEFT","val":[913.7249999999999,187.70999999999998,26.35,48.16]},{"name":"box2D1","coordinate_system":"CAM_LEFT","val":[889.9449999999999,189.07999999999998,23.09,38.34]},{"name":"box2D2","coordinate_system":"CAM_LEFT","val":[1012.51,182.665,45.56,75.69]}],"cuboid":[{"name":"box3D","coordinate_system":"CAM_LEFT","val":[-10.0,499.0,-1.0,0,-1.0,0,-1000.0,-1000.0,-1000.0]}],"num":[{"name":"truncated","val":-1.0},{"name":"occluded","val":-1},{"name":"alpha","val":-10.0}]}},"0":{"object_data":{"bbox":[{"name":"box2D","coordinate_system":"CAM_LEFT","val":[170.085,295.02,340.17,157.96]}],"cuboid":[{"name":"box3D","coordinate_system":"CAM_LEFT","val":[-2.27,0.92,1.72,0,1.57,0,3.87,1.43,1.67]}],"num":[{"name":"truncated","val":1.0},{"name":"occluded","val":0},{"name":"alpha","val":2.42}]}},"-2":{}}},"13":{"frame_properties":{"transforms":{"vehicle-iso8855_to_odom":{"src":"vehicle-iso8855","dst":"odom","transform_src_to_dst":{"matrix4x4":[0.9999947709685725,-0.0031867483079734745,-0.0005501551907457832,1.5676779558466747,0.003186706196448261,0.9999949194431788,-7.740444330233071e-05,-0.1641842910350173,0.0005503990641297979,7.565085559670458e-05,0.9999998456688973,-0.7905704863484854,0.0,0.0,0.0,1.0]}}}},"objects":{"-1":{"object_data":{"bbox":[{"name":"box2D0","coordinate_system":"CAM_LEFT","val":[919.5,184.925,28.6,47.09]},{"name":"box2D1","coordinate_system":"CAM_LEFT","val":[894.465,186.44,23.51,37.56]},{"name":"box2D2","coordinate_system":"CAM_LEFT","val":[1006.235,184.11,67.93,68.9]}],"cuboid":[{"name":"box3D","coordinate_system":"CAM_LEFT","val":[-10.0,499.0,-1.0,0,-1.0,0,-1000.0,-1000.0,-1000.0]}],"num":[{"name":"truncated","val":-1.0},{"name":"occluded","val":-1},{"name":"alpha","val":-10.0}]}},"0":{"object_data":{"bbox":[{"name":"box2D","coordinate_system":"CAM_LEFT","val":[119.065,291.78,238.13,164.44]}],"cuboid":[{"name":"box3D","coordinate_system":"CAM_LEFT","val":[-2.27,0.84,0.74,0,1.58,0,3.87,1.43,1.67]}],"num":[{"name":"truncated","val":2.0},{"name":"occluded","val":0},{"name":"alpha","val":2.73}]}},"-2":{}}},"14":{"frame_properties":{"transforms":{"vehicle-iso8855_to_odom":{"src":"vehicle-iso8855","dst":"odom","transform_src_to_dst":{"matrix4x4":[0.9999740820611324,-0.0071591092995780085,-0.000763125175144783,1.7837625303439066,0.007158967957383126,0.9999743566283195,-0.0001877859528234742,-0.16568556243452626,0.0007644499862034683,0.00018231789712228248,0.999999691188154,-0.8596136024222745,0.0,0.0,0.0,1.0]}}}},"objects":{"-1":{"object_data":{"bbox":[{"name":"box2D0","coordinate_system":"CAM_LEFT","val":[998.4449999999999,183.625,60.11,67.93]},{"name":"box2D1","coordinate_system":"CAM_LEFT","val":[900.465,195.275,17.47,36.87]},{"name":"box2D2","coordinate_system":"CAM_LEFT","val":[925.205,191.88,24.25,51.42]}],"cuboid":[{"name":"box3D","coordinate_system":"CAM_LEFT","val":[-10.0,499.0,-1.0,0,-1.0,0,-1000.0,-1000.0,-1000.0]}],"num":[{"name":"truncated","val":-1.0},{"name":"occluded","val":-1},{"name":"alpha","val":-10.0}]}},"-2":{}}},"15":{"frame_properties":{"transforms":{"vehicle-iso8855_to_odom":{"src":"vehicle-iso8855","dst":"odom","transform_src_to_dst":{"matrix4x4":[0.9999150981617329,-0.013009511644116262,-0.0007409959474121233,1.9956557782673467,0.013009317420630296,0.9999153397802959,-0.00026633119419998814,-0.16658820129385254,0.0007443980533045532,0.00025666873070470626,0.9999996899963024,-0.9202022489612927,0.0,0.0,0.0,1.0]}}}},"objects":{"-1":{"object_data":{"bbox":[{"name":"box2D0","coordinate_system":"CAM_LEFT","val":[1006.345,177.865,65.29,81.53]},{"name":"box2D1","coordinate_system":"CAM_LEFT","val":[924.725,189.94,42.69,49.48]}],"cuboid":[{"name":"box3D","coordinate_system":"CAM_LEFT","val":[-10.0,499.0,-1.0,0,-1.0,0,-1000.0,-1000.0,-1000.0]}],"num":[{"name":"truncated","val":-1.0},{"name":"occluded","val":-1},{"name":"alpha","val":-10.0}]}},"-2":{}}},"16":{"frame_properties":{"transforms":{"vehicle-iso8855_to_odom":{"src":"vehicle-iso8855","dst":"odom","transform_src_to_dst":{"matrix4x4":[0.999762349733134,-0.021794148475391576,-0.0005090661206236888,2.2588977643776826,0.021793891202147878,0.9997623571112367,-0.0005055785324300157,-0.17318884113576716,0.0005199637982819608,0.0004943638499092945,0.9999997426209831,-1.0112820271433651,0.0,0.0,0.0,1.0]}}}},"objects":{"-1":{"object_data":{"bbox":[{"name":"box2D0","coordinate_system":"CAM_LEFT","val":[1007.6700000000001,186.545,49.46,56.27]},{"name":"box2D1","coordinate_system":"CAM_LEFT","val":[948.4899999999999,188.48499999999999,28.12,52.39]}],"cuboid":[{"name":"box3D","coordinate_system":"CAM_LEFT","val":[-10.0,499.0,-1.0,0,-1.0,0,-1000.0,-1000.0,-1000.0]}],"num":[{"name":"truncated","val":-1.0},{"name":"occluded","val":-1},{"name":"alpha","val":-10.0}]}},"-2":{}}},"17":{"frame_properties":{"transforms":{"vehicle-iso8855_to_odom":{"src":"vehicle-iso8855","dst":"odom","transform_src_to_dst":{"matrix4x4":[0.9994711150304236,-0.032519014344178095,-6.265720809331605e-05,2.505342520217243,0.03251893809016654,0.9994706459504497,-0.0009729074357237604,-0.17667991054209656,9.426203110434025e-05,0.0009703553337333115,0.9999995247624849,-1.0853206999905787,0.0,0.0,0.0,1.0]}}}},"objects":{"-1":{"object_data":{"bbox":[{"name":"box2D0","coordinate_system":"CAM_LEFT","val":[1021.125,183.26,55.55,57.34]},{"name":"box2D1","coordinate_system":"CAM_LEFT","val":[962.025,184.825,32.37,54.95]}],"cuboid":[{"name":"box3D","coordinate_system":"CAM_LEFT","val":[-10.0,499.0,-1.0,0,-1.0,0,-1000.0,-1000.0,-1000.0]}],"num":[{"name":"truncated","val":-1.0},{"name":"occluded","val":-1},{"name":"alpha","val":-10.0}]}},"-2":{}}},"18":{"frame_properties":{"transforms":{"vehicle-iso8855_to_odom":{"src":"vehicle-iso8855","dst":"odom","transform_src_to_dst":{"matrix4x4":[0.9989266592895735,-0.04631899184452438,0.0002834697160368442,2.781661222608338,0.04631935908842793,0.998925606504776,-0.0014661659874354146,-0.1831425911384137,-0.0002152538276031022,0.0014777224273606455,0.9999988850004873,-1.1714138941141434,0.0,0.0,0.0,1.0]}}}},"objects":{"-1":{"object_data":{"bbox":[{"name":"box2D0","coordinate_system":"CAM_LEFT","val":[978.0899999999999,189.94,29.1,53.36]},{"name":"box2D1","coordinate_system":"CAM_LEFT","val":[1018.38,183.625,45.64,65.99]}],"cuboid":[{"name":"box3D","coordinate_system":"CAM_LEFT","val":[-10.0,499.0,-1.0,0,-1.0,0,-1000.0,-1000.0,-1000.0]}],"num":[{"name":"truncated","val":-1.0},{"name":"occluded","val":-1},{"name":"alpha","val":-10.0}]}},"-2":{}}},"19":{"frame_properties":{"transforms":{"vehicle-iso8855_to_odom":{"src":"vehicle-iso8855","dst":"odom","transform_src_to_dst":{"matrix4x4":[0.9978734921969477,-0.06517478795029899,0.0008605732404896142,3.039328701582254,0.06517617395318286,0.9978723333540629,-0.0016948968530837959,-0.1833337130952048,-0.0007482776845120733,0.0017473815129219546,0.9999981933675458,-1.2306092174694045,0.0,0.0,0.0,1.0]}}}},"objects":{"-1":{"object_data":{"bbox":[{"name":"box2D0","coordinate_system":"CAM_LEFT","val":[1035.845,184.11,49.49,65.0]},{"name":"box2D1","coordinate_system":"CAM_LEFT","val":[1000.405,191.885,32.99,57.25]}],"cuboid":[{"name":"box3D","coordinate_system":"CAM_LEFT","val":[-10.0,499.0,-1.0,0,-1.0,0,-1000.0,-1000.0,-1000.0]}],"num":[{"name":"truncated","val":-1.0},{"name":"occluded","val":-1},{"name":"alpha","val":-10.0}]}},"-2":{}}},"20":{"frame_properties":{"transforms":{"vehicle-iso8855_to_odom":{"src":"vehicle-iso8855","dst":"odom","transform_src_to_dst":{"matrix4x4":[0.9963390145290367,-0.08547627813724738,0.0015407800335762718,3.304960661070884,0.0854784341801794,0.9963390480607167,-0.001392336011766689,-0.18079681766946232,-0.001416127611722068,0.0015189421545430955,0.9999978436963346,-1.294636238922239,0.0,0.0,0.0,1.0]}}}},"objects":{"-1":{"object_data":{"bbox":[{"name":"box2D0","coordinate_system":"CAM_LEFT","val":[1058.4950000000001,181.065,45.59,68.91]},{"name":"box2D1","coordinate_system":"CAM_LEFT","val":[1025.1,190.835,38.6,59.19]}],"cuboid":[{"name":"box3D","coordinate_system":"CAM_LEFT","val":[-10.0,499.0,-1.0,0,-1.0,0,-1000.0,-1000.0,-1000.0]}],"num":[{"name":"truncated","val":-1.0},{"name":"occluded","val":-1},{"name":"alpha","val":-10.0}]}},"-2":{}}},"21":{"frame_properties":{"transforms":{"vehicle-iso8855_to_odom":{"src":"vehicle-iso8855","dst":"odom","transform_src_to_dst":{"matrix4x4":[0.9940411645894853,-0.10898730474219169,0.0019825505322032234,3.5484348315263863,0.10898885303553288,0.9940427323019192,-0.000690124433618577,-0.1718574446279038,-0.0018955251460010937,0.0009020880042956822,0.9999977966083992,-1.3393393347790654,0.0,0.0,0.0,1.0]}}}},"objects":{"-1":{"object_data":{"bbox":[{"name":"box2D0","coordinate_system":"CAM_LEFT","val":[1054.395,189.45,43.61,59.78]},{"name":"box2D1","coordinate_system":"CAM_LEFT","val":[1070.25,183.145,50.5,57.25]}],"cuboid":[{"name":"box3D","coordinate_system":"CAM_LEFT","val":[-10.0,499.0,-1.0,0,-1.0,0,-1000.0,-1000.0,-1000.0]}],"num":[{"name":"truncated","val":-1.0},{"name":"occluded","val":-1},{"name":"alpha","val":-10.0}]}},"-2":{}}},"22":{"frame_properties":{"transforms":{"vehicle-iso8855_to_odom":{"src":"vehicle-iso8855","dst":"odom","transform_src_to_dst":{"matrix4x4":[0.9904168785194662,-0.1380931199709816,0.002167247202603456,3.8553249215575827,0.13809479757428267,0.9904188065676466,-0.0006438012398471569,-0.15673918422476127,-0.002057577866087907,0.0009369171780933354,0.9999974442764975,-1.4187615448139952,0.0,0.0,0.0,1.0]}}}},"objects":{"-1":{"object_data":{"bbox":[{"name":"box2D0","coordinate_system":"CAM_LEFT","val":[1092.8,186.81,51.0,60.3]},{"name":"box2D1","coordinate_system":"CAM_LEFT","val":[1108.295,181.09,52.79,59.86]}],"cuboid":[{"name":"box3D","coordinate_system":"CAM_LEFT","val":[-10.0,499.0,-1.0,0,-1.0,0,-1000.0,-1000.0,-1000.0]}],"num":[{"name":"truncated","val":-1.0},{"name":"occluded","val":-1},{"name":"alpha","val":-10.0}]}},"-2":{}}},"23":{"frame_properties":{"transforms":{"vehicle-iso8855_to_odom":{"src":"vehicle-iso8855","dst":"odom","transform_src_to_dst":{"matrix4x4":[0.9859840943467969,-0.16682504650282562,0.0021839309643507513,4.1253458904089015,0.16682741533456508,0.9859856542649358,-0.0009503033910294636,-0.1337200256231292,-0.001994790193354547,0.0013013235864106063,0.9999971636804814,-1.4892800338860723,0.0,0.0,0.0,1.0]}}}},"objects":{"-1":{"object_data":{"bbox":[{"name":"box2D0","coordinate_system":"CAM_LEFT","val":[1125.6,183.14499999999998,46.6,78.59]},{"name":"box2D1","coordinate_system":"CAM_LEFT","val":[1158.6,198.19,58.2,62.1]}],"cuboid":[{"name":"box3D","coordinate_system":"CAM_LEFT","val":[-10.0,499.0,-1.0,0,-1.0,0,-1000.0,-1000.0,-1000.0]}],"num":[{"name":"truncated","val":-1.0},{"name":"occluded","val":-1},{"name":"alpha","val":-10.0}]}},"-2":{}}},"24":{"frame_properties":{"transforms":{"vehicle-iso8855_to_odom":{"src":"vehicle-iso8855","dst":"odom","transform_src_to_dst":{"matrix4x4":[0.9802233199612745,-0.19788152629904743,0.0022681608531946594,4.398775033973154,0.19788520617783556,0.9802240065336035,-0.001530421891106619,-0.10336534413092203,-0.0019204634992874973,0.001948990705120871,0.999996256620583,-1.5519792147499483,0.0,0.0,0.0,1.0]}}}},"objects":{"-1":{"object_data":{"bbox":[{"name":"box2D0","coordinate_system":"CAM_LEFT","val":[1168.645,181.345,54.11,83.17]},{"name":"box2D1","coordinate_system":"CAM_LEFT","val":[1204.995,195.655,65.81,66.75]}],"cuboid":[{"name":"box3D","coordinate_system":"CAM_LEFT","val":[-10.0,499.0,-1.0,0,-1.0,0,-1000.0,-1000.0,-1000.0]}],"num":[{"name":"truncated","val":-1.0},{"name":"occluded","val":-1},{"name":"alpha","val":-10.0}]}},"-2":{}}},"25":{"frame_properties":{"transforms":{"vehicle-iso8855_to_odom":{"src":"vehicle-iso8855","dst":"odom","transform_src_to_dst":{"matrix4x4":[0.9720638899900655,-0.23470322542352307,0.0024879214570188006,4.714976946531135,0.23470804629567416,0.9720641281704874,-0.0018611094052614825,-0.059854163743510755,-0.001981610821792709,0.00239305243268952,0.9999951732476541,-1.6218451399883516,0.0,0.0,0.0,1.0]}}}},"objects":{"-1":{"object_data":{"bbox":[{"name":"box2D0","coordinate_system":"CAM_LEFT","val":[1204.6499999999999,183.14499999999998,74.7,78.59]}],"cuboid":[{"name":"box3D","coordinate_system":"CAM_LEFT","val":[-10.0,499.0,-1.0,0,-1.0,0,-1000.0,-1000.0,-1000.0]}],"num":[{"name":"truncated","val":-1.0},{"name":"occluded","val":-1},{"name":"alpha","val":-10.0}]}},"-2":{}}},"26":{"frame_properties":{"transforms":{"vehicle-iso8855_to_odom":{"src":"vehicle-iso8855","dst":"odom","transform_src_to_dst":{"matrix4x4":[0.9627858612530774,-0.27025131011498976,0.002759484064398326,4.9950352439320875,0.27025660812331853,0.962786710209035,-0.001765335815761367,-0.008897605382663933,-0.0021797102672338983,0.0024454091671933667,0.9999946344041833,-1.670170573143599,0.0,0.0,0.0,1.0]}}}},"objects":{"-1":{"object_data":{"bbox":[{"name":"box2D0","coordinate_system":"CAM_LEFT","val":[1229.845,181.70999999999998,24.29,88.16]}],"cuboid":[{"name":"box3D","coordinate_system":"CAM_LEFT","val":[-10.0,499.0,-1.0,0,-1.0,0,-1000.0,-1000.0,-1000.0]}],"num":[{"name":"truncated","val":-1.0},{"name":"occluded","val":-1},{"name":"alpha","val":-10.0}]}},"-2":{}}},"27":{"frame_properties":{"transforms":{"vehicle-iso8855_to_odom":{"src":"vehicle-iso8855","dst":"odom","transform_src_to_dst":{"matrix4x4":[0.9514081152245318,-0.3079128622779451,0.0035025032058322147,5.309432299932071,0.30791434140966617,0.9514140756887276,0.0001222113565784725,0.050939935535835285,-0.0033699612987806117,0.000962198091487708,0.9999938587489814,-1.7296635222054024,0.0,0.0,0.0,1.0]}}}}},"28":{"frame_properties":{"transforms":{"vehicle-iso8855_to_odom":{"src":"vehicle-iso8855","dst":"odom","transform_src_to_dst":{"matrix4x4":[0.9363302918632499,-0.3510888467208421,0.004712350529252056,5.634898794550479,0.35107693590938444,0.9363412145036893,0.003180423593424227,0.13424478558602684,-0.005528979269226046,-0.0013235293667389074,0.9999838391985423,-1.7737500483187798,0.0,0.0,0.0,1.0]}}}}},"29":{"frame_properties":{"transforms":{"vehicle-iso8855_to_odom":{"src":"vehicle-iso8855","dst":"odom","transform_src_to_dst":{"matrix4x4":[0.9203031192335264,-0.39115975361391764,0.006017963255215228,5.948777361854276,0.3911254994159868,0.9203169076663784,0.0061345880049234365,0.22473325243359163,-0.007938037266018319,-0.003291901592480514,0.9999630747923989,-1.8205378810185326,0.0,0.0,0.0,1.0]}}}}},"30":{"frame_properties":{"transforms":{"vehicle-iso8855_to_odom":{"src":"vehicle-iso8855","dst":"odom","transform_src_to_dst":{"matrix4x4":[0.9016225388372466,-0.43246023941704015,0.007412070158511138,6.25190830832006,0.4324016805678661,0.9016428246578588,0.008306827618457135,0.33050096435386667,-0.010275412534956261,-0.004284631414009541,0.9999380269951146,-1.8552356644258157,0.0,0.0,0.0,1.0]}}}}},"31":{"frame_properties":{"transforms":{"vehicle-iso8855_to_odom":{"src":"vehicle-iso8855","dst":"odom","transform_src_to_dst":{"matrix4x4":[0.8778945575424891,-0.4787707771982802,0.008926854890302253,6.594739052232124,0.4786922576648384,0.8779300145922817,0.009623509221484925,0.4621936361448482,-0.012444608833451396,-0.004175210048716386,0.999913845954756,-1.8987100409972077,0.0,0.0,0.0,1.0]}}}}},"32":{"frame_properties":{"transforms":{"vehicle-iso8855_to_odom":{"src":"vehicle-iso8855","dst":"odom","transform_src_to_dst":{"matrix4x4":[0.8537678237554679,-0.5205131211218127,0.012107595132050642,6.907576466427928,0.520407329678021,0.8538483203363836,0.01092048882276419,0.599166598155389,-0.016022307488127274,-0.0030226807250642207,0.9998670656962305,-1.940656700099691,0.0,0.0,0.0,1.0]}}}}},"33":{"frame_properties":{"transforms":{"vehicle-iso8855_to_odom":{"src":"vehicle-iso8855","dst":"odom","transform_src_to_dst":{"matrix4x4":[0.8271720539394526,-0.5616830365440817,0.017278878441830185,7.216733797745553,0.5615252292058261,0.8273513732897625,0.01338364975963029,0.7529959424906987,-0.021813072844786674,-0.0013680548834113413,0.9997611306101594,-1.9801682902209112,0.0,0.0,0.0,1.0]}}}}},"34":{"frame_properties":{"transforms":{"vehicle-iso8855_to_odom":{"src":"vehicle-iso8855","dst":"odom","transform_src_to_dst":{"matrix4x4":[0.7948782993613772,-0.6064668252110086,0.01914364445043284,7.551904730776921,0.6061846156715942,0.7951017868032226,0.01879788140734665,0.9433272665065218,-0.026621437366271313,-0.0033374452509292835,0.999640015471445,-2.028649844161335,0.0,0.0,0.0,1.0]}}}}},"35":{"frame_properties":{"transforms":{"vehicle-iso8855_to_odom":{"src":"vehicle-iso8855","dst":"odom","transform_src_to_dst":{"matrix4x4":[0.7626162321061599,-0.6465422168513127,0.019991106952690307,7.843733171573689,0.6461159204369854,0.762858640612157,0.02410211196636333,1.1357595775405696,-0.030833421575792663,-0.005464089344297084,0.9995096016755252,-2.065620911346715,0.0,0.0,0.0,1.0]}}}},"objects":{"61":{"object_data":{"bbox":[{"name":"box2D","coordinate_system":"CAM_LEFT","val":[37.235,241.835,74.47,71.57]}],"cuboid":[{"name":"box3D","coordinate_system":"CAM_LEFT","val":[-15.27,1.67,18.25,0,-2.5,0,3.51,1.56,1.72]}],"num":[{"name":"truncated","val":0.0},{"name":"occluded","val":1},{"name":"alpha","val":-1.82}]}},"-2":{}}},"36":{"frame_properties":{"transforms":{"vehicle-iso8855_to_odom":{"src":"vehicle-iso8855","dst":"odom","transform_src_to_dst":{"matrix4x4":[0.7245614871077244,-0.688899541456904,0.020689929451553887,8.170817046043268,0.6882396700437783,0.7248076562284628,0.031305239986844736,1.3679544260025518,-0.03656238474544871,-0.008442941020165944,0.9992957063695689,-2.1205956313720384,0.0,0.0,0.0,1.0]}}}},"objects":{"61":{"object_data":{"bbox":[{"name":"box2D","coordinate_system":"CAM_LEFT","val":[65.875,234.505,121.61,69.91]}],"cuboid":[{"name":"box3D","coordinate_system":"CAM_LEFT","val":[-14.21,1.51,18.73,0,-2.46,0,3.51,1.56,1.72]}],"num":[{"name":"truncated","val":0.0},{"name":"occluded","val":0},{"name":"alpha","val":-1.81}]}},"-2":{}}},"37":{"frame_properties":{"transforms":{"vehicle-iso8855_to_odom":{"src":"vehicle-iso8855","dst":"odom","transform_src_to_dst":{"matrix4x4":[0.6873552008309867,-0.7259562616673865,0.023028982533054385,8.462521502161582,0.725126180929312,0.6876972822061382,0.03555938381301949,1.5961888682637968,-0.041651526040049534,-0.007743009247342587,0.9991021950663158,-2.1705513482019634,0.0,0.0,0.0,1.0]}}}},"objects":{"-1":{"object_data":{"bbox":[{"name":"box2D0","coordinate_system":"CAM_LEFT","val":[16.04,222.935,30.08,55.31]}],"cuboid":[{"name":"box3D","coordinate_system":"CAM_LEFT","val":[-10.0,499.0,-1.0,0,-1.0,0,-1000.0,-1000.0,-1000.0]}],"num":[{"name":"truncated","val":-1.0},{"name":"occluded","val":-1},{"name":"alpha","val":-10.0}]}},"3":{"object_data":{"bbox":[{"name":"box2D","coordinate_system":"CAM_LEFT","val":[59.285000000000004,222.54000000000002,81.65,52.66]}],"cuboid":[{"name":"box3D","coordinate_system":"CAM_LEFT","val":[-17.8,1.53,23.23,0,-2.41,0,3.1,1.52,1.51]}],"num":[{"name":"truncated","val":0.0},{"name":"occluded","val":2},{"name":"alpha","val":-1.77}]}},"61":{"object_data":{"bbox":[{"name":"box2D","coordinate_system":"CAM_LEFT","val":[117.785,230.71,114.59,68.42]}],"cuboid":[{"name":"box3D","coordinate_system":"CAM_LEFT","val":[-13.07,1.44,19.03,0,-2.4,0,3.51,1.56,1.72]}],"num":[{"name":"truncated","val":0.0},{"name":"occluded","val":0},{"name":"alpha","val":-1.8}]}},"-2":{}}},"38":{"frame_properties":{"transforms":{"vehicle-iso8855_to_odom":{"src":"vehicle-iso8855","dst":"odom","transform_src_to_dst":{"matrix4x4":[0.6473970560254413,-0.7617009683243493,0.026242840992176674,8.733872869910803,0.7606954477914469,0.6479042872138019,0.039528095316432935,1.8537510221104385,-0.04711143766604551,-0.005627562858288144,0.998873787311147,-2.205160228224927,0.0,0.0,0.0,1.0]}}}},"objects":{"-1":{"object_data":{"bbox":[{"name":"box2D0","coordinate_system":"CAM_LEFT","val":[48.04,217.10500000000002,90.24,47.53]}],"cuboid":[{"name":"box3D","coordinate_system":"CAM_LEFT","val":[-10.0,499.0,-1.0,0,-1.0,0,-1000.0,-1000.0,-1000.0]}],"num":[{"name":"truncated","val":-1.0},{"name":"occluded","val":-1},{"name":"alpha","val":-10.0}]}},"3":{"object_data":{"bbox":[{"name":"box2D","coordinate_system":"CAM_LEFT","val":[113.435,219.05,78.29,51.18]}],"cuboid":[{"name":"box3D","coordinate_system":"CAM_LEFT","val":[-16.39,1.46,23.73,0,-2.38,0,3.1,1.52,1.51]}],"num":[{"name":"truncated","val":0.0},{"name":"occluded","val":2},{"name":"alpha","val":-1.78}]}},"61":{"object_data":{"bbox":[{"name":"box2D","coordinate_system":"CAM_LEFT","val":[168.07999999999998,227.01500000000001,108.46,66.93]}],"cuboid":[{"name":"box3D","coordinate_system":"CAM_LEFT","val":[-11.93,1.36,19.32,0,-2.34,0,3.51,1.56,1.72]}],"num":[{"name":"truncated","val":0.0},{"name":"occluded","val":0},{"name":"alpha","val":-1.8}]}},"-2":{}}},"39":{"frame_properties":{"transforms":{"vehicle-iso8855_to_odom":{"src":"vehicle-iso8855","dst":"odom","transform_src_to_dst":{"matrix4x4":[0.6003573513445382,-0.7992270908906508,0.02840964401463764,9.004006022497261,0.7980936013315669,0.601022010660145,0.04265145033461752,2.165240392657998,-0.051163015941019914,-0.0029325566497041414,0.9986860096703644,-2.2275997886262053,0.0,0.0,0.0,1.0]}}}},"objects":{"-1":{"object_data":{"bbox":[{"name":"box2D0","coordinate_system":"CAM_LEFT","val":[25.255,198.185,48.51,29.11]},{"name":"box2D1","coordinate_system":"CAM_LEFT","val":[82.005,207.405,45.61,32.01]}],"cuboid":[{"name":"box3D","coordinate_system":"CAM_LEFT","val":[-10.0,499.0,-1.0,0,-1.0,0,-1000.0,-1000.0,-1000.0]}],"num":[{"name":"truncated","val":-1.0},{"name":"occluded","val":-1},{"name":"alpha","val":-10.0}]}},"3":{"object_data":{"bbox":[{"name":"box2D","coordinate_system":"CAM_LEFT","val":[165.325,215.70999999999998,75.41,49.78]}],"cuboid":[{"name":"box3D","coordinate_system":"CAM_LEFT","val":[-15.01,1.38,24.24,0,-2.34,0,3.1,1.52,1.51]}],"num":[{"name":"truncated","val":0.0},{"name":"occluded","val":2},{"name":"alpha","val":-1.79}]}},"4":{"object_data":{"bbox":[{"name":"box2D","coordinate_system":"CAM_LEFT","val":[131.06,213.935,67.06,43.87]}],"cuboid":[{"name":"box3D","coordinate_system":"CAM_LEFT","val":[-18.45,1.51,27.68,0,-2.31,0,3.53,1.52,1.57]}],"num":[{"name":"truncated","val":0.0},{"name":"occluded","val":2},{"name":"alpha","val":-1.73}]}},"61":{"object_data":{"bbox":[{"name":"box2D","coordinate_system":"CAM_LEFT","val":[216.84,223.42,103.12,65.46]}],"cuboid":[{"name":"box3D","coordinate_system":"CAM_LEFT","val":[-10.79,1.28,19.62,0,-2.29,0,3.51,1.56,1.72]}],"num":[{"name":"truncated","val":0.0},{"name":"occluded","val":0},{"name":"alpha","val":-1.79}]}},"-2":{}}},"40":{"frame_properties":{"transforms":{"vehicle-iso8855_to_odom":{"src":"vehicle-iso8855","dst":"odom","transform_src_to_dst":{"matrix4x4":[0.5553292267481867,-0.8311008724660874,0.02967810144482786,9.235301795012033,0.8299108261643234,0.5561216919166693,0.04445991897193499,2.473265255434456,-0.05345531343571895,-5.971473490600506e-05,0.9985702408441979,-2.2508937670261298,0.0,0.0,0.0,1.0]}}}},"objects":{"-1":{"object_data":{"bbox":[{"name":"box2D0","coordinate_system":"CAM_LEFT","val":[77.15,195.275,72.78,38