{"openlabel":{"metadata":{"schema_version":"0.2.0"},"coordinate_systems":{"odom":{"type":"scene_cs","parent":"","children":["vehicle-iso8855"]},"vehicle-iso8855":{"type":"local_cs","parent":"odom","children":["VELO_TOP","IMU"]},"VELO_TOP":{"type":"sensor_cs","parent":"vehicle-iso8855","children":["CAM_LEFT","CAM_RIGHT"],"pose_wrt_parent":{"matrix4x4":[1.0,0.0,0.0,0.76,0.0,1.0,0.0,0.0,0.0,0.0,1.0,1.73,0.0,0.0,0.0,1.0]}},"IMU":{"type":"sensor_cs","parent":"vehicle-iso8855","children":[],"pose_wrt_parent":{"matrix4x4":[1.0,0.0,0.0,-0.05,0.0,1.0,0.0,0.32,0.0,0.0,1.0,0.93,0.0,0.0,0.0,1.0]}},"CAM_LEFT":{"type":"sensor_cs","parent":"VELO_TOP","children":[],"pose_wrt_parent":{"matrix4x4":[0.00023477336244722357,0.010449405831956193,0.9999453632367953,0.2729034268115415,-0.9999442001630205,0.010565354842876283,0.00012436569234822658,-0.001969265862949749,-0.010563477335159157,-0.9998895968819285,0.0104513045568421,-0.07228590051542844,0.0,0.0,0.0,1.0]}},"CAM_RIGHT":{"type":"sensor_cs","parent":"VELO_TOP","children":[],"pose_wrt_parent":{"matrix4x4":[0.00023477336244722357,0.010449405831956193,0.9999453632367953,0.2729034268115415,-0.9999442001630205,0.010565354842876283,0.00012436569234822658,-0.001969265862949749,-0.010563477335159157,-0.9998895968819285,0.0104513045568421,-0.07228590051542844,0.0,0.0,0.0,1.0]}}},"frames":{"0":{"frame_properties":{"transforms":{"vehicle-iso8855_to_odom":{"src":"vehicle-iso8855","dst":"odom","transform_src_to_dst":{"matrix4x4":[1.0,2.5051461279482725e-17,1.536959605022906e-19,2.3328754846099647e-26,1.1262283954639786e-16,1.0,3.335288712151705e-18,9.313225746154785e-10,-3.3145746164799705e-18,-1.3415823980190942e-19,1.0,-1.4551915228366852e-11,0.0,0.0,0.0,1.0]}}}},"objects":{"-1":{"object_data":{"bbox":[{"name":"box2D0","coordinate_system":"CAM_LEFT","val":[737.645,177.055,39.59,14.57]}],"cuboid":[{"name":"box3D","coordinate_system":"CAM_LEFT","val":[-10.0,499.0,-1.0,0,-1.0,0,-1000.0,-1000.0,-1000.0]}],"num":[{"name":"truncated","val":-1.0},{"name":"occluded","val":-1},{"name":"alpha","val":-10.0}]}},"10":{"object_data":{"bbox":[{"name":"box2D","coordinate_system":"CAM_LEFT","val":[55.73,209.485,111.46,54.11]}],"cuboid":[{"name":"box3D","coordinate_system":"CAM_LEFT","val":[-16.68,1.03,21.38,0,1.59,0,3.27,1.46,1.4]}],"num":[{"name":"truncated","val":0.0},{"name":"occluded","val":0},{"name":"alpha","val":2.25}]}},"11":{"object_data":{"bbox":[{"name":"box2D","coordinate_system":"CAM_LEFT","val":[156.14,198.01500000000001,124.82,54.35]}],"cuboid":[{"name":"box3D","coordinate_system":"CAM_LEFT","val":[-16.16,0.85,25.91,0,1.62,0,4.28,1.77,1.59]}],"num":[{"name":"truncated","val":0.0},{"name":"occluded","val":1},{"name":"alpha","val":2.18}]}},"12":{"object_data":{"bbox":[{"name":"box2D","coordinate_system":"CAM_LEFT","val":[243.865,198.125,82.41,37.51]}],"cuboid":[{"name":"box3D","coordinate_system":"CAM_LEFT","val":[-15.63,1.04,30.94,0,1.65,0,3.61,1.5,1.47]}],"num":[{"name":"truncated","val":0.0},{"name":"occluded","val":1},{"name":"alpha","val":2.11}]}},"13":{"object_data":{"bbox":[{"name":"box2D","coordinate_system":"CAM_LEFT","val":[334.195,186.51,54.97,41.62]}],"cuboid":[{"name":"box3D","coordinate_system":"CAM_LEFT","val":[-14.3,0.7,37.46,0,1.67,0,2.71,2.06,1.61]}],"num":[{"name":"truncated","val":0.0},{"name":"occluded","val":0},{"name":"alpha","val":2.03}]}},"-2":{}}},"1":{"frame_properties":{"transforms":{"vehicle-iso8855_to_odom":{"src":"vehicle-iso8855","dst":"odom","transform_src_to_dst":{"matrix4x4":[0.999990210178026,0.00430626631165723,-0.0010176534581696956,1.193890042652007,-0.0043058447294309745,0.9999906432382799,0.00041609741321790654,-0.003974214674035693,0.0010194357625016666,-0.0004117114819190443,0.9999993956220081,0.008693101906339352,0.0,0.0,0.0,1.0]}}}},"objects":{"-1":{"object_data":{"bbox":[{"name":"box2D0","coordinate_system":"CAM_LEFT","val":[730.9100000000001,176.81,30.92,19.24]}],"cuboid":[{"name":"box3D","coordinate_system":"CAM_LEFT","val":[-10.0,499.0,-1.0,0,-1.0,0,-1000.0,-1000.0,-1000.0]}],"num":[{"name":"truncated","val":-1.0},{"name":"occluded","val":-1},{"name":"alpha","val":-10.0}]}},"10":{"object_data":{"bbox":[{"name":"box2D","coordinate_system":"CAM_LEFT","val":[39.09,211.9,78.18,56.1]}],"cuboid":[{"name":"box3D","coordinate_system":"CAM_LEFT","val":[-16.8,1.05,20.12,0,1.58,0,3.27,1.46,1.4]}],"num":[{"name":"truncated","val":0.0},{"name":"occluded","val":0},{"name":"alpha","val":2.27}]}},"11":{"object_data":{"bbox":[{"name":"box2D","coordinate_system":"CAM_LEFT","val":[129.91,199.815,135.5,57.43]}],"cuboid":[{"name":"box3D","coordinate_system":"CAM_LEFT","val":[-16.23,0.86,24.64,0,1.62,0,4.28,1.77,1.59]}],"num":[{"name":"truncated","val":0.0},{"name":"occluded","val":1},{"name":"alpha","val":2.2}]}},"12":{"object_data":{"bbox":[{"name":"box2D","coordinate_system":"CAM_LEFT","val":[226.585,200.055,87.75,39.17]}],"cuboid":[{"name":"box3D","coordinate_system":"CAM_LEFT","val":[-15.75,1.07,29.76,0,1.65,0,3.61,1.5,1.47]}],"num":[{"name":"truncated","val":0.0},{"name":"occluded","val":1},{"name":"alpha","val":2.13}]}},"13":{"object_data":{"bbox":[{"name":"box2D","coordinate_system":"CAM_LEFT","val":[321.575,188.37,57.61,43.12]}],"cuboid":[{"name":"box3D","coordinate_system":"CAM_LEFT","val":[-14.45,0.76,36.2,0,1.66,0,2.71,2.06,1.61]}],"num":[{"name":"truncated","val":0.0},{"name":"occluded","val":0},{"name":"alpha","val":2.04}]}},"-2":{}}},"2":{"frame_properties":{"transforms":{"vehicle-iso8855_to_odom":{"src":"vehicle-iso8855","dst":"odom","transform_src_to_dst":{"matrix4x4":[0.9999614867541643,0.00851220008692015,-0.0021371612202848965,2.3862662981459013,-0.008514410055049578,0.9999632242601966,-0.0010271068915036286,-0.013628604339645477,0.0021283396852287985,0.0010452640012666738,0.9999971887927245,0.019187491843724428,0.0,0.0,0.0,1.0]}}}},"objects":{"-1":{"object_data":{"bbox":[{"name":"box2D0","coordinate_system":"CAM_LEFT","val":[731.075,175.86499999999998,40.49,21.27]},{"name":"box2D1","coordinate_system":"CAM_LEFT","val":[779.9100000000001,174.33,32.66,29.16]}],"cuboid":[{"name":"box3D","coordinate_system":"CAM_LEFT","val":[-10.0,499.0,-1.0,0,-1.0,0,-1000.0,-1000.0,-1000.0]}],"num":[{"name":"truncated","val":-1.0},{"name":"occluded","val":-1},{"name":"alpha","val":-10.0}]}},"10":{"object_data":{"bbox":[{"name":"box2D","coordinate_system":"CAM_LEFT","val":[20.4,213.26,40.8,55.62]}],"cuboid":[{"name":"box3D","coordinate_system":"CAM_LEFT","val":[-16.91,1.08,18.85,0,1.56,0,3.27,1.46,1.4]}],"num":[{"name":"truncated","val":2.0},{"name":"occluded","val":0},{"name":"alpha","val":2.29}]}},"11":{"object_data":{"bbox":[{"name":"box2D","coordinate_system":"CAM_LEFT","val":[100.74499999999999,201.82999999999998,147.89,60.88]}],"cuboid":[{"name":"box3D","coordinate_system":"CAM_LEFT","val":[-16.32,0.87,23.36,0,1.62,0,4.28,1.77,1.59]}],"num":[{"name":"truncated","val":0.0},{"name":"occluded","val":1},{"name":"alpha","val":2.22}]}},"12":{"object_data":{"bbox":[{"name":"box2D","coordinate_system":"CAM_LEFT","val":[207.87,202.135,93.7,41.03]}],"cuboid":[{"name":"box3D","coordinate_system":"CAM_LEFT","val":[-15.86,1.11,28.59,0,1.65,0,3.61,1.5,1.47]}],"num":[{"name":"truncated","val":0.0},{"name":"occluded","val":1},{"name":"alpha","val":2.15}]}},"13":{"object_data":{"bbox":[{"name":"box2D","coordinate_system":"CAM_LEFT","val":[308.04,190.375,60.5,44.73]}],"cuboid":[{"name":"box3D","coordinate_system":"CAM_LEFT","val":[-14.6,0.83,34.94,0,1.66,0,2.71,2.06,1.61]}],"num":[{"name":"truncated","val":0.0},{"name":"occluded","val":0},{"name":"alpha","val":2.05}]}},"-2":{}}},"3":{"frame_properties":{"transforms":{"vehicle-iso8855_to_odom":{"src":"vehicle-iso8855","dst":"odom","transform_src_to_dst":{"matrix4x4":[0.9999127894889001,0.012738030321507058,-0.0034865455761970508,3.693886415844059,-0.012745340634375598,0.9999166060694707,-0.0020825942053299437,-0.04257660724335854,0.003459726671322587,0.002126849792230785,0.9999917533666568,0.03396579067651631,0.0,0.0,0.0,1.0]}}}},"objects":{"-1":{"object_data":{"bbox":[{"name":"box2D0","coordinate_system":"CAM_LEFT","val":[728.71,178.13,37.98,20.34]}],"cuboid":[{"name":"box3D","coordinate_system":"CAM_LEFT","val":[-10.0,499.0,-1.0,0,-1.0,0,-1000.0,-1000.0,-1000.0]}],"num":[{"name":"truncated","val":-1.0},{"name":"occluded","val":-1},{"name":"alpha","val":-10.0}]}},"11":{"object_data":{"bbox":[{"name":"box2D","coordinate_system":"CAM_LEFT","val":[74.65,204.06,149.3,64.68]}],"cuboid":[{"name":"box3D","coordinate_system":"CAM_LEFT","val":[-16.39,0.88,22.09,0,1.62,0,4.28,1.77,1.59]}],"num":[{"name":"truncated","val":0.0},{"name":"occluded","val":1},{"name":"alpha","val":2.25}]}},"12":{"object_data":{"bbox":[{"name":"box2D","coordinate_system":"CAM_LEFT","val":[187.53500000000003,204.385,100.35,43.07]}],"cuboid":[{"name":"box3D","coordinate_system":"CAM_LEFT","val":[-15.97,1.13,27.42,0,1.65,0,3.61,1.5,1.47]}],"num":[{"name":"truncated","val":0.0},{"name":"occluded","val":1},{"name":"alpha","val":2.17}]}},"13":{"object_data":{"bbox":[{"name":"box2D","coordinate_system":"CAM_LEFT","val":[293.96000000000004,190.68,63.72,46.5]}],"cuboid":[{"name":"box3D","coordinate_system":"CAM_LEFT","val":[-14.72,0.81,33.65,0,1.65,0,2.71,2.06,1.61]}],"num":[{"name":"truncated","val":0.0},{"name":"occluded","val":0},{"name":"alpha","val":2.06}]}},"-2":{}}},"4":{"frame_properties":{"transforms":{"vehicle-iso8855_to_odom":{"src":"vehicle-iso8855","dst":"odom","transform_src_to_dst":{"matrix4x4":[0.9998509819457544,0.016915025076499647,-0.003449033019971552,4.884449826562235,-0.01692569209934496,0.9998519835474622,-0.003087384518201846,-0.08087291418316732,0.003396299319793057,0.0031453017131047594,0.9999892860566378,0.05115068260311459,0.0,0.0,0.0,1.0]}}}},"objects":{"-1":{"object_data":{"bbox":[{"name":"box2D0","coordinate_system":"CAM_LEFT","val":[729.83,176.015,44.78,27.09]}],"cuboid":[{"name":"box3D","coordinate_system":"CAM_LEFT","val":[-10.0,499.0,-1.0,0,-1.0,0,-1000.0,-1000.0,-1000.0]}],"num":[{"name":"truncated","val":-1.0},{"name":"occluded","val":-1},{"name":"alpha","val":-10.0}]}},"11":{"object_data":{"bbox":[{"name":"box2D","coordinate_system":"CAM_LEFT","val":[60.54,206.485,121.08,68.79]}],"cuboid":[{"name":"box3D","coordinate_system":"CAM_LEFT","val":[-16.47,0.89,20.81,0,1.61,0,4.28,1.77,1.59]}],"num":[{"name":"truncated","val":0.0},{"name":"occluded","val":1},{"name":"alpha","val":2.28}]}},"12":{"object_data":{"bbox":[{"name":"box2D","coordinate_system":"CAM_LEFT","val":[164.21,205.19,108.26,45.3]}],"cuboid":[{"name":"box3D","coordinate_system":"CAM_LEFT","val":[-16.05,1.11,26.13,0,1.65,0,3.61,1.5,1.47]}],"num":[{"name":"truncated","val":0.0},{"name":"occluded","val":1},{"name":"alpha","val":2.2}]}},"13":{"object_data":{"bbox":[{"name":"box2D","coordinate_system":"CAM_LEFT","val":[278.745,191.005,67.29,48.43]}],"cuboid":[{"name":"box3D","coordinate_system":"CAM_LEFT","val":[-14.83,0.8,32.36,0,1.65,0,2.71,2.06,1.61]}],"num":[{"name":"truncated","val":0.0},{"name":"occluded","val":0},{"name":"alpha","val":2.08}]}},"-2":{}}},"5":{"frame_properties":{"transforms":{"vehicle-iso8855_to_odom":{"src":"vehicle-iso8855","dst":"odom","transform_src_to_dst":{"matrix4x4":[0.9997819087260907,0.02078248178822292,-0.0020550996902112145,6.073710331995352,-0.02078771604668871,0.9997806364350158,-0.0025592716067286596,-0.12812455614973092,0.0020014608606588034,0.0026014342807314365,0.9999946133325452,0.07123508582873245,0.0,0.0,0.0,1.0]}}}},"objects":{"-1":{"object_data":{"bbox":[{"name":"box2D0","coordinate_system":"CAM_LEFT","val":[728.045,178.385,35.01,23.81]}],"cuboid":[{"name":"box3D","coordinate_system":"CAM_LEFT","val":[-10.0,499.0,-1.0,0,-1.0,0,-1000.0,-1000.0,-1000.0]}],"num":[{"name":"truncated","val":-1.0},{"name":"occluded","val":-1},{"name":"alpha","val":-10.0}]}},"11":{"object_data":{"bbox":[{"name":"box2D","coordinate_system":"CAM_LEFT","val":[44.775,207.435,89.55,68.81]}],"cuboid":[{"name":"box3D","coordinate_system":"CAM_LEFT","val":[-16.55,0.9,19.53,0,1.61,0,4.28,1.77,1.59]}],"num":[{"name":"truncated","val":1.0},{"name":"occluded","val":1},{"name":"alpha","val":2.31}]}},"12":{"object_data":{"bbox":[{"name":"box2D","coordinate_system":"CAM_LEFT","val":[138.42000000000002,206.085,117.34,47.79]}],"cuboid":[{"name":"box3D","coordinate_system":"CAM_LEFT","val":[-16.13,1.08,24.84,0,1.65,0,3.61,1.5,1.47]}],"num":[{"name":"truncated","val":0.0},{"name":"occluded","val":1},{"name":"alpha","val":2.22}]}},"13":{"object_data":{"bbox":[{"name":"box2D","coordinate_system":"CAM_LEFT","val":[262.27,191.365,71.28,50.53]}],"cuboid":[{"name":"box3D","coordinate_system":"CAM_LEFT","val":[-14.95,0.78,31.09,0,1.65,0,2.71,2.06,1.61]}],"num":[{"name":"truncated","val":0.0},{"name":"occluded","val":0},{"name":"alpha","val":2.09}]}},"-2":{}}},"6":{"frame_properties":{"transforms":{"vehicle-iso8855_to_odom":{"src":"vehicle-iso8855","dst":"odom","transform_src_to_dst":{"matrix4x4":[0.9996773763696233,0.02539852301187137,-0.00024125414416065584,7.382170304584949,-0.025398646419356564,0.9996772655212862,-0.000523029586072154,-0.17603854809933436,0.00022789210415244897,0.0005289883730730597,0.9999998341182315,0.09095680421683684,0.0,0.0,0.0,1.0]}}}},"objects":{"-1":{"object_data":{"bbox":[{"name":"box2D0","coordinate_system":"CAM_LEFT","val":[725.065,179.20000000000002,41.45,22.48]}],"cuboid":[{"name":"box3D","coordinate_system":"CAM_LEFT","val":[-10.0,499.0,-1.0,0,-1.0,0,-1000.0,-1000.0,-1000.0]}],"num":[{"name":"truncated","val":-1.0},{"name":"occluded","val":-1},{"name":"alpha","val":-10.0}]}},"11":{"object_data":{"bbox":[{"name":"box2D","coordinate_system":"CAM_LEFT","val":[25.85,207.375,51.7,68.61]}],"cuboid":[{"name":"box3D","coordinate_system":"CAM_LEFT","val":[-16.66,0.89,18.21,0,1.61,0,4.28,1.77,1.59]}],"num":[{"name":"truncated","val":1.0},{"name":"occluded","val":1},{"name":"alpha","val":2.34}]}},"12":{"object_data":{"bbox":[{"name":"box2D","coordinate_system":"CAM_LEFT","val":[109.735,207.09,127.85,50.56]}],"cuboid":[{"name":"box3D","coordinate_system":"CAM_LEFT","val":[-16.21,1.05,23.54,0,1.64,0,3.61,1.5,1.47]}],"num":[{"name":"truncated","val":0.0},{"name":"occluded","val":0},{"name":"alpha","val":2.24}]}},"13":{"object_data":{"bbox":[{"name":"box2D","coordinate_system":"CAM_LEFT","val":[244.35500000000002,191.755,75.73,52.81]}],"cuboid":[{"name":"box3D","coordinate_system":"CAM_LEFT","val":[-15.07,0.76,29.8,0,1.64,0,2.71,2.06,1.61]}],"num":[{"name":"truncated","val":0.0},{"name":"occluded","val":1},{"name":"alpha","val":2.11}]}},"-2":{}}},"7":{"frame_properties":{"transforms":{"vehicle-iso8855_to_odom":{"src":"vehicle-iso8855","dst":"odom","transform_src_to_dst":{"matrix4x4":[0.9995657274374072,0.02946521381248374,0.0003971240506036612,8.577341280786545,-0.029466020962613117,0.9995633426205828,0.0022085510630461508,-0.23056533962423925,-0.0003318752141679881,-0.002219293615516225,0.9999974822941756,0.10630673892774467,0.0,0.0,0.0,1.0]}}}},"objects":{"-1":{"object_data":{"bbox":[{"name":"box2D0","coordinate_system":"CAM_LEFT","val":[725.395,175.825,47.43,16.03]}],"cuboid":[{"name":"box3D","coordinate_system":"CAM_LEFT","val":[-10.0,499.0,-1.0,0,-1.0,0,-1000.0,-1000.0,-1000.0]}],"num":[{"name":"truncated","val":-1.0},{"name":"occluded","val":-1},{"name":"alpha","val":-10.0}]}},"12":{"object_data":{"bbox":[{"name":"box2D","coordinate_system":"CAM_LEFT","val":[77.66,208.22,140.12,53.68]}],"cuboid":[{"name":"box3D","coordinate_system":"CAM_LEFT","val":[-16.29,1.02,22.25,0,1.64,0,3.61,1.5,1.47]}],"num":[{"name":"truncated","val":0.0},{"name":"occluded","val":0},{"name":"alpha","val":2.27}]}},"13":{"object_data":{"bbox":[{"name":"box2D","coordinate_system":"CAM_LEFT","val":[225.01,192.705,80.72,55.31]}],"cuboid":[{"name":"box3D","coordinate_system":"CAM_LEFT","val":[-15.18,0.76,28.51,0,1.64,0,2.71,2.06,1.61]}],"num":[{"name":"truncated","val":0.0},{"name":"occluded","val":1},{"name":"alpha","val":2.12}]}},"-2":{}}},"8":{"frame_properties":{"transforms":{"vehicle-iso8855_to_odom":{"src":"vehicle-iso8855","dst":"odom","transform_src_to_dst":{"matrix4x4":[0.9994495573843907,0.033166331100593756,-0.0007594244342855276,9.770185093438792,-0.033163066665089364,0.9994420721969147,0.003969298691696874,-0.28245457418688247,0.0008906478049252561,-0.003941928977401563,0.9999918339378702,0.11686428129496107,0.0,0.0,0.0,1.0]}}}},"objects":{"-1":{"object_data":{"bbox":[{"name":"box2D0","coordinate_system":"CAM_LEFT","val":[721.59,181.63,47.52,17.9]},{"name":"box2D1","coordinate_system":"CAM_LEFT","val":[657.41,179.0,21.0,17.5]}],"cuboid":[{"name":"box3D","coordinate_system":"CAM_LEFT","val":[-10.0,499.0,-1.0,0,-1.0,0,-1000.0,-1000.0,-1000.0]}],"num":[{"name":"truncated","val":-1.0},{"name":"occluded","val":-1},{"name":"alpha","val":-10.0}]}},"12":{"object_data":{"bbox":[{"name":"box2D","coordinate_system":"CAM_LEFT","val":[59.415,209.42,118.83,57.02]}],"cuboid":[{"name":"box3D","coordinate_system":"CAM_LEFT","val":[-16.37,0.99,20.96,0,1.64,0,3.61,1.5,1.47]}],"num":[{"name":"truncated","val":0.0},{"name":"occluded","val":0},{"name":"alpha","val":2.3}]}},"13":{"object_data":{"bbox":[{"name":"box2D","coordinate_system":"CAM_LEFT","val":[203.82,193.74,86.38,58.06]}],"cuboid":[{"name":"box3D","coordinate_system":"CAM_LEFT","val":[-15.29,0.76,27.23,0,1.63,0,2.71,2.06,1.61]}],"num":[{"name":"truncated","val":0.0},{"name":"occluded","val":1},{"name":"alpha","val":2.14}]}},"-2":{}}},"9":{"frame_properties":{"transforms":{"vehicle-iso8855_to_odom":{"src":"vehicle-iso8855","dst":"odom","transform_src_to_dst":{"matrix4x4":[0.9993248315456775,0.0366866352629386,-0.001992949895766394,11.082985327020532,-0.03667277708103401,0.9993055699565645,0.006594336581499942,-0.3459536524322142,0.002233489952450245,-0.006516797286201812,0.9999762711563525,0.12979503600854755,0.0,0.0,0.0,1.0]}}}},"objects":{"-1":{"object_data":{"bbox":[{"name":"box2D0","coordinate_system":"CAM_LEFT","val":[722.84,179.29500000000002,47.2,22.87]},{"name":"box2D1","coordinate_system":"CAM_LEFT","val":[657.535,182.015,26.77,17.33]}],"cuboid":[{"name":"box3D","coordinate_system":"CAM_LEFT","val":[-10.0,499.0,-1.0,0,-1.0,0,-1000.0,-1000.0,-1000.0]}],"num":[{"name":"truncated","val":-1.0},{"name":"occluded","val":-1},{"name":"alpha","val":-10.0}]}},"12":{"object_data":{"bbox":[{"name":"box2D","coordinate_system":"CAM_LEFT","val":[43.23,209.525,86.46,58.29]}],"cuboid":[{"name":"box3D","coordinate_system":"CAM_LEFT","val":[-16.45,0.96,19.67,0,1.64,0,3.61,1.5,1.47]}],"num":[{"name":"truncated","val":2.0},{"name":"occluded","val":0},{"name":"alpha","val":2.33}]}},"13":{"object_data":{"bbox":[{"name":"box2D","coordinate_system":"CAM_LEFT","val":[180.51000000000002,194.89000000000001,92.8,61.1]}],"cuboid":[{"name":"box3D","coordinate_system":"CAM_LEFT","val":[-15.4,0.77,25.94,0,1.63,0,2.71,2.06,1.61]}],"num":[{"name":"truncated","val":0.0},{"name":"occluded","val":1},{"name":"alpha","val":2.16}]}},"-2":{}}},"10":{"frame_properties":{"transforms":{"vehicle-iso8855_to_odom":{"src":"vehicle-iso8855","dst":"odom","transform_src_to_dst":{"matrix4x4":[0.9992241455317151,0.03910814313399245,-0.004654044158091152,12.276108368158157,-0.03908523944656261,0.999223794733533,0.004914478174029296,-0.4069450783255062,0.004842627780364081,-0.004728760823864809,0.9999770936262747,0.14374864831263157,0.0,0.0,0.0,1.0]}}}},"objects":{"-1":{"object_data":{"bbox":[{"name":"box2D0","coordinate_system":"CAM_LEFT","val":[723.06,180.185,50.0,16.67]},{"name":"box2D1","coordinate_system":"CAM_LEFT","val":[654.315,183.82999999999998,18.75,19.78]}],"cuboid":[{"name":"box3D","coordinate_system":"CAM_LEFT","val":[-10.0,499.0,-1.0,0,-1.0,0,-1000.0,-1000.0,-1000.0]}],"num":[{"name":"truncated","val":-1.0},{"name":"occluded","val":-1},{"name":"alpha","val":-10.0}]}},"12":{"object_data":{"bbox":[{"name":"box2D","coordinate_system":"CAM_LEFT","val":[24.97,208.9,49.94,58.26]}],"cuboid":[{"name":"box3D","coordinate_system":"CAM_LEFT","val":[-16.53,0.93,18.37,0,1.64,0,3.61,1.5,1.47]}],"num":[{"name":"truncated","val":2.0},{"name":"occluded","val":0},{"name":"alpha","val":2.36}]}},"13":{"object_data":{"bbox":[{"name":"box2D","coordinate_system":"CAM_LEFT","val":[154.74,196.16500000000002,100.18,64.47]}],"cuboid":[{"name":"box3D","coordinate_system":"CAM_LEFT","val":[-15.51,0.77,24.65,0,1.63,0,2.71,2.06,1.61]}],"num":[{"name":"truncated","val":0.0},{"name":"occluded","val":0},{"name":"alpha","val":2.18}]}},"-2":{}}},"11":{"frame_properties":{"transforms":{"vehicle-iso8855_to_odom":{"src":"vehicle-iso8855","dst":"odom","transform_src_to_dst":{"matrix4x4":[0.9991026371537316,0.041480089519965374,-0.008562862014244037,13.588342905520786,-0.04144549564577938,0.999132027830901,0.0041787382289809345,-0.4790644320680834,0.008728764124146467,-0.003820096324223196,0.9999546067401951,0.15924802724060141,0.0,0.0,0.0,1.0]}}}},"objects":{"-1":{"object_data":{"bbox":[{"name":"box2D0","coordinate_system":"CAM_LEFT","val":[725.105,182.70999999999998,55.81,17.4]},{"name":"box2D1","coordinate_system":"CAM_LEFT","val":[654.24,182.91500000000002,23.68,16.79]}],"cuboid":[{"name":"box3D","coordinate_system":"CAM_LEFT","val":[-10.0,499.0,-1.0,0,-1.0,0,-1000.0,-1000.0,-1000.0]}],"num":[{"name":"truncated","val":-1.0},{"name":"occluded","val":-1},{"name":"alpha","val":-10.0}]}},"13":{"object_data":{"bbox":[{"name":"box2D","coordinate_system":"CAM_LEFT","val":[128.06,198.44,108.62,68.16]}],"cuboid":[{"name":"box3D","coordinate_system":"CAM_LEFT","val":[-15.57,0.8,23.39,0,1.63,0,2.71,2.06,1.61]}],"num":[{"name":"truncated","val":0.0},{"name":"occluded","val":0},{"name":"alpha","val":2.21}]}},"-2":{}}},"12":{"frame_properties":{"transforms":{"vehicle-iso8855_to_odom":{"src":"vehicle-iso8855","dst":"odom","transform_src_to_dst":{"matrix4x4":[0.9989936070060523,0.04404223735076711,-0.008488491631361797,14.78041226454241,-0.04403839494055825,0.9990296348346808,0.0006391346836519225,-0.5463135186790091,0.008508403616213104,-0.00026467191607255545,0.999963767851956,0.18121036089970094,0.0,0.0,0.0,1.0]}}}},"objects":{"-1":{"object_data":{"bbox":[{"name":"box2D0","coordinate_system":"CAM_LEFT","val":[718.335,181.84,51.43,17.62]},{"name":"box2D1","coordinate_system":"CAM_LEFT","val":[650.47,183.58,25.14,16.06]}],"cuboid":[{"name":"box3D","coordinate_system":"CAM_LEFT","val":[-10.0,499.0,-1.0,0,-1.0,0,-1000.0,-1000.0,-1000.0]}],"num":[{"name":"truncated","val":-1.0},{"name":"occluded","val":-1},{"name":"alpha","val":-10.0}]}},"13":{"object_data":{"bbox":[{"name":"box2D","coordinate_system":"CAM_LEFT","val":[98.3,200.985,118.38,72.29]}],"cuboid":[{"name":"box3D","coordinate_system":"CAM_LEFT","val":[-15.63,0.83,22.12,0,1.63,0,2.71,2.06,1.61]}],"num":[{"name":"truncated","val":0.0},{"name":"occluded","val":0},{"name":"alpha","val":2.24}]}},"-2":{}}},"13":{"frame_properties":{"transforms":{"vehicle-iso8855_to_odom":{"src":"vehicle-iso8855","dst":"odom","transform_src_to_dst":{"matrix4x4":[0.9989147918056168,0.04606020589266498,-0.0069062395749442725,15.97176450953714,-0.046074103847569305,0.9989362801077767,-0.0018668795034343661,-0.6156057899754459,0.00681290441622295,0.002183052349871505,0.9999744089804763,0.20379049440828503,0.0,0.0,0.0,1.0]}}}},"objects":{"-1":{"object_data":{"bbox":[{"name":"box2D0","coordinate_system":"CAM_LEFT","val":[721.2950000000001,179.66,48.95,16.12]},{"name":"box2D1","coordinate_system":"CAM_LEFT","val":[652.225,183.825,14.57,13.53]}],"cuboid":[{"name":"box3D","coordinate_system":"CAM_LEFT","val":[-10.0,499.0,-1.0,0,-1.0,0,-1000.0,-1000.0,-1000.0]}],"num":[{"name":"truncated","val":-1.0},{"name":"occluded","val":-1},{"name":"alpha","val":-10.0}]}},"13":{"object_data":{"bbox":[{"name":"box2D","coordinate_system":"CAM_LEFT","val":[64.88,203.865,129.76,76.97]}],"cuboid":[{"name":"box3D","coordinate_system":"CAM_LEFT","val":[-15.69,0.84,20.86,0,1.63,0,2.71,2.06,1.61]}],"num":[{"name":"truncated","val":0.0},{"name":"occluded","val":0},{"name":"alpha","val":2.27}]}},"-2":{}}},"14":{"frame_properties":{"transforms":{"vehicle-iso8855_to_odom":{"src":"vehicle-iso8855","dst":"odom","transform_src_to_dst":{"matrix4x4":[0.9987955377000198,0.048886311326244596,-0.0041955256454513385,17.28302792283711,-0.04890655580501299,0.9987915029735952,-0.004866455284681581,-0.6963215770390524,0.0039525523170824035,0.005065782531867276,0.9999793573757012,0.22818171992260539,0.0,0.0,0.0,1.0]}}}},"objects":{"-1":{"object_data":{"bbox":[{"name":"box2D0","coordinate_system":"CAM_LEFT","val":[716.46,178.245,42.38,15.47]},{"name":"box2D1","coordinate_system":"CAM_LEFT","val":[649.1,179.665,12.5,9.37]},{"name":"box2D2","coordinate_system":"CAM_LEFT","val":[1063.6950000000002,171.32999999999998,39.59,23.96]}],"cuboid":[{"name":"box3D","coordinate_system":"CAM_LEFT","val":[-10.0,499.0,-1.0,0,-1.0,0,-1000.0,-1000.0,-1000.0]}],"num":[{"name":"truncated","val":-1.0},{"name":"occluded","val":-1},{"name":"alpha","val":-10.0}]}},"13":{"object_data":{"bbox":[{"name":"box2D","coordinate_system":"CAM_LEFT","val":[49.33,207.04,98.66,82.08]}],"cuboid":[{"name":"box3D","coordinate_system":"CAM_LEFT","val":[-15.75,0.87,19.59,0,1.63,0,2.71,2.06,1.61]}],"num":[{"name":"truncated","val":0.0},{"name":"occluded","val":0},{"name":"alpha","val":2.3}]}},"-2":{}}},"15":{"frame_properties":{"transforms":{"vehicle-iso8855_to_odom":{"src":"vehicle-iso8855","dst":"odom","transform_src_to_dst":{"matrix4x4":[0.9986348637682109,0.05216418947314781,-0.0027029989376102822,18.473150768026898,-0.05217591935145037,0.998627914983803,-0.004467757259967454,-0.7687690189131307,0.0024662332570402085,0.004602689617232841,0.9999863663779669,0.24570997184776305,0.0,0.0,0.0,1.0]}}}},"objects":{"-1":{"object_data":{"bbox":[{"name":"box2D0","coordinate_system":"CAM_LEFT","val":[645.735,179.385,21.95,16.99]},{"name":"box2D1","coordinate_system":"CAM_LEFT","val":[716.81,178.105,50.0,20.83]},{"name":"box2D2","coordinate_system":"CAM_LEFT","val":[1108.995,166.65,42.81,25.0]},{"name":"box2D3","coordinate_system":"CAM_LEFT","val":[1059.55,169.765,37.5,16.65]}],"cuboid":[{"name":"box3D","coordinate_system":"CAM_LEFT","val":[-10.0,499.0,-1.0,0,-1.0,0,-1000.0,-1000.0,-1000.0]}],"num":[{"name":"truncated","val":-1.0},{"name":"occluded","val":-1},{"name":"alpha","val":-10.0}]}},"13":{"object_data":{"bbox":[{"name":"box2D","coordinate_system":"CAM_LEFT","val":[31.775,209.365,63.55,84.09]}],"cuboid":[{"name":"box3D","coordinate_system":"CAM_LEFT","val":[-15.81,0.9,18.32,0,1.63,0,2.71,2.06,1.61]}],"num":[{"name":"truncated","val":1.0},{"name":"occluded","val":0},{"name":"alpha","val":2.34}]}},"-2":{}}},"16":{"frame_properties":{"transforms":{"vehicle-iso8855_to_odom":{"src":"vehicle-iso8855","dst":"odom","transform_src_to_dst":{"matrix4x4":[0.9984199817220146,0.05611677411276486,-0.002906503292394566,19.662275475305435,-0.05613418742538125,0.9984033376723475,-0.006303041076207309,-0.8465430995083022,0.002548156255785389,0.006456236356667782,0.9999759116657776,0.2619360625902107,0.0,0.0,0.0,1.0]}}}},"objects":{"-1":{"object_data":{"bbox":[{"name":"box2D0","coordinate_system":"CAM_LEFT","val":[714.92,177.065,42.04,20.29]},{"name":"box2D1","coordinate_system":"CAM_LEFT","val":[644.41,179.665,19.78,17.71]},{"name":"box2D2","coordinate_system":"CAM_LEFT","val":[1124.095,167.69,43.79,25.0]},{"name":"box2D3","coordinate_system":"CAM_LEFT","val":[1050.7,166.65,34.4,25.0]}],"cuboid":[{"name":"box3D","coordinate_system":"CAM_LEFT","val":[-10.0,499.0,-1.0,0,-1.0,0,-1000.0,-1000.0,-1000.0]}],"num":[{"name":"truncated","val":-1.0},{"name":"occluded","val":-1},{"name":"alpha","val":-10.0}]}},"-2":{}}},"17":{"frame_properties":{"transforms":{"vehicle-iso8855_to_odom":{"src":"vehicle-iso8855","dst":"odom","transform_src_to_dst":{"matrix4x4":[0.9981919226706534,0.05993114515176114,-0.004598190498789449,20.849828817419333,-0.05995697558025081,0.9981846776218047,-0.005701792728872292,-0.926228580174793,0.004248128333018479,0.005967177042151843,0.9999731727420561,0.27457255517408025,0.0,0.0,0.0,1.0]}}}},"objects":{"-1":{"object_data":{"bbox":[{"name":"box2D0","coordinate_system":"CAM_LEFT","val":[642.855,181.75,18.75,15.62]},{"name":"box2D1","coordinate_system":"CAM_LEFT","val":[720.1,179.725,60.44,18.31]},{"name":"box2D2","coordinate_system":"CAM_LEFT","val":[819.41,178.1,15.62,10.4]},{"name":"box2D3","coordinate_system":"CAM_LEFT","val":[1138.195,169.245,55.21,26.05]},{"name":"box2D4","coordinate_system":"CAM_LEFT","val":[1049.095,169.76500000000001,43.79,22.91]}],"cuboid":[{"name":"box3D","coordinate_system":"CAM_LEFT","val":[-10.0,499.0,-1.0,0,-1.0,0,-1000.0,-1000.0,-1000.0]}],"num":[{"name":"truncated","val":-1.0},{"name":"occluded","val":-1},{"name":"alpha","val":-10.0}]}},"-2":{}}},"18":{"frame_properties":{"transforms":{"vehicle-iso8855_to_odom":{"src":"vehicle-iso8855","dst":"odom","transform_src_to_dst":{"matrix4x4":[0.9979243075154345,0.06421275030671957,-0.004878439083082437,22.155418330304254,-0.0642408837406644,0.9979172901990163,-0.005847288095406298,-1.0197453286502105,0.004492808259748819,0.006148546161423794,0.9999710046066546,0.2914316883399289,0.0,0.0,0.0,1.0]}}}},"objects":{"-1":{"object_data":{"bbox":[{"name":"box2D0","coordinate_system":"CAM_LEFT","val":[640.245,183.31,21.89,12.5]},{"name":"box2D1","coordinate_system":"CAM_LEFT","val":[713.685,179.665,58.33,21.87]},{"name":"box2D2","coordinate_system":"CAM_LEFT","val":[823.575,175.5,23.95,19.8]},{"name":"box2D3","coordinate_system":"CAM_LEFT","val":[1150.645,169.245,53.11,23.95]},{"name":"box2D4","coordinate_system":"CAM_LEFT","val":[1034.0,170.285,42.8,13.53]}],"cuboid":[{"name":"box3D","coordinate_system":"CAM_LEFT","val":[-10.0,499.0,-1.0,0,-1.0,0,-1000.0,-1000.0,-1000.0]}],"num":[{"name":"truncated","val":-1.0},{"name":"occluded","val":-1},{"name":"alpha","val":-10.0}]}},"-2":{}}},"19":{"frame_properties":{"transforms":{"vehicle-iso8855_to_odom":{"src":"vehicle-iso8855","dst":"odom","transform_src_to_dst":{"matrix4x4":[0.9976840108090517,0.06794799403717702,-0.003112022218375983,23.34113017313569,-0.06796881455510069,0.9976617466528239,-0.007160971554932774,-1.109507269752356,0.0026181718694924063,0.0073559072832670245,0.9999695174374577,0.30817445329266707,0.0,0.0,0.0,1.0]}}}},"objects":{"-1":{"object_data":{"bbox":[{"name":"box2D0","coordinate_system":"CAM_LEFT","val":[634.0,178.105,17.7,18.75]},{"name":"box2D1","coordinate_system":"CAM_LEFT","val":[716.29,178.625,61.46,19.79]},{"name":"box2D2","coordinate_system":"CAM_LEFT","val":[825.1400000000001,173.94,22.9,12.5]},{"name":"box2D3","coordinate_system":"CAM_LEFT","val":[1161.595,167.685,58.39,29.17]},{"name":"box2D4","coordinate_system":"CAM_LEFT","val":[1031.395,167.16000000000003,45.79,19.78]}],"cuboid":[{"name":"box3D","coordinate_system":"CAM_LEFT","val":[-10.0,499.0,-1.0,0,-1.0,0,-1000.0,-1000.0,-1000.0]}],"num":[{"name":"truncated","val":-1.0},{"name":"occluded","val":-1},{"name":"alpha","val":-10.0}]}},"-2":{}}},"20":{"frame_properties":{"transforms":{"vehicle-iso8855_to_odom":{"src":"vehicle-iso8855","dst":"odom","transform_src_to_dst":{"matrix4x4":[0.9973893828760392,0.07220967052609911,-0.0004270932749675305,24.644010333061097,-0.07221085822872869,0.9973623536485555,-0.007343533106376783,-1.213649398254153,-0.00010430735215989393,0.0073552027250280315,0.99997294469043,0.3250103636827327,0.0,0.0,0.0,1.0]}}}},"objects":{"-1":{"object_data":{"bbox":[{"name":"box2D0","coordinate_system":"CAM_LEFT","val":[713.165,176.025,59.37,18.75]},{"name":"box2D1","coordinate_system":"CAM_LEFT","val":[634.0,178.62,17.7,15.62]},{"name":"box2D2","coordinate_system":"CAM_LEFT","val":[824.625,174.45499999999998,28.13,13.53]},{"name":"box2D3","coordinate_system":"CAM_LEFT","val":[1175.15,166.12,60.5,19.8]},{"name":"box2D4","coordinate_system":"CAM_LEFT","val":[1037.59,167.685,25.0,16.67]}],"cuboid":[{"name":"box3D","coordinate_system":"CAM_LEFT","val":[-10.0,499.0,-1.0,0,-1.0,0,-1000.0,-1000.0,-1000.0]}],"num":[{"name":"truncated","val":-1.0},{"name":"occluded","val":-1},{"name":"alpha","val":-10.0}]}},"-2":{}}},"21":{"frame_properties":{"transforms":{"vehicle-iso8855_to_odom":{"src":"vehicle-iso8855","dst":"odom","transform_src_to_dst":{"matrix4x4":[0.997157314233343,0.07533992033676336,-0.00108952952974763,25.826104016627063,-0.07534639909245092,0.997122662854091,-0.008325585058573825,-1.3098072157274157,0.00045914567089021436,0.00838401016320011,0.9999647481580718,0.33634393957526076,0.0,0.0,0.0,1.0]}}}},"objects":{"-1":{"object_data":{"bbox":[{"name":"box2D0","coordinate_system":"CAM_LEFT","val":[706.39,176.85999999999999,52.28,19.52]},{"name":"box2D1","coordinate_system":"CAM_LEFT","val":[631.395,176.54,18.75,15.62]},{"name":"box2D2","coordinate_system":"CAM_LEFT","val":[827.745,173.415,28.11,17.71]},{"name":"box2D3","coordinate_system":"CAM_LEFT","val":[1188.145,166.64,53.11,22.9]}],"cuboid":[{"name":"box3D","coordinate_system":"CAM_LEFT","val":[-10.0,499.0,-1.0,0,-1.0,0,-1000.0,-1000.0,-1000.0]}],"num":[{"name":"truncated","val":-1.0},{"name":"occluded","val":-1},{"name":"alpha","val":-10.0}]}},"-2":{}}},"22":{"frame_properties":{"transforms":{"vehicle-iso8855_to_odom":{"src":"vehicle-iso8855","dst":"odom","transform_src_to_dst":{"matrix4x4":[0.9969760524916063,0.07763450277605466,-0.0034109730237454334,27.010485624551126,-0.07766292662744978,0.9969373227342571,-0.009189361626947189,-1.4076814567340277,0.0026871147934741336,0.009426479627423018,0.9999519592940055,0.3442270248395445,0.0,0.0,0.0,1.0]}}}},"objects":{"-1":{"object_data":{"bbox":[{"name":"box2D0","coordinate_system":"CAM_LEFT","val":[703.83,180.7,50.5,20.34]},{"name":"box2D1","coordinate_system":"CAM_LEFT","val":[628.7900000000001,179.14000000000001,17.7,16.66]},{"name":"box2D2","coordinate_system":"CAM_LEFT","val":[824.62,175.5,32.28,13.54]},{"name":"box2D3","coordinate_system":"CAM_LEFT","val":[1206.945,166.12,57.29,19.8]}],"cuboid":[{"name":"box3D","coordinate_system":"CAM_LEFT","val":[-10.0,499.0,-1.0,0,-1.0,0,-1000.0,-1000.0,-1000.0]}],"num":[{"name":"truncated","val":-1.0},{"name":"occluded","val":-1},{"name":"alpha","val":-10.0}]}},"-2":{}}},"23":{"frame_properties":{"transforms":{"vehicle-iso8855_to_odom":{"src":"vehicle-iso8855","dst":"odom","transform_src_to_dst":{"matrix4x4":[0.9968462252855658,0.07921364959414498,-0.004775023758596834,28.314869906713206,-0.0792541194749831,0.996813962434496,-0.008983809987074654,-1.5167656062754944,0.004048169977189247,0.009333917377757866,0.9999482438137591,0.35553456208185064,0.0,0.0,0.0,1.0]}}}},"objects":{"-1":{"object_data":{"bbox":[{"name":"box2D0","coordinate_system":"CAM_LEFT","val":[705.3549999999999,179.665,52.09,17.71]},{"name":"box2D1","coordinate_system":"CAM_LEFT","val":[626.6999999999999,180.185,19.8,16.67]},{"name":"box2D2","coordinate_system":"CAM_LEFT","val":[829.8349999999999,175.5,34.37,13.54]},{"name":"box2D3","coordinate_system":"CAM_LEFT","val":[1216.3,167.16500000000002,51.0,26.03]},{"name":"box2D4","coordinate_system":"CAM_LEFT","val":[1087.645,163.525,31.29,18.75]}],"cuboid":[{"name":"box3D","coordinate_system":"CAM_LEFT","val":[-10.0,499.0,-1.0,0,-1.0,0,-1000.0,-1000.0,-1000.0]}],"num":[{"name":"truncated","val":-1.0},{"name":"occluded","val":-1},{"name":"alpha","val":-10.0}]}},"-2":{}}},"24":{"frame_properties":{"transforms":{"vehicle-iso8855_to_odom":{"src":"vehicle-iso8855","dst":"odom","transform_src_to_dst":{"matrix4x4":[0.9967796294631481,0.08004108617216595,-0.004877992588026323,29.49652480951253,-0.08008040022652918,0.996752322349018,-0.008481591324641671,-1.618465715728799,0.004183274658423795,0.008844909056585373,0.9999521327528198,0.36904054011113274,0.0,0.0,0.0,1.0]}}}},"objects":{"-1":{"object_data":{"bbox":[{"name":"box2D0","coordinate_system":"CAM_LEFT","val":[717.47,180.4,81.76,21.3]},{"name":"box2D1","coordinate_system":"CAM_LEFT","val":[627.225,180.70499999999998,18.75,17.71]},{"name":"box2D2","coordinate_system":"CAM_LEFT","val":[830.875,174.98,30.21,20.84]},{"name":"box2D3","coordinate_system":"CAM_LEFT","val":[1102.2,164.56,50.0,22.92]},{"name":"box2D4","coordinate_system":"CAM_LEFT","val":[1223.6950000000002,166.125,36.59,34.37]}],"cuboid":[{"name":"box3D","coordinate_system":"CAM_LEFT","val":[-10.0,499.0,-1.0,0,-1.0,0,-1000.0,-1000.0,-1000.0]}],"num":[{"name":"truncated","val":-1.0},{"name":"occluded","val":-1},{"name":"alpha","val":-10.0}]}},"-2":{}}},"25":{"frame_properties":{"transforms":{"vehicle-iso8855_to_odom":{"src":"vehicle-iso8855","dst":"odom","transform_src_to_dst":{"matrix4x4":[0.9967004963390419,0.08085689448602859,-0.007091065616855958,30.67500526175879,-0.08089985497131835,0.9967041984128294,-0.005996193113877889,-1.7153584289596475,0.006582861317614508,0.006550074832742604,0.999956880298625,0.38276125555012797,0.0,0.0,0.0,1.0]}}}},"objects":{"-1":{"object_data":{"bbox":[{"name":"box2D0","coordinate_system":"CAM_LEFT","val":[623.24,183.54999999999998,26.6,15.4]},{"name":"box2D1","coordinate_system":"CAM_LEFT","val":[840.0699999999999,175.41,38.6,18.92]},{"name":"box2D2","coordinate_system":"CAM_LEFT","val":[687.165,176.66000000000003,19.83,22.16]},{"name":"box2D3","coordinate_system":"CAM_LEFT","val":[1117.9,166.65,50.0,25.0]},{"name":"box2D4","coordinate_system":"CAM_LEFT","val":[757.44,176.01500000000001,37.5,22.91]}],"cuboid":[{"name":"box3D","coordinate_system":"CAM_LEFT","val":[-10.0,499.0,-1.0,0,-1.0,0,-1000.0,-1000.0,-1000.0]}],"num":[{"name":"truncated","val":-1.0},{"name":"occluded","val":-1},{"name":"alpha","val":-10.0}]}},"1":{"object_data":{"bbox":[{"name":"box2D","coordinate_system":"CAM_LEFT","val":[718.5,182.835,17.32,13.43]}],"cuboid":[{"name":"box3D","coordinate_system":"CAM_LEFT","val":[12.01,1.09,79.77,0,-1.35,0,4.21,1.43,1.59]}],"num":[{"name":"truncated","val":0.0},{"name":"occluded","val":0},{"name":"alpha","val":-1.5}]}},"-2":{}}},"26":{"frame_properties":{"transforms":{"vehicle-iso8855_to_odom":{"src":"vehicle-iso8855","dst":"odom","transform_src_to_dst":{"matrix4x4":[0.9965700428915522,0.08211020241736645,-0.010298750900451513,31.960506872016655,-0.08216339179972217,0.9966070626404686,-0.0048517773137690505,-1.8149920168266906,0.009865427466447288,0.00568131623096463,0.9999351958936081,0.399535297479028,0.0,0.0,0.0,1.0]}}}},"objects":{"-1":{"object_data":{"bbox":[{"name":"box2D0","coordinate_system":"CAM_LEFT","val":[620.455,184.355,26.03,20.83]},{"name":"box2D1","coordinate_system":"CAM_LEFT","val":[690.77,180.7,33.34,19.78]},{"name":"box2D2","coordinate_system":"CAM_LEFT","val":[750.66,180.185,28.12,18.75]},{"name":"box2D3","coordinate_system":"CAM_LEFT","val":[1142.9,176.01999999999998,50.0,33.34]}],"cuboid":[{"name":"box3D","coordinate_system":"CAM_LEFT","val":[-10.0,499.0,-1.0,0,-1.0,0,-1000.0,-1000.0,-1000.0]}],"num":[{"name":"truncated","val":-1.0},{"name":"occluded","val":-1},{"name":"alpha","val":-10.0}]}},"1":{"object_data":{"bbox":[{"name":"box2D","coordinate_system":"CAM_LEFT","val":[719.48,185.15,17.5,13.64]}],"cuboid":[{"name":"box3D","coordinate_system":"CAM_LEFT","val":[11.94,1.31,78.56,0,-1.35,0,4.21,1.43,1.59]}],"num":[{"name":"truncated","val":0.0},{"name":"occluded","val":0},{"name":"alpha","val":-1.5}]}},"-2":{}}},"27":{"frame_properties":{"transforms":{"vehicle-iso8855_to_odom":{"src":"vehicle-iso8855","dst":"odom","transform_src_to_dst":{"matrix4x4":[0.9964783044440509,0.08333585123205077,-0.009280337910816273,33.126881228732636,-0.08340516595623929,0.996488612070111,-0.007350122883037739,-1.9050611636361785,0.008635222297172798,0.00809826611152649,0.9999299230555437,0.42009135032289435,0.0,0.0,0.0,1.0]}}}},"objects":{"-1":{"object_data":{"bbox":[{"name":"box2D0","coordinate_system":"CAM_LEFT","val":[694.29,182.44,28.52,19.48]},{"name":"box2D1","coordinate_system":"CAM_LEFT","val":[756.0849999999999,177.66,28.59,30.56]},{"name":"box2D2","coordinate_system":"CAM_LEFT","val":[621.955,188.305,25.91,16.37]},{"name":"box2D3","coordinate_system":"CAM_LEFT","val":[1153.25,171.32999999999998,47.9,32.28]}],"cuboid":[{"name":"box3D","coordinate_system":"CAM_LEFT","val":[-10.0,499.0,-1.0,0,-1.0,0,-1000.0,-1000.0,-1000.0]}],"num":[{"name":"truncated","val":-1.0},{"name":"occluded","val":-1},{"name":"alpha","val":-10.0}]}},"1":{"object_data":{"bbox":[{"name":"box2D","coordin