{"openlabel":{"metadata":{"schema_version":"0.2.0"},"coordinate_systems":{"odom":{"type":"scene_cs","parent":"","pose_wrt_parent":[],"children":["vehicle-iso8855"]},"vehicle-iso8855":{"type":"local_cs","parent":"odom","pose_wrt_parent":[],"children":["VELO_TOP","IMU"]},"VELO_TOP":{"type":"sensor_cs","parent":"vehicle-iso8855","pose_wrt_parent":[1.0,0.0,0.0,0.76,0.0,1.0,0.0,0.0,0.0,0.0,1.0,1.73,0.0,0.0,0.0,1.0],"children":["CAM_LEFT","CAM_RIGHT"]},"IMU":{"type":"sensor_cs","parent":"vehicle-iso8855","pose_wrt_parent":[1.0,0.0,0.0,-0.05,0.0,1.0,0.0,0.32,0.0,0.0,1.0,0.93,0.0,0.0,0.0,1.0],"children":[]},"CAM_LEFT":{"type":"sensor_cs","parent":"VELO_TOP","pose_wrt_parent":[0.00023477336244722357,0.010449405831956193,0.9999453632367953,0.2729034268115415,-0.9999442001630205,0.010565354842876283,0.00012436569234822658,-0.001969265862949749,-0.010563477335159157,-0.9998895968819285,0.0104513045568421,-0.07228590051542844,0.0,0.0,0.0,1.0],"children":[]},"CAM_RIGHT":{"type":"sensor_cs","parent":"VELO_TOP","pose_wrt_parent":[0.00023477336244722357,0.010449405831956193,0.9999453632367953,0.2729034268115415,-0.9999442001630205,0.010565354842876283,0.00012436569234822658,-0.001969265862949749,-0.010563477335159157,-0.9998895968819285,0.0104513045568421,-0.07228590051542844,0.0,0.0,0.0,1.0],"children":[]}},"frames":{"0":{"frame_properties":{"transforms":{"vehicle-iso8855_to_odom":{"src":"vehicle-iso8855","dst":"odom","transform_src_to_dst_4x4":[0.9999999999999998,-1.4237192034332997e-16,-4.428005844188024e-18,-4.6566128730773915e-10,3.3650147780768415e-17,1.0000000000000002,3.2100238422162693e-19,-1.5669571133688286e-26,7.753226871691577e-19,2.055445228007355e-18,0.9999999999999998,-3.610377605860856e-28,0.0,0.0,0.0,1.0]}}},"objects":{"-1":{"object_data":{"bbox":[{"name":"box2D0","coordinate_system":"CAM_LEFT","val":[424.625,183.315,23.95,18.75]},{"name":"box2D1","coordinate_system":"CAM_LEFT","val":[457.955,179.66,21.87,15.62]},{"name":"box2D2","coordinate_system":"CAM_LEFT","val":[491.81,177.055,25.0,14.57]}],"cuboid":[{"name":"box3D","coordinate_system":"CAM_LEFT","val":[-10.0,499.0,-1.0,0,-1.0,0,-1000.0,-1000.0,-1000.0]}],"num":[{"name":"truncated","val":-1.0},{"name":"occluded","val":-1},{"name":"alpha","val":-10.0}]}},"0":{"object_data":{"bbox":[{"name":"box2D","coordinate_system":"CAM_LEFT","val":[280.62,189.35999999999999,51.84,27.94]}],"cuboid":[{"name":"box3D","coordinate_system":"CAM_LEFT","val":[-21.19,1.04,46.49,0,-1.53,0,3.54,1.71,1.62]}],"num":[{"name":"truncated","val":0.0},{"name":"occluded","val":0},{"name":"alpha","val":-1.11}]}},"1":{"object_data":{"bbox":[{"name":"box2D","coordinate_system":"CAM_LEFT","val":[340.60499999999996,185.86,34.29,19.86]}],"cuboid":[{"name":"box3D","coordinate_system":"CAM_LEFT","val":[-21.47,1.02,57.57,0,-1.59,0,3.5,1.52,1.5]}],"num":[{"name":"truncated","val":0.0},{"name":"occluded","val":0},{"name":"alpha","val":-1.24}]}},"31":{"object_data":{"bbox":[{"name":"box2D","coordinate_system":"CAM_LEFT","val":[591.615,191.57,36.47,36.34]}],"cuboid":[{"name":"box3D","coordinate_system":"CAM_LEFT","val":[-0.91,0.85,34.79,0,-1.59,0,4.5,1.62,1.62]}],"num":[{"name":"truncated","val":0.0},{"name":"occluded","val":0},{"name":"alpha","val":-1.56}]}},"-2":{}}},"1":{"frame_properties":{"transforms":{"vehicle-iso8855_to_odom":{"src":"vehicle-iso8855","dst":"odom","transform_src_to_dst_4x4":[0.9999985564860472,-0.001285951825042918,0.0011105645974611755,1.7608275786215624,0.001284458911630736,0.9999982719778141,0.0013439518930642934,0.008770538778786257,-0.0011122909357705673,-0.0013425234784568293,0.999998480218637,0.019581069422555573,0.0,0.0,0.0,1.0]}}},"objects":{"-1":{"object_data":{"bbox":[{"name":"box2D0","coordinate_system":"CAM_LEFT","val":[424.625,183.315,23.95,18.75]},{"name":"box2D1","coordinate_system":"CAM_LEFT","val":[457.955,179.66,21.87,15.62]},{"name":"box2D2","coordinate_system":"CAM_LEFT","val":[493.375,176.01500000000001,30.21,10.41]}],"cuboid":[{"name":"box3D","coordinate_system":"CAM_LEFT","val":[-10.0,499.0,-1.0,0,-1.0,0,-1000.0,-1000.0,-1000.0]}],"num":[{"name":"truncated","val":-1.0},{"name":"occluded","val":-1},{"name":"alpha","val":-10.0}]}},"0":{"object_data":{"bbox":[{"name":"box2D","coordinate_system":"CAM_LEFT","val":[268.32,188.755,54.54,29.09]}],"cuboid":[{"name":"box3D","coordinate_system":"CAM_LEFT","val":[-21.15,0.96,44.74,0,-1.54,0,3.54,1.71,1.62]}],"num":[{"name":"truncated","val":0.0},{"name":"occluded","val":0},{"name":"alpha","val":-1.1}]}},"1":{"object_data":{"bbox":[{"name":"box2D","coordinate_system":"CAM_LEFT","val":[333.245,185.65,35.87,20.5]}],"cuboid":[{"name":"box3D","coordinate_system":"CAM_LEFT","val":[-21.39,0.97,55.84,0,-1.59,0,3.5,1.52,1.5]}],"num":[{"name":"truncated","val":0.0},{"name":"occluded","val":0},{"name":"alpha","val":-1.23}]}},"31":{"object_data":{"bbox":[{"name":"box2D","coordinate_system":"CAM_LEFT","val":[591.745,191.36,36.67,36.54]}],"cuboid":[{"name":"box3D","coordinate_system":"CAM_LEFT","val":[-0.9,0.84,34.61,0,-1.59,0,4.5,1.62,1.62]}],"num":[{"name":"truncated","val":0.0},{"name":"occluded","val":0},{"name":"alpha","val":-1.56}]}},"-2":{}}},"2":{"frame_properties":{"transforms":{"vehicle-iso8855_to_odom":{"src":"vehicle-iso8855","dst":"odom","transform_src_to_dst_4x4":[0.9999963194638158,-0.0024394011350285503,0.0011875945956895425,3.518538393727421,0.0024365985682231507,0.9999942569970371,0.0023556231364788337,0.019057338786557916,-0.0011933340850830863,-0.0023527207752311523,0.9999965203233036,0.036270762515861185,0.0,0.0,0.0,1.0]}}},"objects":{"-1":{"object_data":{"bbox":[{"name":"box2D0","coordinate_system":"CAM_LEFT","val":[493.375,176.01500000000001,30.21,10.41]},{"name":"box2D1","coordinate_system":"CAM_LEFT","val":[413.685,182.26999999999998,22.91,14.58]},{"name":"box2D2","coordinate_system":"CAM_LEFT","val":[448.57500000000005,177.055,36.45,14.57]}],"cuboid":[{"name":"box3D","coordinate_system":"CAM_LEFT","val":[-10.0,499.0,-1.0,0,-1.0,0,-1000.0,-1000.0,-1000.0]}],"num":[{"name":"truncated","val":-1.0},{"name":"occluded","val":-1},{"name":"alpha","val":-10.0}]}},"0":{"object_data":{"bbox":[{"name":"box2D","coordinate_system":"CAM_LEFT","val":[255.01000000000002,188.1,57.54,30.32]}],"cuboid":[{"name":"box3D","coordinate_system":"CAM_LEFT","val":[-21.11,0.88,43.0,0,-1.55,0,3.54,1.71,1.62]}],"num":[{"name":"truncated","val":0.0},{"name":"occluded","val":0},{"name":"alpha","val":-1.09}]}},"1":{"object_data":{"bbox":[{"name":"box2D","coordinate_system":"CAM_LEFT","val":[325.41,185.43,37.58,21.18]}],"cuboid":[{"name":"box3D","coordinate_system":"CAM_LEFT","val":[-21.31,0.93,54.1,0,-1.59,0,3.5,1.52,1.5]}],"num":[{"name":"truncated","val":0.0},{"name":"occluded","val":0},{"name":"alpha","val":-1.22}]}},"31":{"object_data":{"bbox":[{"name":"box2D","coordinate_system":"CAM_LEFT","val":[591.885,191.145,36.87,36.73]}],"cuboid":[{"name":"box3D","coordinate_system":"CAM_LEFT","val":[-0.89,0.83,34.45,0,-1.59,0,4.5,1.62,1.62]}],"num":[{"name":"truncated","val":0.0},{"name":"occluded","val":0},{"name":"alpha","val":-1.56}]}},"-2":{}}},"3":{"frame_properties":{"transforms":{"vehicle-iso8855_to_odom":{"src":"vehicle-iso8855","dst":"odom","transform_src_to_dst_4x4":[0.9999909420688616,-0.003590424242543467,0.002285745827640916,5.448465720980451,0.0035809264090594125,0.999984994274459,0.004145864441067118,0.03360458864424194,-0.0023005969405618725,-0.004137641800513904,0.9999887935242314,0.05317461786146812,0.0,0.0,0.0,1.0]}}},"objects":{"-1":{"object_data":{"bbox":[{"name":"box2D0","coordinate_system":"CAM_LEFT","val":[493.375,176.01500000000001,30.21,10.41]},{"name":"box2D1","coordinate_system":"CAM_LEFT","val":[413.685,182.26999999999998,22.91,14.58]},{"name":"box2D2","coordinate_system":"CAM_LEFT","val":[448.57500000000005,177.055,36.45,14.57]}],"cuboid":[{"name":"box3D","coordinate_system":"CAM_LEFT","val":[-10.0,499.0,-1.0,0,-1.0,0,-1000.0,-1000.0,-1000.0]}],"num":[{"name":"truncated","val":-1.0},{"name":"occluded","val":-1},{"name":"alpha","val":-10.0}]}},"0":{"object_data":{"bbox":[{"name":"box2D","coordinate_system":"CAM_LEFT","val":[240.565,187.38500000000002,60.91,31.67]}],"cuboid":[{"name":"box3D","coordinate_system":"CAM_LEFT","val":[-21.08,0.81,41.25,0,-1.55,0,3.54,1.71,1.62]}],"num":[{"name":"truncated","val":0.0},{"name":"occluded","val":0},{"name":"alpha","val":-1.08}]}},"1":{"object_data":{"bbox":[{"name":"box2D","coordinate_system":"CAM_LEFT","val":[316.64,187.73499999999999,40.44,21.95]}],"cuboid":[{"name":"box3D","coordinate_system":"CAM_LEFT","val":[-21.22,1.06,52.25,0,-1.57,0,3.5,1.52,1.5]}],"num":[{"name":"truncated","val":0.0},{"name":"occluded","val":0},{"name":"alpha","val":-1.18}]}},"31":{"object_data":{"bbox":[{"name":"box2D","coordinate_system":"CAM_LEFT","val":[592.025,190.93,37.07,36.94]}],"cuboid":[{"name":"box3D","coordinate_system":"CAM_LEFT","val":[-0.87,0.81,34.27,0,-1.59,0,4.5,1.62,1.62]}],"num":[{"name":"truncated","val":0.0},{"name":"occluded","val":0},{"name":"alpha","val":-1.56}]}},"-2":{}}},"4":{"frame_properties":{"transforms":{"vehicle-iso8855_to_odom":{"src":"vehicle-iso8855","dst":"odom","transform_src_to_dst_4x4":[0.9999837422904004,-0.0045718776792819295,0.0034077983172770138,7.199548169160769,0.004553551650297592,0.9999752343729389,0.005366172579619793,0.0484597691720226,-0.003432247405654732,-0.005350567752292814,0.9999797953471231,0.06708956167128129,0.0,0.0,0.0,1.0]}}},"objects":{"-1":{"object_data":{"bbox":[{"name":"box2D0","coordinate_system":"CAM_LEFT","val":[493.375,176.01500000000001,30.21,10.41]},{"name":"box2D1","coordinate_system":"CAM_LEFT","val":[413.685,182.26999999999998,22.91,14.58]},{"name":"box2D2","coordinate_system":"CAM_LEFT","val":[448.57500000000005,177.055,36.45,14.57]}],"cuboid":[{"name":"box3D","coordinate_system":"CAM_LEFT","val":[-10.0,499.0,-1.0,0,-1.0,0,-1000.0,-1000.0,-1000.0]}],"num":[{"name":"truncated","val":-1.0},{"name":"occluded","val":-1},{"name":"alpha","val":-10.0}]}},"0":{"object_data":{"bbox":[{"name":"box2D","coordinate_system":"CAM_LEFT","val":[224.835,186.605,64.69,33.13]}],"cuboid":[{"name":"box3D","coordinate_system":"CAM_LEFT","val":[-21.04,0.73,39.5,0,-1.56,0,3.54,1.71,1.62]}],"num":[{"name":"truncated","val":0.0},{"name":"occluded","val":0},{"name":"alpha","val":-1.07}]}},"1":{"object_data":{"bbox":[{"name":"box2D","coordinate_system":"CAM_LEFT","val":[307.185,183.68,43.53,22.78]}],"cuboid":[{"name":"box3D","coordinate_system":"CAM_LEFT","val":[-21.13,0.74,50.41,0,-1.55,0,3.5,1.52,1.5]}],"num":[{"name":"truncated","val":0.0},{"name":"occluded","val":0},{"name":"alpha","val":-1.15}]}},"31":{"object_data":{"bbox":[{"name":"box2D","coordinate_system":"CAM_LEFT","val":[592.17,190.72,37.28,37.14]}],"cuboid":[{"name":"box3D","coordinate_system":"CAM_LEFT","val":[-0.86,0.81,34.09,0,-1.59,0,4.5,1.62,1.62]}],"num":[{"name":"truncated","val":0.0},{"name":"occluded","val":0},{"name":"alpha","val":-1.56}]}},"-2":{}}},"5":{"frame_properties":{"transforms":{"vehicle-iso8855_to_odom":{"src":"vehicle-iso8855","dst":"odom","transform_src_to_dst_4x4":[0.9999786292288448,-0.005599297524941288,0.0033747522615939097,8.947553091770436,0.00557723010681664,0.999963235083783,0.006513292954470666,0.06462848167931813,-0.003411098054228945,-0.006494331990461053,0.9999730936690555,0.07938507962923023,0.0,0.0,0.0,1.0]}}},"objects":{"-1":{"object_data":{"bbox":[{"name":"box2D0","coordinate_system":"CAM_LEFT","val":[407.44,178.62,25.0,17.7]},{"name":"box2D1","coordinate_system":"CAM_LEFT","val":[443.375,174.98,34.37,12.5]},{"name":"box2D2","coordinate_system":"CAM_LEFT","val":[490.245,173.415,34.37,13.53]}],"cuboid":[{"name":"box3D","coordinate_system":"CAM_LEFT","val":[-10.0,499.0,-1.0,0,-1.0,0,-1000.0,-1000.0,-1000.0]}],"num":[{"name":"truncated","val":-1.0},{"name":"occluded","val":-1},{"name":"alpha","val":-10.0}]}},"0":{"object_data":{"bbox":[{"name":"box2D","coordinate_system":"CAM_LEFT","val":[207.64,185.75,68.96,34.74]}],"cuboid":[{"name":"box3D","coordinate_system":"CAM_LEFT","val":[-21.0,0.66,37.76,0,-1.57,0,3.54,1.71,1.62]}],"num":[{"name":"truncated","val":0.0},{"name":"occluded","val":0},{"name":"alpha","val":-1.06}]}},"1":{"object_data":{"bbox":[{"name":"box2D","coordinate_system":"CAM_LEFT","val":[296.9,183.135,45.94,23.63]}],"cuboid":[{"name":"box3D","coordinate_system":"CAM_LEFT","val":[-21.08,0.68,48.65,0,-1.54,0,3.5,1.52,1.5]}],"num":[{"name":"truncated","val":0.0},{"name":"occluded","val":0},{"name":"alpha","val":-1.14}]}},"31":{"object_data":{"bbox":[{"name":"box2D","coordinate_system":"CAM_LEFT","val":[592.315,190.5,37.49,37.34]}],"cuboid":[{"name":"box3D","coordinate_system":"CAM_LEFT","val":[-0.85,0.79,33.92,0,-1.59,0,4.5,1.62,1.62]}],"num":[{"name":"truncated","val":0.0},{"name":"occluded","val":0},{"name":"alpha","val":-1.56}]}},"-2":{}}},"6":{"frame_properties":{"transforms":{"vehicle-iso8855_to_odom":{"src":"vehicle-iso8855","dst":"odom","transform_src_to_dst_4x4":[0.9999729664524737,-0.006741419663584826,0.0029359198148078396,10.865854745816613,0.006718363371991558,0.9999470612355904,0.007793479319833549,0.08343091645851013,-0.002988303505574911,-0.00777354405829305,0.9999653204261298,0.09227752486409355,0.0,0.0,0.0,1.0]}}},"objects":{"-1":{"object_data":{"bbox":[{"name":"box2D0","coordinate_system":"CAM_LEFT","val":[407.44,178.62,25.0,17.7]},{"name":"box2D1","coordinate_system":"CAM_LEFT","val":[443.375,174.98,34.37,12.5]},{"name":"box2D2","coordinate_system":"CAM_LEFT","val":[490.245,173.415,34.37,13.53]}],"cuboid":[{"name":"box3D","coordinate_system":"CAM_LEFT","val":[-10.0,499.0,-1.0,0,-1.0,0,-1000.0,-1000.0,-1000.0]}],"num":[{"name":"truncated","val":-1.0},{"name":"occluded","val":-1},{"name":"alpha","val":-10.0}]}},"0":{"object_data":{"bbox":[{"name":"box2D","coordinate_system":"CAM_LEFT","val":[188.405,186.54,73.87,36.52]}],"cuboid":[{"name":"box3D","coordinate_system":"CAM_LEFT","val":[-20.98,0.66,36.0,0,-1.57,0,3.54,1.71,1.62]}],"num":[{"name":"truncated","val":0.0},{"name":"occluded","val":0},{"name":"alpha","val":-1.05}]}},"1":{"object_data":{"bbox":[{"name":"box2D","coordinate_system":"CAM_LEFT","val":[285.85,184.69,48.58,24.56]}],"cuboid":[{"name":"box3D","coordinate_system":"CAM_LEFT","val":[-21.03,0.75,46.89,0,-1.54,0,3.5,1.52,1.5]}],"num":[{"name":"truncated","val":0.0},{"name":"occluded","val":0},{"name":"alpha","val":-1.12}]}},"31":{"object_data":{"bbox":[{"name":"box2D","coordinate_system":"CAM_LEFT","val":[592.44,190.775,37.7,37.55]}],"cuboid":[{"name":"box3D","coordinate_system":"CAM_LEFT","val":[-0.84,0.8,33.74,0,-1.59,0,4.5,1.62,1.62]}],"num":[{"name":"truncated","val":0.0},{"name":"occluded","val":0},{"name":"alpha","val":-1.56}]}},"-2":{}}},"7":{"frame_properties":{"transforms":{"vehicle-iso8855_to_odom":{"src":"vehicle-iso8855","dst":"odom","transform_src_to_dst_4x4":[0.9999670533870489,-0.007982316677081519,0.0014747070519230785,12.606269774755624,0.007969413972091595,0.9999316282241717,0.008557296179203413,0.10134716791615705,-0.0015429132715850961,-0.008545261694293949,0.9999622982498952,0.10543373194279457,0.0,0.0,0.0,1.0]}}},"objects":{"-1":{"object_data":{"bbox":[{"name":"box2D0","coordinate_system":"CAM_LEFT","val":[490.245,173.415,34.37,13.53]},{"name":"box2D1","coordinate_system":"CAM_LEFT","val":[400.145,182.795,31.25,17.71]},{"name":"box2D2","coordinate_system":"CAM_LEFT","val":[441.99,175.38000000000002,37.84,14.54]}],"cuboid":[{"name":"box3D","coordinate_system":"CAM_LEFT","val":[-10.0,499.0,-1.0,0,-1.0,0,-1000.0,-1000.0,-1000.0]}],"num":[{"name":"truncated","val":-1.0},{"name":"occluded","val":-1},{"name":"alpha","val":-10.0}]}},"0":{"object_data":{"bbox":[{"name":"box2D","coordinate_system":"CAM_LEFT","val":[167.185,187.415,79.49,38.49]}],"cuboid":[{"name":"box3D","coordinate_system":"CAM_LEFT","val":[-20.95,0.67,34.24,0,-1.58,0,3.54,1.71,1.62]}],"num":[{"name":"truncated","val":0.0},{"name":"occluded","val":0},{"name":"alpha","val":-1.03}]}},"1":{"object_data":{"bbox":[{"name":"box2D","coordinate_system":"CAM_LEFT","val":[274.12,185.94,51.46,25.54]}],"cuboid":[{"name":"box3D","coordinate_system":"CAM_LEFT","val":[-20.98,0.8,45.15,0,-1.54,0,3.5,1.52,1.5]}],"num":[{"name":"truncated","val":0.0},{"name":"occluded","val":0},{"name":"alpha","val":-1.1}]}},"31":{"object_data":{"bbox":[{"name":"box2D","coordinate_system":"CAM_LEFT","val":[592.57,191.06,37.9,37.76]}],"cuboid":[{"name":"box3D","coordinate_system":"CAM_LEFT","val":[-0.83,0.81,33.57,0,-1.59,0,4.5,1.62,1.62]}],"num":[{"name":"truncated","val":0.0},{"name":"occluded","val":0},{"name":"alpha","val":-1.56}]}},"-2":{}}},"8":{"frame_properties":{"transforms":{"vehicle-iso8855_to_odom":{"src":"vehicle-iso8855","dst":"odom","transform_src_to_dst_4x4":[0.9999597144768397,-0.008970363541559903,-0.0003193764691457049,14.343658816003515,0.008972835865514036,0.999920697761052,0.008836651265133154,0.12192179453245992,0.00024008316753840555,-0.008839160988650903,0.9999609050323364,0.12165971290991125,0.0,0.0,0.0,1.0]}}},"objects":{"-1":{"object_data":{"bbox":[{"name":"box2D0","coordinate_system":"CAM_LEFT","val":[400.145,182.795,31.25,17.71]},{"name":"box2D1","coordinate_system":"CAM_LEFT","val":[438.595,177.32000000000002,38.81,18.42]},{"name":"box2D2","coordinate_system":"CAM_LEFT","val":[484.685,176.835,32.01,13.57]}],"cuboid":[{"name":"box3D","coordinate_system":"CAM_LEFT","val":[-10.0,499.0,-1.0,0,-1.0,0,-1000.0,-1000.0,-1000.0]}],"num":[{"name":"truncated","val":-1.0},{"name":"occluded","val":-1},{"name":"alpha","val":-10.0}]}},"0":{"object_data":{"bbox":[{"name":"box2D","coordinate_system":"CAM_LEFT","val":[143.645,188.39,85.99,40.7]}],"cuboid":[{"name":"box3D","coordinate_system":"CAM_LEFT","val":[-20.93,0.67,32.49,0,-1.58,0,3.54,1.71,1.62]}],"num":[{"name":"truncated","val":0.0},{"name":"occluded","val":0},{"name":"alpha","val":-1.02}]}},"1":{"object_data":{"bbox":[{"name":"box2D","coordinate_system":"CAM_LEFT","val":[261.45,187.24,54.64,26.6]}],"cuboid":[{"name":"box3D","coordinate_system":"CAM_LEFT","val":[-20.93,0.85,43.41,0,-1.54,0,3.5,1.52,1.5]}],"num":[{"name":"truncated","val":0.0},{"name":"occluded","val":0},{"name":"alpha","val":-1.09}]}},"31":{"object_data":{"bbox":[{"name":"box2D","coordinate_system":"CAM_LEFT","val":[592.9599999999999,192.34,38.12,37.98]}],"cuboid":[{"name":"box3D","coordinate_system":"CAM_LEFT","val":[-0.81,0.85,33.39,0,-1.59,0,4.5,1.62,1.62]}],"num":[{"name":"truncated","val":0.0},{"name":"occluded","val":0},{"name":"alpha","val":-1.56}]}},"-2":{}}},"9":{"frame_properties":{"transforms":{"vehicle-iso8855_to_odom":{"src":"vehicle-iso8855","dst":"odom","transform_src_to_dst_4x4":[0.9999464354567111,-0.010173338336257417,-0.0019050996072264275,16.251619823408088,0.010190156044453651,0.9999072466265938,0.009036529389855785,0.14600551252525643,0.001812991231942654,-0.009055458614563965,0.9999573549567363,0.14348835182155034,0.0,0.0,0.0,1.0]}}},"objects":{"-1":{"object_data":{"bbox":[{"name":"box2D0","coordinate_system":"CAM_LEFT","val":[438.595,177.32000000000002,38.81,18.42]},{"name":"box2D1","coordinate_system":"CAM_LEFT","val":[484.685,176.835,32.01,13.57]},{"name":"box2D2","coordinate_system":"CAM_LEFT","val":[390.56500000000005,184.12,26.19,14.56]}],"cuboid":[{"name":"box3D","coordinate_system":"CAM_LEFT","val":[-10.0,499.0,-1.0,0,-1.0,0,-1000.0,-1000.0,-1000.0]}],"num":[{"name":"truncated","val":-1.0},{"name":"occluded","val":-1},{"name":"alpha","val":-10.0}]}},"0":{"object_data":{"bbox":[{"name":"box2D","coordinate_system":"CAM_LEFT","val":[117.525,189.905,94.15,43.21]}],"cuboid":[{"name":"box3D","coordinate_system":"CAM_LEFT","val":[-20.88,0.7,30.71,0,-1.58,0,3.54,1.71,1.62]}],"num":[{"name":"truncated","val":0.0},{"name":"occluded","val":0},{"name":"alpha","val":-0.99}]}},"1":{"object_data":{"bbox":[{"name":"box2D","coordinate_system":"CAM_LEFT","val":[247.71999999999997,189.345,58.16,27.75]}],"cuboid":[{"name":"box3D","coordinate_system":"CAM_LEFT","val":[-20.88,0.93,41.67,0,-1.53,0,3.5,1.52,1.5]}],"num":[{"name":"truncated","val":0.0},{"name":"occluded","val":0},{"name":"alpha","val":-1.07}]}},"31":{"object_data":{"bbox":[{"name":"box2D","coordinate_system":"CAM_LEFT","val":[593.355,193.63,38.33,38.2]}],"cuboid":[{"name":"box3D","coordinate_system":"CAM_LEFT","val":[-0.78,0.9,33.21,0,-1.59,0,4.5,1.62,1.62]}],"num":[{"name":"truncated","val":0.0},{"name":"occluded","val":0},{"name":"alpha","val":-1.56}]}},"-2":{}}},"10":{"frame_properties":{"transforms":{"vehicle-iso8855_to_odom":{"src":"vehicle-iso8855","dst":"odom","transform_src_to_dst_4x4":[0.9999332549853673,-0.011296780299358202,-0.002422463464420877,17.982404820226066,0.01131815391795744,0.9998954552414333,0.008998776551105866,0.17054264131246163,0.0023205530069019937,-0.009025593741984224,0.9999565759028474,0.16678259498244938,0.0,0.0,0.0,1.0]}}},"objects":{"-1":{"object_data":{"bbox":[{"name":"box2D0","coordinate_system":"CAM_LEFT","val":[484.685,176.835,32.01,13.57]},{"name":"box2D1","coordinate_system":"CAM_LEFT","val":[435.68499999999995,179.26500000000001,38.81,20.37]}],"cuboid":[{"name":"box3D","coordinate_system":"CAM_LEFT","val":[-10.0,499.0,-1.0,0,-1.0,0,-1000.0,-1000.0,-1000.0]}],"num":[{"name":"truncated","val":-1.0},{"name":"occluded","val":-1},{"name":"alpha","val":-10.0}]}},"0":{"object_data":{"bbox":[{"name":"box2D","coordinate_system":"CAM_LEFT","val":[88.145,191.625,103.69,46.05]}],"cuboid":[{"name":"box3D","coordinate_system":"CAM_LEFT","val":[-20.83,0.72,28.92,0,-1.58,0,3.54,1.71,1.62]}],"num":[{"name":"truncated","val":0.0},{"name":"occluded","val":0},{"name":"alpha","val":-0.96}]}},"1":{"object_data":{"bbox":[{"name":"box2D","coordinate_system":"CAM_LEFT","val":[232.38,190.35500000000002,61.68,29.05]}],"cuboid":[{"name":"box3D","coordinate_system":"CAM_LEFT","val":[-20.83,0.94,39.89,0,-1.54,0,3.5,1.52,1.5]}],"num":[{"name":"truncated","val":0.0},{"name":"occluded","val":0},{"name":"alpha","val":-1.06}]}},"2":{"object_data":{"bbox":[{"name":"box2D","coordinate_system":"CAM_LEFT","val":[386.72999999999996,185.12,28.92,15.54]}],"cuboid":[{"name":"box3D","coordinate_system":"CAM_LEFT","val":[-21.86,1.18,70.72,0,1.59,0,3.02,1.47,1.82]}],"num":[{"name":"truncated","val":0.0},{"name":"occluded","val":0},{"name":"alpha","val":1.89}]}},"31":{"object_data":{"bbox":[{"name":"box2D","coordinate_system":"CAM_LEFT","val":[593.755,194.94,38.55,38.42]}],"cuboid":[{"name":"box3D","coordinate_system":"CAM_LEFT","val":[-0.76,0.96,33.04,0,-1.58,0,4.5,1.62,1.62]}],"num":[{"name":"truncated","val":0.0},{"name":"occluded","val":0},{"name":"alpha","val":-1.56}]}},"-2":{}}},"11":{"frame_properties":{"transforms":{"vehicle-iso8855_to_odom":{"src":"vehicle-iso8855","dst":"odom","transform_src_to_dst_4x4":[0.9999175289083041,-0.01233415989518789,-0.003578251191629794,19.709569747884228,0.012365318264652831,0.9998846435479857,0.008820345862349133,0.19629385400470598,0.0034690468610708387,-0.008863864653612103,0.9999546977824937,0.19178440721147494,0.0,0.0,0.0,1.0]}}},"objects":{"-1":{"object_data":{"bbox":[{"name":"box2D0","coordinate_system":"CAM_LEFT","val":[484.685,176.835,32.01,13.57]},{"name":"box2D1","coordinate_system":"CAM_LEFT","val":[435.68499999999995,179.26500000000001,38.81,20.37]}],"cuboid":[{"name":"box3D","coordinate_system":"CAM_LEFT","val":[-10.0,499.0,-1.0,0,-1.0,0,-1000.0,-1000.0,-1000.0]}],"num":[{"name":"truncated","val":-1.0},{"name":"occluded","val":-1},{"name":"alpha","val":-10.0}]}},"0":{"object_data":{"bbox":[{"name":"box2D","coordinate_system":"CAM_LEFT","val":[56.175,193.57,112.35,49.26]}],"cuboid":[{"name":"box3D","coordinate_system":"CAM_LEFT","val":[-20.78,0.74,27.14,0,-1.58,0,3.54,1.71,1.62]}],"num":[{"name":"truncated","val":0.0},{"name":"occluded","val":0},{"name":"alpha","val":-0.93}]}},"1":{"object_data":{"bbox":[{"name":"box2D","coordinate_system":"CAM_LEFT","val":[215.595,191.465,65.67,30.49]}],"cuboid":[{"name":"box3D","coordinate_system":"CAM_LEFT","val":[-20.78,0.95,38.11,0,-1.55,0,3.5,1.52,1.5]}],"num":[{"name":"truncated","val":0.0},{"name":"occluded","val":0},{"name":"alpha","val":-1.05}]}},"2":{"object_data":{"bbox":[{"name":"box2D","coordinate_system":"CAM_LEFT","val":[381.78000000000003,185.55,29.84,15.94]}],"cuboid":[{"name":"box3D","coordinate_system":"CAM_LEFT","val":[-21.78,1.19,68.94,0,1.59,0,3.02,1.47,1.82]}],"num":[{"name":"truncated","val":0.0},{"name":"occluded","val":0},{"name":"alpha","val":1.9}]}},"31":{"object_data":{"bbox":[{"name":"box2D","coordinate_system":"CAM_LEFT","val":[594.13,195.1,38.78,38.64]}],"cuboid":[{"name":"box3D","coordinate_system":"CAM_LEFT","val":[-0.74,0.96,32.86,0,-1.58,0,4.5,1.62,1.62]}],"num":[{"name":"truncated","val":0.0},{"name":"occluded","val":0},{"name":"alpha","val":-1.56}]}},"-2":{}}},"12":{"frame_properties":{"transforms":{"vehicle-iso8855_to_odom":{"src":"vehicle-iso8855","dst":"odom","transform_src_to_dst_4x4":[0.9999044654148461,-0.013312883807273732,-0.003718490040859836,21.60528151122777,0.013343390629061804,0.9998764957674121,0.008303441358901254,0.22724090337948333,0.0036074880415893863,-0.008352265358241151,0.9999586119902238,0.22053486582028914,0.0,0.0,0.0,1.0]}}},"objects":{"-1":{"object_data":{"bbox":[{"name":"box2D0","coordinate_system":"CAM_LEFT","val":[430.345,180.24,41.71,16.5]},{"name":"box2D1","coordinate_system":"CAM_LEFT","val":[475.945,178.775,24.25,13.57]},{"name":"box2D2","coordinate_system":"CAM_LEFT","val":[397.355,176.83999999999997,20.37,21.34]}],"cuboid":[{"name":"box3D","coordinate_system":"CAM_LEFT","val":[-10.0,499.0,-1.0,0,-1.0,0,-1000.0,-1000.0,-1000.0]}],"num":[{"name":"truncated","val":-1.0},{"name":"occluded","val":-1},{"name":"alpha","val":-10.0}]}},"0":{"object_data":{"bbox":[{"name":"box2D","coordinate_system":"CAM_LEFT","val":[40.535,195.57500000000002,81.07,52.49]}],"cuboid":[{"name":"box3D","coordinate_system":"CAM_LEFT","val":[-20.73,0.76,25.35,0,-1.58,0,3.54,1.71,1.62]}],"num":[{"name":"truncated","val":0.0},{"name":"occluded","val":0},{"name":"alpha","val":-0.89}]}},"1":{"object_data":{"bbox":[{"name":"box2D","coordinate_system":"CAM_LEFT","val":[197.15,192.69,70.2,32.06]}],"cuboid":[{"name":"box3D","coordinate_system":"CAM_LEFT","val":[-20.73,0.96,36.32,0,-1.56,0,3.5,1.52,1.5]}],"num":[{"name":"truncated","val":0.0},{"name":"occluded","val":0},{"name":"alpha","val":-1.04}]}},"2":{"object_data":{"bbox":[{"name":"box2D","coordinate_system":"CAM_LEFT","val":[376.59000000000003,185.37,30.82,16.38]}],"cuboid":[{"name":"box3D","coordinate_system":"CAM_LEFT","val":[-21.71,1.15,67.17,0,1.59,0,3.02,1.47,1.82]}],"num":[{"name":"truncated","val":0.0},{"name":"occluded","val":0},{"name":"alpha","val":1.9}]}},"31":{"object_data":{"bbox":[{"name":"box2D","coordinate_system":"CAM_LEFT","val":[594.51,195.26000000000002,39.0,38.86]}],"cuboid":[{"name":"box3D","coordinate_system":"CAM_LEFT","val":[-0.72,0.97,32.69,0,-1.58,0,4.5,1.62,1.62]}],"num":[{"name":"truncated","val":0.0},{"name":"occluded","val":0},{"name":"alpha","val":-1.56}]}},"-2":{}}},"13":{"frame_properties":{"transforms":{"vehicle-iso8855_to_odom":{"src":"vehicle-iso8855","dst":"odom","transform_src_to_dst_4x4":[0.9998971451326721,-0.014055846213127244,-0.002851726277970903,23.325166456136053,0.014080475089025784,0.9998620658196328,0.008808493410547272,0.2569605118476875,0.0027275220986961207,-0.008847741074943852,0.999957138131966,0.24560762934320107,0.0,0.0,0.0,1.0]}}},"objects":{"-1":{"object_data":{"bbox":[{"name":"box2D0","coordinate_system":"CAM_LEFT","val":[430.345,180.24,41.71,16.5]},{"name":"box2D1","coordinate_system":"CAM_LEFT","val":[475.945,178.775,24.25,13.57]},{"name":"box2D2","coordinate_system":"CAM_LEFT","val":[394.935,176.83999999999997,21.35,21.34]}],"cuboid":[{"name":"box3D","coordinate_system":"CAM_LEFT","val":[-10.0,499.0,-1.0,0,-1.0,0,-1000.0,-1000.0,-1000.0]}],"num":[{"name":"truncated","val":-1.0},{"name":"occluded","val":-1},{"name":"alpha","val":-10.0}]}},"0":{"object_data":{"bbox":[{"name":"box2D","coordinate_system":"CAM_LEFT","val":[22.69,196.91500000000002,45.38,52.79]}],"cuboid":[{"name":"box3D","coordinate_system":"CAM_LEFT","val":[-20.68,0.79,23.57,0,-1.57,0,3.54,1.71,1.62]}],"num":[{"name":"truncated","val":1.0},{"name":"occluded","val":0},{"name":"alpha","val":-0.86}]}},"1":{"object_data":{"bbox":[{"name":"box2D","coordinate_system":"CAM_LEFT","val":[176.78500000000003,194.045,75.41,33.81]}],"cuboid":[{"name":"box3D","coordinate_system":"CAM_LEFT","val":[-20.68,0.98,34.54,0,-1.57,0,3.5,1.52,1.5]}],"num":[{"name":"truncated","val":0.0},{"name":"occluded","val":0},{"name":"alpha","val":-1.03}]}},"2":{"object_data":{"bbox":[{"name":"box2D","coordinate_system":"CAM_LEFT","val":[371.12,185.185,31.86,16.83]}],"cuboid":[{"name":"box3D","coordinate_system":"CAM_LEFT","val":[-21.63,1.1,65.4,0,1.59,0,3.02,1.47,1.82]}],"num":[{"name":"truncated","val":0.0},{"name":"occluded","val":0},{"name":"alpha","val":1.91}]}},"31":{"object_data":{"bbox":[{"name":"box2D","coordinate_system":"CAM_LEFT","val":[594.895,195.425,39.23,39.09]}],"cuboid":[{"name":"box3D","coordinate_system":"CAM_LEFT","val":[-0.7,0.97,32.51,0,-1.58,0,4.5,1.62,1.62]}],"num":[{"name":"truncated","val":0.0},{"name":"occluded","val":0},{"name":"alpha","val":-1.56}]}},"-2":{}}},"14":{"frame_properties":{"transforms":{"vehicle-iso8855_to_odom":{"src":"vehicle-iso8855","dst":"odom","transform_src_to_dst_4x4":[0.9998926925901515,-0.014602739507104945,-0.001167605971332258,25.042049226445194,0.014612689862837471,0.999852510755454,0.009023637347961817,0.2881184475292758,0.0010356639364107573,-0.009039730908751665,0.9999586044758593,0.27058205662101276,0.0,0.0,0.0,1.0]}}},"objects":{"-1":{"object_data":{"bbox":[{"name":"box2D0","coordinate_system":"CAM_LEFT","val":[475.945,178.775,24.25,13.57]},{"name":"box2D1","coordinate_system":"CAM_LEFT","val":[425.985,178.29000000000002,40.75,18.42]},{"name":"box2D2","coordinate_system":"CAM_LEFT","val":[390.565,173.93,22.31,25.22]}],"cuboid":[{"name":"box3D","coordinate_system":"CAM_LEFT","val":[-10.0,499.0,-1.0,0,-1.0,0,-1000.0,-1000.0,-1000.0]}],"num":[{"name":"truncated","val":-1.0},{"name":"occluded","val":-1},{"name":"alpha","val":-10.0}]}},"1":{"object_data":{"bbox":[{"name":"box2D","coordinate_system":"CAM_LEFT","val":[153.26,194.27,82.38,35.74]}],"cuboid":[{"name":"box3D","coordinate_system":"CAM_LEFT","val":[-20.68,0.93,32.76,0,-1.56,0,3.5,1.52,1.5]}],"num":[{"name":"truncated","val":0.0},{"name":"occluded","val":0},{"name":"alpha","val":-1.0}]}},"2":{"object_data":{"bbox":[{"name":"box2D","coordinate_system":"CAM_LEFT","val":[365.345,184.98000000000002,32.99,17.3]}],"cuboid":[{"name":"box3D","coordinate_system":"CAM_LEFT","val":[-21.56,1.05,63.63,0,1.59,0,3.02,1.47,1.82]}],"num":[{"name":"truncated","val":0.0},{"name":"occluded","val":0},{"name":"alpha","val":1.91}]}},"31":{"object_data":{"bbox":[{"name":"box2D","coordinate_system":"CAM_LEFT","val":[594.96,194.345,39.46,39.31]}],"cuboid":[{"name":"box3D","coordinate_system":"CAM_LEFT","val":[-0.69,0.92,32.33,0,-1.58,0,4.5,1.62,1.62]}],"num":[{"name":"truncated","val":0.0},{"name":"occluded","val":0},{"name":"alpha","val":-1.56}]}},"-2":{}}},"15":{"frame_properties":{"transforms":{"vehicle-iso8855_to_odom":{"src":"vehicle-iso8855","dst":"odom","transform_src_to_dst_4x4":[0.999891189459396,-0.014746206256995381,-0.00039829951029316955,26.926215274774158,0.014749423816181849,0.9998423545265611,0.00988537262189162,0.32532016413159376,0.00025246497656862733,-0.009890171677435649,0.9999510591852117,0.2947469512337992,0.0,0.0,0.0,1.0]}}},"objects":{"-1":{"object_data":{"bbox":[{"name":"box2D0","coordinate_system":"CAM_LEFT","val":[475.945,178.775,24.25,13.57]},{"name":"box2D1","coordinate_system":"CAM_LEFT","val":[425.985,178.29000000000002,40.75,18.42]},{"name":"box2D2","coordinate_system":"CAM_LEFT","val":[386.68499999999995,175.86999999999998,22.31,21.34]}],"cuboid":[{"name":"box3D","coordinate_system":"CAM_LEFT","val":[-10.0,499.0,-1.0,0,-1.0,0,-1000.0,-1000.0,-1000.0]}],"num":[{"name":"truncated","val":-1.0},{"name":"occluded","val":-1},{"name":"alpha","val":-10.0}]}},"1":{"object_data":{"bbox":[{"name":"box2D","coordinate_system":"CAM_LEFT","val":[127.02000000000001,194.51,90.42,37.9]}],"cuboid":[{"name":"box3D","coordinate_system":"CAM_LEFT","val":[-20.67,0.88,30.99,0,-1.55,0,3.5,1.52,1.5]}],"num":[{"name":"truncated","val":0.0},{"name":"occluded","val":0},{"name":"alpha","val":-0.97}]}},"2":{"object_data":{"bbox":[{"name":"box2D","coordinate_system":"CAM_LEFT","val":[358.415,184.115,34.35,17.75]}],"cuboid":[{"name":"box3D","coordinate_system":"CAM_LEFT","val":[-21.63,0.95,62.09,0,1.59,0,3.02,1.47,1.82]}],"num":[{"name":"truncated","val":0.0},{"name":"occluded","val":0},{"name":"alpha","val":1.93}]}},"31":{"object_data":{"bbox":[{"name":"box2D","coordinate_system":"CAM_LEFT","val":[595.025,193.25,39.69,39.54]}],"cuboid":[{"name":"box3D","coordinate_system":"CAM_LEFT","val":[-0.68,0.86,32.15,0,-1.58,0,4.5,1.62,1.62]}],"num":[{"name":"truncated","val":0.0},{"name":"occluded","val":0},{"name":"alpha","val":-1.56}]}},"-2":{}}},"16":{"frame_properties":{"transforms":{"vehicle-iso8855_to_odom":{"src":"vehicle-iso8855","dst":"odom","transform_src_to_dst_4x4":[0.9998914934566377,-0.014721948762165737,0.0005153035007878735,28.636602917153127,0.014715988298021725,0.999840587932653,0.010111301147678968,0.3593236818265048,-0.0006640794126064688,-0.01010262080505501,0.9999487467122516,0.3170844869038742,0.0,0.0,0.0,1.0]}}},"objects":{"-1":{"object_data":{"bbox":[{"name":"box2D0","coordinate_system":"CAM_LEFT","val":[475.945,178.775,24.25,13.57]},{"name":"box2D1","coordinate_system":"CAM_LEFT","val":[418.705,177.32000000000002,39.79,16.48]},{"name":"box2D2","coordinate_system":"CAM_LEFT","val":[382.795,173.935,30.07,29.11]}],"cuboid":[{"name":"box3D","coordinate_system":"CAM_LEFT","val":[-10.0,499.0,-1.0,0,-1.0,0,-1000.0,-1000.0,-1000.0]}],"num":[{"name":"truncated","val":-1.0},{"name":"occluded","val":-1},{"name":"alpha","val":-10.0}]}},"1":{"object_data":{"bbox":[{"name":"box2D","coordinate_system":"CAM_LEFT","val":[97.56,194.79000000000002,99.8,40.34]}],"cuboid":[{"name":"box3D","coordinate_system":"CAM_LEFT","val":[-20.67,0.85,29.22,0,-1.55,0,3.5,1.52,1.5]}],"num":[{"name":"truncated","val":0.0},{"name":"occluded","val":0},{"name":"alpha","val":-0.94}]}},"2":{"object_data":{"bbox":[{"name":"box2D","coordinate_system":"CAM_LEFT","val":[351.135,184.69,35.79,18.22]}],"cuboid":[{"name":"box3D","coordinate_system":"CAM_LEFT","val":[-21.7,0.98,60.54,0,1.6,0,3.02,1.47,1.82]}],"num":[{"name":"truncated","val":0.0},{"name":"occluded","val":0},{"name":"alpha","val":1.95}]}},"31":{"object_data":{"bbox":[{"name":"box2D","coordinate_system":"CAM_LEFT","val":[594.94,193.41500000000002,39.94,39.79]}],"cuboid":[{"name":"box3D","coordinate_system":"CAM_LEFT","val":[-0.68,0.86,31.97,0,-1.58,0,4.5,1.62,1.62]}],"num":[{"name":"truncated","val":0.0},{"name":"occluded","val":0},{"name":"alpha","val":-1.56}]}},"-2":{}}},"17":{"frame_properties":{"transforms":{"vehicle-iso8855_to_odom":{"src":"vehicle-iso8855","dst":"odom","transform_src_to_dst_4x4":[0.9998916114564923,-0.014711490664943972,0.0005808453787654553,30.34324024261967,0.014704881883640185,0.9998409350763888,0.01009311618685661,0.39290347730768355,-0.0007292377712027884,-0.010083480946006253,0.9999488945062566,0.33669486638918567,0.0,0.0,0.0,1.0]}}},"objects":{"-1":{"object_data":{"bbox":[{"name":"box2D0","coordinate_system":"CAM_LEFT","val":[418.705,177.32000000000002,39.79,16.48]},{"name":"box2D1","coordinate_system":"CAM_LEFT","val":[469.15999999999997,176.835,24.26,13.57]},{"name":"box2D2","coordinate_system":"CAM_LEFT","val":[375.525,171.99,31.05,23.28]}],"cuboid":[{"name":"box3D","coordinate_system":"CAM_LEFT","val":[-10.0,499.0,-1.0,0,-1.0,0,-1000.0,-1000.0,-1000.0]}],"num":[{"name":"truncated","val":-1.0},{"name":"occluded","val":-1},{"name":"alpha","val":-10.0}]}},"1":{"object_data":{"bbox":[{"name":"box2D","coordinate_system":"CAM_LEFT","val":[65.005,194.67999999999998,110.65,43.08]}],"cuboid":[{"name":"box3D","coordinate_system":"CAM_LEFT","val":[-20.66,0.79,27.47,0,-1.54,0,3.5,1.52,1.5]}],"num":[{"name":"truncated","val":0.0},{"name":"occluded","val":0},{"name":"alpha","val":-0.9}]}},"2":{"object_data":{"bbox":[{"name":"box2D","coordinate_system":"CAM_LEFT","val":[343.46500000000003,183.62,37.33,18.7]}],"cuboid":[{"name":"box3D","coordinate_system":"CAM_LEFT","val":[-21.77,0.86,58.99,0,1.61,0,3.02,1.47,1.82]}],"num":[{"name":"truncated","val":0.0},{"name":"occluded","val":0},{"name":"alpha","val":1.96}]}},"31":{"object_data":{"bbox":[{"name":"box2D","coordinate_system":"CAM_LEFT","val":[594.85,193.59,40.2,40.04]}],"cuboid":[{"name":"box3D","coordinate_system":"CAM_LEFT","val":[-0.68,0.86,31.78,0,-1.58,0,4.5,1.62,1.62]}],"num":[{"name":"truncated","val":0.0},{"name":"occluded","val":0},{"name":"alpha","val":-1.56}]}},"-2":{}}},"18":{"frame_properties":{"transforms":{"vehicle-iso8855_to_odom":{"src":"vehicle-iso8855","dst":"odom","transform_src_to_dst_4x4":[0.9998884416817655,-0.01477713286004849,0.00217727711751887,32.21705313983217,0.01475654844732826,0.9998489288685714,0.009184972416532412,0.42814224939571927,-0.0023126757515162686,-0.009151818661188662,0.9999554468805404,0.3574023265246642,0.0,0.0,0.0,1.0]}}},"objects":{"-1":{"object_data":{"bbox":[{"name":"box2D0","coordinate_system":"CAM_LEFT","val":[469.15999999999997,176.835,24.26,13.57]},{"name":"box2D1","coordinate_system":"CAM_LEFT","val":[410.935,175.86999999999998,39.77,21.34]},{"name":"box2D2","coordinate_system":"CAM_LEFT","val":[374.555,172.475,25.23,26.19]}],"cuboid":[{"name":"box3D","coordinate_system":"CAM_LEFT","val":[-10.0,499.0,-1.0,0,-1.0,0,-1000.0,-1000.0,-1000.0]}],"num":[{"name":"truncated","val":-1.0},{"name":"occluded","val":-1},{"name":"alpha","val":-10.0}]}},"1":{"object_data":{"bbox":[{"name":"box2D","coordinate_system":"CAM_LEFT","val":[45.785,194.315,91.57,45.75]}],"cuboid":[{"name":"box3D","coordinate_system":"CAM_LEFT","val":[-20.64,0.73,25.81,0,-1.53,0,3.5,1.52,1.5]}],"num":[{"name":"truncated","val":0.0},{"name":"occluded","val":0},{"name":"alpha","val":-0.86}]}},"2":{"object_data":{"bbox":[{"name":"box2D","coordinate_system":"CAM_LEFT","val":[335.39000000000004,184.245,38.96,19.23]}],"cuboid":[{"name":"box3D","coordinate_system":"CAM_LEFT","val":[-21.84,0.89,57.44,0,1.62,0,3.02,1.47,1.82]}],"num":[{"name":"truncated","val":0.0},{"name":"occluded","val":0},{"name":"alpha","val":1.98}]}},"31":{"object_data":{"bbox":[{"name":"box2D","coordinate_system":"CAM_LEFT","val":[594.76,193.76500000000001,40.46,40.31]}],"cuboid":[{"name":"box3D","coordinate_system":"CAM_LEFT","val":[-0.68,0.86,31.59,0,-1.58,0,4.5,1.62,1.62]}],"num":[{"name":"truncated","val":0.0},{"name":"occluded","val":0},{"name":"alpha","val":-1.56}]}},"-2":{}}},"19":{"frame_properties":{"transforms":{"vehicle-iso8855_to_odom":{"src":"vehicle-iso8855","dst":"odom","transform_src_to_dst_4x4":[0.9998860855154694,-0.015051008830433806,0.001132751401059531,33.91627080198984,0.015041084976849233,0.9998523326035927,0.008311362696558104,0.45999075002319584,-0.001257678523948197,-0.008293378101879797,0.9999648184433236,0.37214224253541023,0.0,0.0,0.0,1.0]}}},"objects":{"-1":{"object_data":{"bbox":[{"name":"box2D0","coordinate_system":"CAM_LEFT","val":[469.15999999999997,176.835,24.26,13.57]},{"name":"box2D1","coordinate_system":"CAM_LEFT","val":[410.935,175.86999999999998,39.77,21.34]},{"name":"box2D2","coordinate_system":"CAM_LEFT","val":[368.73499999999996,172.475,27.17,22.31]}],"cuboid":[{"name":"box3D","coordinate_system":"CAM_LEFT","val":[-10.0,499.0,-1.0,0,-1.0,0,-1000.0,-1000.0,-1000.0]}],"num":[{"name":"truncated","val":-1.0},{"name":"occluded","val":-1},{"name":"alpha","val":-10.0}]}},"1":{"object_data":{"bbox":[{"name":"box2D","coordinate_system":"CAM_LEFT","val":[29.04,193.35999999999999,58.08,46.7]}],"cuboid":[{"name":"box3D","coordinate_system":"CAM_LEFT","val":[-20.63,0.68,24.11,0,-1.53,0,3.5,1.52,1.5]}],"num":[{"name":"truncated","val":2.0},{"name":"occluded","val":1},{"name":"alpha","val":-0.83}]}},"2":{"object_data":{"bbox":[{"name":"box2D","coordinate_system":"CAM_LEFT","val":[326.905,184.235,40.65,19.93]}],"cuboid":[{"