{"openlabel":{"metadata":{"schema_version":"1.0.0"},"coordinate_systems":{"odom":{"type":"scene_cs","parent":"","children":["vehicle-iso8855"]},"vehicle-iso8855":{"type":"local_cs","parent":"odom","children":["VELO_TOP","IMU"]},"VELO_TOP":{"type":"sensor_cs","parent":"vehicle-iso8855","children":["CAM_LEFT","CAM_RIGHT"],"pose_wrt_parent":{"matrix4x4":[1.0,0.0,0.0,0.76,0.0,1.0,0.0,0.0,0.0,0.0,1.0,1.73,0.0,0.0,0.0,1.0]}},"IMU":{"type":"sensor_cs","parent":"vehicle-iso8855","children":[],"pose_wrt_parent":{"matrix4x4":[1.0,0.0,0.0,-0.05,0.0,1.0,0.0,0.32,0.0,0.0,1.0,0.93,0.0,0.0,0.0,1.0]}},"CAM_LEFT":{"type":"sensor_cs","parent":"VELO_TOP","children":[],"pose_wrt_parent":{"matrix4x4":[0.004852296969546027,-0.003020691211385991,0.999983658855251,0.2672341673242783,-0.9999297611345842,0.010798081277047428,0.004884654149849766,-0.005139645452231175,-0.010812659650730121,-0.9999371604511238,-0.0029680830853669278,-0.06263302502186824,0.0,0.0,0.0,1.0]}},"CAM_RIGHT":{"type":"sensor_cs","parent":"VELO_TOP","children":[],"pose_wrt_parent":{"matrix4x4":[0.004852296969546027,-0.003020691211385991,0.999983658855251,0.2672341673242783,-0.9999297611345842,0.010798081277047428,0.004884654149849766,-0.005139645452231175,-0.010812659650730121,-0.9999371604511238,-0.0029680830853669278,-0.06263302502186824,0.0,0.0,0.0,1.0]}}},"frames":{"0":{"frame_properties":{"transforms":{"vehicle-iso8855_to_odom":{"src":"vehicle-iso8855","dst":"odom","transform_src_to_dst":{"matrix4x4":[0.9999999999999998,6.505213034913025e-19,-4.513898307157583e-36,4.6566128730773915e-10,-5.486062992776651e-17,1.0,-6.938893903907228e-18,-2.554647155467724e-26,-3.4694469519536134e-18,-2.2569491535787913e-36,1.0,-1.6155871338926318e-27,0.0,0.0,0.0,1.0]}}}},"objects":{"-1":{"object_data":{"bbox":[{"name":"box2D0_left","coordinate_system":"CAM_LEFT","val":[662.54,175.41,73.5,19.34]}],"cuboid":[{"name":"box3D","coordinate_system":"CAM_LEFT","val":[-10.0,499.0,-1.0,0,-1.0,0,-1000.0,-1000.0,-1000.0]}],"num":[{"name":"truncated","val":-1.0},{"name":"occluded","val":-1},{"name":"alpha","val":-10.0}]}},"-2":{}}},"1":{"frame_properties":{"transforms":{"vehicle-iso8855_to_odom":{"src":"vehicle-iso8855","dst":"odom","transform_src_to_dst":{"matrix4x4":[0.9999988483846939,0.0013913875044560108,-0.0006060281335557513,1.6912706160088584,-0.0013910903436435142,0.999998912144275,0.0004904874340362383,-0.002476106779179196,0.0006067099323713733,-0.0004896438292988469,0.9999996960759432,0.015968562845651017,0.0,0.0,0.0,1.0]}}}},"objects":{"-1":{"object_data":{"bbox":[{"name":"box2D0_left","coordinate_system":"CAM_LEFT","val":[662.54,175.41,73.5,19.34]}],"cuboid":[{"name":"box3D","coordinate_system":"CAM_LEFT","val":[-10.0,499.0,-1.0,0,-1.0,0,-1000.0,-1000.0,-1000.0]}],"num":[{"name":"truncated","val":-1.0},{"name":"occluded","val":-1},{"name":"alpha","val":-10.0}]}},"-2":{}}},"2":{"frame_properties":{"transforms":{"vehicle-iso8855_to_odom":{"src":"vehicle-iso8855","dst":"odom","transform_src_to_dst":{"matrix4x4":[0.999995811870845,0.0028671908979354924,-0.00039428051454068014,3.2389403863595954,-0.0028669533621473006,0.999995709255523,0.0006017050468602674,-0.006625897525860028,0.00039600402601733535,-0.0006005721429950398,0.9999997412469229,0.03295858233772013,0.0,0.0,0.0,1.0]}}}},"objects":{"-1":{"object_data":{"bbox":[{"name":"box2D0_left","coordinate_system":"CAM_LEFT","val":[662.54,175.41,73.5,19.34]}],"cuboid":[{"name":"box3D","coordinate_system":"CAM_LEFT","val":[-10.0,499.0,-1.0,0,-1.0,0,-1000.0,-1000.0,-1000.0]}],"num":[{"name":"truncated","val":-1.0},{"name":"occluded","val":-1},{"name":"alpha","val":-10.0}]}},"-2":{}}},"3":{"frame_properties":{"transforms":{"vehicle-iso8855_to_odom":{"src":"vehicle-iso8855","dst":"odom","transform_src_to_dst":{"matrix4x4":[0.9999899015701648,0.004434322609599696,0.000730438694138399,4.78280116231181,-0.004435066904507598,0.9999896443053766,0.0010205212195112355,-0.01290312635378781,-0.000725905809621101,-0.0010237504583274681,0.9999992124975676,0.04538813817770431,0.0,0.0,0.0,1.0]}}}},"objects":{"-1":{"object_data":{"bbox":[{"name":"box2D0_left","coordinate_system":"CAM_LEFT","val":[662.54,175.41,73.5,19.34]}],"cuboid":[{"name":"box3D","coordinate_system":"CAM_LEFT","val":[-10.0,499.0,-1.0,0,-1.0,0,-1000.0,-1000.0,-1000.0]}],"num":[{"name":"truncated","val":-1.0},{"name":"occluded","val":-1},{"name":"alpha","val":-10.0}]}},"-2":{}}},"4":{"frame_properties":{"transforms":{"vehicle-iso8855_to_odom":{"src":"vehicle-iso8855","dst":"odom","transform_src_to_dst":{"matrix4x4":[0.9999773568690128,0.00668145452107114,0.0008024429862705161,6.471788938995572,-0.006682866527354036,0.9999761028481869,0.0017700360251735527,-0.00990058916855475,-0.0007905973949658018,-0.001775358565389062,0.9999981115270787,0.058512938413643446,0.0,0.0,0.0,1.0]}}}},"objects":{"-1":{"object_data":{"bbox":[{"name":"box2D0_left","coordinate_system":"CAM_LEFT","val":[655.765,176.85999999999999,75.45,18.38]}],"cuboid":[{"name":"box3D","coordinate_system":"CAM_LEFT","val":[-10.0,499.0,-1.0,0,-1.0,0,-1000.0,-1000.0,-1000.0]}],"num":[{"name":"truncated","val":-1.0},{"name":"occluded","val":-1},{"name":"alpha","val":-10.0}]}},"-2":{}}},"5":{"frame_properties":{"transforms":{"vehicle-iso8855_to_odom":{"src":"vehicle-iso8855","dst":"odom","transform_src_to_dst":{"matrix4x4":[0.9999574821082745,0.009215984152375288,0.00031561334447137635,8.003482630879901,-0.009216723520370946,0.9999545790584531,0.002427308711504308,-0.013230333162982824,-0.0002932289703979593,-0.002430114428390683,0.9999970042758308,0.07118722691211725,0.0,0.0,0.0,1.0]}}}},"objects":{"-1":{"object_data":{"bbox":[{"name":"box2D0_left","coordinate_system":"CAM_LEFT","val":[654.3199999999999,176.85999999999999,86.08,18.38]}],"cuboid":[{"name":"box3D","coordinate_system":"CAM_LEFT","val":[-10.0,499.0,-1.0,0,-1.0,0,-1000.0,-1000.0,-1000.0]}],"num":[{"name":"truncated","val":-1.0},{"name":"occluded","val":-1},{"name":"alpha","val":-10.0}]}},"-2":{}}},"6":{"frame_properties":{"transforms":{"vehicle-iso8855_to_odom":{"src":"vehicle-iso8855","dst":"odom","transform_src_to_dst":{"matrix4x4":[0.9999225501507494,0.012352496217550572,0.0015197161633072115,9.68706967571989,-0.012357029425391602,0.9999191167645463,0.0030106066813556953,-0.019355115336523152,-0.0014824047361029755,-0.003029152687670314,0.9999943133389274,0.08840294412122895,0.0,0.0,0.0,1.0]}}}},"objects":{"-1":{"object_data":{"bbox":[{"name":"box2D0_left","coordinate_system":"CAM_LEFT","val":[654.3199999999999,176.85999999999999,86.08,18.38]}],"cuboid":[{"name":"box3D","coordinate_system":"CAM_LEFT","val":[-10.0,499.0,-1.0,0,-1.0,0,-1000.0,-1000.0,-1000.0]}],"num":[{"name":"truncated","val":-1.0},{"name":"occluded","val":-1},{"name":"alpha","val":-10.0}]}},"-2":{}}},"7":{"frame_properties":{"transforms":{"vehicle-iso8855_to_odom":{"src":"vehicle-iso8855","dst":"odom","transform_src_to_dst":{"matrix4x4":[0.9998886108318944,0.014696157555037559,0.002605548268960232,11.215177610375875,-0.014701999714846977,0.9998894164954031,0.0022374058343039628,-0.031140887500474324,-0.0025723788696457696,-0.0022754633814366485,0.9999941025492856,0.11785375236086956,0.0,0.0,0.0,1.0]}}}},"objects":{"-1":{"object_data":{"bbox":[{"name":"box2D0_left","coordinate_system":"CAM_LEFT","val":[649.0,172.995,83.18,20.31]}],"cuboid":[{"name":"box3D","coordinate_system":"CAM_LEFT","val":[-10.0,499.0,-1.0,0,-1.0,0,-1000.0,-1000.0,-1000.0]}],"num":[{"name":"truncated","val":-1.0},{"name":"occluded","val":-1},{"name":"alpha","val":-10.0}]}},"-2":{}}},"8":{"frame_properties":{"transforms":{"vehicle-iso8855_to_odom":{"src":"vehicle-iso8855","dst":"odom","transform_src_to_dst":{"matrix4x4":[0.9998577398174254,0.016541775422136664,0.0032969369228596427,12.742304066741964,-0.016546955505467198,0.9998618881215143,0.0015501437291868757,-0.046642600555969735,-0.003270839447267738,-0.0016044774740238425,0.9999933636086523,0.14981521111399695,0.0,0.0,0.0,1.0]}}}},"objects":{"-1":{"object_data":{"bbox":[{"name":"box2D0_left","coordinate_system":"CAM_LEFT","val":[649.0,172.995,83.18,20.31]}],"cuboid":[{"name":"box3D","coordinate_system":"CAM_LEFT","val":[-10.0,499.0,-1.0,0,-1.0,0,-1000.0,-1000.0,-1000.0]}],"num":[{"name":"truncated","val":-1.0},{"name":"occluded","val":-1},{"name":"alpha","val":-10.0}]}},"-2":{}}},"9":{"frame_properties":{"transforms":{"vehicle-iso8855_to_odom":{"src":"vehicle-iso8855","dst":"odom","transform_src_to_dst":{"matrix4x4":[0.9998246019583744,0.018410753040285617,0.0034364940371574447,14.421466472439969,-0.018411735950671384,0.9998304572061574,0.00025460206101092546,-0.062082659054140774,-0.0034312239886885375,-0.00031782922511625105,0.9999940628256365,0.18837307503852463,0.0,0.0,0.0,1.0]}}}},"objects":{"-1":{"object_data":{"bbox":[{"name":"box2D0_left","coordinate_system":"CAM_LEFT","val":[644.6500000000001,174.44,91.88,21.28]}],"cuboid":[{"name":"box3D","coordinate_system":"CAM_LEFT","val":[-10.0,499.0,-1.0,0,-1.0,0,-1000.0,-1000.0,-1000.0]}],"num":[{"name":"truncated","val":-1.0},{"name":"occluded","val":-1},{"name":"alpha","val":-10.0}]}},"-2":{}}},"10":{"frame_properties":{"transforms":{"vehicle-iso8855_to_odom":{"src":"vehicle-iso8855","dst":"odom","transform_src_to_dst":{"matrix4x4":[0.9997917844959515,0.02013271359149905,0.003325883016999681,15.945357664057541,-0.02013088830756568,0.9997971840976159,-0.0005813832010269517,-0.08239412224028843,-0.0033369132965075598,0.0005143091684914454,0.9999943002316218,0.21708034859335942,0.0,0.0,0.0,1.0]}}}},"objects":{"-1":{"object_data":{"bbox":[{"name":"box2D0_left","coordinate_system":"CAM_LEFT","val":[644.6500000000001,174.44,91.88,21.28]}],"cuboid":[{"name":"box3D","coordinate_system":"CAM_LEFT","val":[-10.0,499.0,-1.0,0,-1.0,0,-1000.0,-1000.0,-1000.0]}],"num":[{"name":"truncated","val":-1.0},{"name":"occluded","val":-1},{"name":"alpha","val":-10.0}]}},"-2":{}}},"11":{"frame_properties":{"transforms":{"vehicle-iso8855_to_odom":{"src":"vehicle-iso8855","dst":"odom","transform_src_to_dst":{"matrix4x4":[0.9997534423477907,0.021868231909886543,0.0038516161384459613,17.468954100582955,-0.021863645598542363,0.9997602066991705,-0.0012288620642388914,-0.10440557797476135,-0.0038775655873046337,0.001144348708660818,0.9999918274421793,0.24737522398418293,0.0,0.0,0.0,1.0]}}}},"objects":{"-1":{"object_data":{"bbox":[{"name":"box2D0_left","coordinate_system":"CAM_LEFT","val":[644.16,174.925,94.78,20.31]}],"cuboid":[{"name":"box3D","coordinate_system":"CAM_LEFT","val":[-10.0,499.0,-1.0,0,-1.0,0,-1000.0,-1000.0,-1000.0]}],"num":[{"name":"truncated","val":-1.0},{"name":"occluded","val":-1},{"name":"alpha","val":-10.0}]}},"-2":{}}},"12":{"frame_properties":{"transforms":{"vehicle-iso8855_to_odom":{"src":"vehicle-iso8855","dst":"odom","transform_src_to_dst":{"matrix4x4":[0.9997208832099116,0.023577742158807865,0.00149858222550472,19.139903116160333,-0.02357572215981567,0.9997211403567202,-0.0013516095966926596,-0.13655399604817062,-0.00153003223397009,0.001315902181578452,0.9999979636993329,0.27637278244641567,0.0,0.0,0.0,1.0]}}}},"objects":{"-1":{"object_data":{"bbox":[{"name":"box2D0_left","coordinate_system":"CAM_LEFT","val":[644.16,174.925,94.78,20.31]}],"cuboid":[{"name":"box3D","coordinate_system":"CAM_LEFT","val":[-10.0,499.0,-1.0,0,-1.0,0,-1000.0,-1000.0,-1000.0]}],"num":[{"name":"truncated","val":-1.0},{"name":"occluded","val":-1},{"name":"alpha","val":-10.0}]}},"-2":{}}},"13":{"frame_properties":{"transforms":{"vehicle-iso8855_to_odom":{"src":"vehicle-iso8855","dst":"odom","transform_src_to_dst":{"matrix4x4":[0.999680234177693,0.02525576057848998,0.001255369281927257,20.655297694587194,-0.02525532099307225,0.9996809669522638,-0.00036479435863547266,-0.17217079451956188,-0.0012641819366213003,0.00033297295568749215,0.999999145486156,0.32442439163028214,0.0,0.0,0.0,1.0]}}}},"objects":{"-1":{"object_data":{"bbox":[{"name":"box2D0_left","coordinate_system":"CAM_LEFT","val":[639.3249999999999,176.37,100.59,23.2]}],"cuboid":[{"name":"box3D","coordinate_system":"CAM_LEFT","val":[-10.0,499.0,-1.0,0,-1.0,0,-1000.0,-1000.0,-1000.0]}],"num":[{"name":"truncated","val":-1.0},{"name":"occluded","val":-1},{"name":"alpha","val":-10.0}]}},"-2":{}}},"14":{"frame_properties":{"transforms":{"vehicle-iso8855_to_odom":{"src":"vehicle-iso8855","dst":"odom","transform_src_to_dst":{"matrix4x4":[0.9996297567966866,0.02706256912852996,0.0028225305596417875,22.320268347717512,-0.027064934132526218,0.9996333549773514,0.0008030922283189503,-0.21257888724364501,-0.0027997619539153586,-0.0008791864925635454,0.9999956941727863,0.3631771186887752,0.0,0.0,0.0,1.0]}}}},"objects":{"-1":{"object_data":{"bbox":[{"name":"box2D0_left","coordinate_system":"CAM_LEFT","val":[639.3249999999999,176.37,100.59,23.2]}],"cuboid":[{"name":"box3D","coordinate_system":"CAM_LEFT","val":[-10.0,499.0,-1.0,0,-1.0,0,-1000.0,-1000.0,-1000.0]}],"num":[{"name":"truncated","val":-1.0},{"name":"occluded","val":-1},{"name":"alpha","val":-10.0}]}},"-2":{}}},"15":{"frame_properties":{"transforms":{"vehicle-iso8855_to_odom":{"src":"vehicle-iso8855","dst":"odom","transform_src_to_dst":{"matrix4x4":[0.9995943940361056,0.028304841093216872,0.0031437847061265007,23.829970956321,-0.028307177039752045,0.999599025749695,0.0007010337380698712,-0.2519510936605379,-0.00312268148085379,-0.0007897410648560227,0.9999948125712552,0.3961252060903465,0.0,0.0,0.0,1.0]}}}},"objects":{"-1":{"object_data":{"bbox":[{"name":"box2D0_left","coordinate_system":"CAM_LEFT","val":[650.925,174.925,81.25,18.37]},{"name":"box2D1_left","coordinate_system":"CAM_LEFT","val":[594.8349999999999,178.795,19.35,16.45]}],"cuboid":[{"name":"box3D","coordinate_system":"CAM_LEFT","val":[-10.0,499.0,-1.0,0,-1.0,0,-1000.0,-1000.0,-1000.0]}],"num":[{"name":"truncated","val":-1.0},{"name":"occluded","val":-1},{"name":"alpha","val":-10.0}]}},"-2":{}}},"16":{"frame_properties":{"transforms":{"vehicle-iso8855_to_odom":{"src":"vehicle-iso8855","dst":"odom","transform_src_to_dst":{"matrix4x4":[0.9995671977784529,0.02938252623042439,0.0014437027564307165,25.3341905702808,-0.02938332187517713,0.999568074860356,0.0005330248975668433,-0.2914218387729531,-0.0014274175668818182,-0.0005752149859913319,0.9999988158027037,0.4238826802498443,0.0,0.0,0.0,1.0]}}}},"objects":{"-1":{"object_data":{"bbox":[{"name":"box2D0_left","coordinate_system":"CAM_LEFT","val":[650.925,174.925,81.25,18.37]},{"name":"box2D1_left","coordinate_system":"CAM_LEFT","val":[594.8349999999999,178.795,19.35,16.45]}],"cuboid":[{"name":"box3D","coordinate_system":"CAM_LEFT","val":[-10.0,499.0,-1.0,0,-1.0,0,-1000.0,-1000.0,-1000.0]}],"num":[{"name":"truncated","val":-1.0},{"name":"occluded","val":-1},{"name":"alpha","val":-10.0}]}},"-2":{}}},"17":{"frame_properties":{"transforms":{"vehicle-iso8855_to_odom":{"src":"vehicle-iso8855","dst":"odom","transform_src_to_dst":{"matrix4x4":[0.9995355471447976,0.0304568664536651,-0.0010340598499474015,26.983734637561735,-0.03045689315084732,0.9995360811686864,-1.0076871710243502e-05,-0.33743508690108553,0.0010332732201743487,4.156644183982821e-05,0.9999994653091989,0.4602933093537332,0.0,0.0,0.0,1.0]}}}},"objects":{"-1":{"object_data":{"bbox":[{"name":"box2D0_left","coordinate_system":"CAM_LEFT","val":[587.095,179.755,21.27,18.37]},{"name":"box2D1_left","coordinate_system":"CAM_LEFT","val":[649.0,177.825,81.24,20.31]}],"cuboid":[{"name":"box3D","coordinate_system":"CAM_LEFT","val":[-10.0,499.0,-1.0,0,-1.0,0,-1000.0,-1000.0,-1000.0]}],"num":[{"name":"truncated","val":-1.0},{"name":"occluded","val":-1},{"name":"alpha","val":-10.0}]}},"-2":{}}},"18":{"frame_properties":{"transforms":{"vehicle-iso8855_to_odom":{"src":"vehicle-iso8855","dst":"odom","transform_src_to_dst":{"matrix4x4":[0.9995069020808852,0.03137378521466858,-0.0012799585833934803,28.483535689295447,-0.031374448447552675,0.9995075750418203,-0.000501416625425712,-0.3814787177122935,0.001263596962332411,0.0005413273725207767,0.9999990551432502,0.4956543090853604,0.0,0.0,0.0,1.0]}}}},"objects":{"-1":{"object_data":{"bbox":[{"name":"box2D0_left","coordinate_system":"CAM_LEFT","val":[587.095,179.755,21.27,18.37]},{"name":"box2D1_left","coordinate_system":"CAM_LEFT","val":[649.0,177.825,81.24,20.31]}],"cuboid":[{"name":"box3D","coordinate_system":"CAM_LEFT","val":[-10.0,499.0,-1.0,0,-1.0,0,-1000.0,-1000.0,-1000.0]}],"num":[{"name":"truncated","val":-1.0},{"name":"occluded","val":-1},{"name":"alpha","val":-10.0}]}},"-2":{}}},"19":{"frame_properties":{"transforms":{"vehicle-iso8855_to_odom":{"src":"vehicle-iso8855","dst":"odom","transform_src_to_dst":{"matrix4x4":[0.9994850380768742,0.03208728849662708,0.0002541208432606215,30.134068703223917,-0.03208724200482441,0.9994850547601404,-0.00018496389869918558,-0.4168431068769396,-0.00025992497492106345,0.00017671461233803115,0.9999999506054755,0.5382803219925937,0.0,0.0,0.0,1.0]}}}},"objects":{"-1":{"object_data":{"bbox":[{"name":"box2D0_left","coordinate_system":"CAM_LEFT","val":[649.0,177.825,81.24,20.31]},{"name":"box2D1_left","coordinate_system":"CAM_LEFT","val":[583.7149999999999,179.755,26.11,18.37]}],"cuboid":[{"name":"box3D","coordinate_system":"CAM_LEFT","val":[-10.0,499.0,-1.0,0,-1.0,0,-1000.0,-1000.0,-1000.0]}],"num":[{"name":"truncated","val":-1.0},{"name":"occluded","val":-1},{"name":"alpha","val":-10.0}]}},"-2":{}}},"20":{"frame_properties":{"transforms":{"vehicle-iso8855_to_odom":{"src":"vehicle-iso8855","dst":"odom","transform_src_to_dst":{"matrix4x4":[0.9994533447974424,0.03293980683672836,0.0028250130554162535,31.631299110952025,-0.03293825651228796,0.999457212151956,-0.0005935784455422858,-0.4455861661557413,-0.0028430320319978177,0.0005002029581270363,0.9999958334742528,0.562827628719396,0.0,0.0,0.0,1.0]}}}},"objects":{"-1":{"object_data":{"bbox":[{"name":"box2D0_left","coordinate_system":"CAM_LEFT","val":[649.0,177.825,81.24,20.31]},{"name":"box2D1_left","coordinate_system":"CAM_LEFT","val":[580.8149999999999,180.725,26.11,18.37]}],"cuboid":[{"name":"box3D","coordinate_system":"CAM_LEFT","val":[-10.0,499.0,-1.0,0,-1.0,0,-1000.0,-1000.0,-1000.0]}],"num":[{"name":"truncated","val":-1.0},{"name":"occluded","val":-1},{"name":"alpha","val":-10.0}]}},"-2":{}}},"21":{"frame_properties":{"transforms":{"vehicle-iso8855_to_odom":{"src":"vehicle-iso8855","dst":"odom","transform_src_to_dst":{"matrix4x4":[0.9994123231678654,0.03397532527742714,0.004548139455055693,33.121884618083826,-0.03397229304570787,0.9994224993772027,-0.0007423232736064472,-0.4803401926514347,-0.0045707335763696165,0.000587376301036681,0.9999893816354527,0.5866614326331593,0.0,0.0,0.0,1.0]}}}},"objects":{"-1":{"object_data":{"bbox":[{"name":"box2D0_left","coordinate_system":"CAM_LEFT","val":[649.0,177.825,81.24,20.31]},{"name":"box2D1_left","coordinate_system":"CAM_LEFT","val":[580.8149999999999,180.725,26.11,18.37]}],"cuboid":[{"name":"box3D","coordinate_system":"CAM_LEFT","val":[-10.0,499.0,-1.0,0,-1.0,0,-1000.0,-1000.0,-1000.0]}],"num":[{"name":"truncated","val":-1.0},{"name":"occluded","val":-1},{"name":"alpha","val":-10.0}]}},"-2":{}}},"22":{"frame_properties":{"transforms":{"vehicle-iso8855_to_odom":{"src":"vehicle-iso8855","dst":"odom","transform_src_to_dst":{"matrix4x4":[0.9993872408404281,0.03478568317790566,0.0038857549076672976,34.75882630756192,-0.034780572633170054,0.9993940267735012,-0.0013751424491133017,-0.5121693660957339,-0.003931235513787866,0.0012391510371810542,0.9999915049099379,0.6087866663214044,0.0,0.0,0.0,1.0]}}}},"objects":{"-1":{"object_data":{"bbox":[{"name":"box2D0_left","coordinate_system":"CAM_LEFT","val":[649.0,177.825,81.24,20.31]},{"name":"box2D1_left","coordinate_system":"CAM_LEFT","val":[571.62,180.245,29.0,21.27]}],"cuboid":[{"name":"box3D","coordinate_system":"CAM_LEFT","val":[-10.0,499.0,-1.0,0,-1.0,0,-1000.0,-1000.0,-1000.0]}],"num":[{"name":"truncated","val":-1.0},{"name":"occluded","val":-1},{"name":"alpha","val":-10.0}]}},"-2":{}}},"23":{"frame_properties":{"transforms":{"vehicle-iso8855_to_odom":{"src":"vehicle-iso8855","dst":"odom","transform_src_to_dst":{"matrix4x4":[0.9993630576952449,0.03558360767755256,0.002699218157295376,36.236451715269986,-0.03557771516589897,0.9993644899779689,-0.002200535082316718,-0.5496123586452317,-0.002775805754154618,0.0021031014536588236,0.9999939359149589,0.622302290320865,0.0,0.0,0.0,1.0]}}}},"objects":{"-1":{"object_data":{"bbox":[{"name":"box2D0_left","coordinate_system":"CAM_LEFT","val":[649.0,177.825,81.24,20.31]},{"name":"box2D1_left","coordinate_system":"CAM_LEFT","val":[571.62,180.245,29.0,21.27]}],"cuboid":[{"name":"box3D","coordinate_system":"CAM_LEFT","val":[-10.0,499.0,-1.0,0,-1.0,0,-1000.0,-1000.0,-1000.0]}],"num":[{"name":"truncated","val":-1.0},{"name":"occluded","val":-1},{"name":"alpha","val":-10.0}]}},"-2":{}}},"24":{"frame_properties":{"transforms":{"vehicle-iso8855_to_odom":{"src":"vehicle-iso8855","dst":"odom","transform_src_to_dst":{"matrix4x4":[0.9993394548147896,0.036313264610698816,0.001414518925828501,37.71314057105011,-0.0363111563780669,0.9993394237534353,-0.0014886418775767328,-0.5884326544460294,-0.0014676419746368012,0.001436295744436483,0.999997891538562,0.6412188772570762,0.0,0.0,0.0,1.0]}}}},"objects":{"-1":{"object_data":{"bbox":[{"name":"box2D0_left","coordinate_system":"CAM_LEFT","val":[649.0,177.825,81.24,20.31]},{"name":"box2D1_left","coordinate_system":"CAM_LEFT","val":[564.365,185.07999999999998,33.85,21.28]}],"cuboid":[{"name":"box3D","coordinate_system":"CAM_LEFT","val":[-10.0,499.0,-1.0,0,-1.0,0,-1000.0,-1000.0,-1000.0]}],"num":[{"name":"truncated","val":-1.0},{"name":"occluded","val":-1},{"name":"alpha","val":-10.0}]}},"-2":{}}},"25":{"frame_properties":{"transforms":{"vehicle-iso8855_to_odom":{"src":"vehicle-iso8855","dst":"odom","transform_src_to_dst":{"matrix4x4":[0.9993008265212183,0.03738753794259168,-0.0001735528765878859,39.33097830962641,-0.03738770960485772,0.9993002049255781,-0.001122321790185568,-0.6376821609654023,0.00013147057662533536,0.001128025837106144,0.9999993551363913,0.6669242750598584,0.0,0.0,0.0,1.0]}}}},"objects":{"-1":{"object_data":{"bbox":[{"name":"box2D0_left","coordinate_system":"CAM_LEFT","val":[656.255,177.34,97.69,23.2]}],"cuboid":[{"name":"box3D","coordinate_system":"CAM_LEFT","val":[-10.0,499.0,-1.0,0,-1.0,0,-1000.0,-1000.0,-1000.0]}],"num":[{"name":"truncated","val":-1.0},{"name":"occluded","val":-1},{"name":"alpha","val":-10.0}]}},"0":{"object_data":{"bbox":[{"name":"box2D_left","coordinate_system":"CAM_LEFT","val":[560.56,183.335,29.02,19.25]},{"name":"box2D_right","coordinate_system":"CAM_RIGHT","val":[553,183,28,18]}],"cuboid":[{"name":"box3D","coordinate_system":"CAM_LEFT","val":[-3.09,0.13,55.54,0,1.63,0,3.61,1.42,1.77]}],"num":[{"name":"truncated","val":0.0},{"name":"occluded","val":0},{"name":"alpha","val":1.69}]}},"-2":{}}},"26":{"frame_properties":{"transforms":{"vehicle-iso8855_to_odom":{"src":"vehicle-iso8855","dst":"odom","transform_src_to_dst":{"matrix4x4":[0.9992254157105102,0.03933312421630228,-0.0012140582946949118,40.794252064633824,-0.0393324573133317,0.9992260178377446,0.0005683993479806584,-0.6775268124303975,0.0012354755573894653,-0.0005202071787235626,0.9999991014919156,0.6827083376567086,0.0,0.0,0.0,1.0]}}}},"objects":{"-1":{"object_data":{"bbox":[{"name":"box2D0_left","coordinate_system":"CAM_LEFT","val":[656.255,177.34,97.69,23.2]}],"cuboid":[{"name":"box3D","coordinate_system":"CAM_LEFT","val":[-10.0,499.0,-1.0,0,-1.0,0,-1000.0,-1000.0,-1000.0]}],"num":[{"name":"truncated","val":-1.0},{"name":"occluded","val":-1},{"name":"alpha","val":-10.0}]}},"0":{"object_data":{"bbox":[{"name":"box2D_left","coordinate_system":"CAM_LEFT","val":[554.895,185.06,32.97,20.46]},{"name":"box2D_right","coordinate_system":"CAM_RIGHT","val":[547,184,32,20]}],"cuboid":[{"name":"box3D","coordinate_system":"CAM_LEFT","val":[-3.32,0.24,52.33,0,1.67,0,3.61,1.42,1.77]}],"num":[{"name":"truncated","val":0.0},{"name":"occluded","val":0},{"name":"alpha","val":1.74}]}},"-2":{}}},"27":{"frame_properties":{"transforms":{"vehicle-iso8855_to_odom":{"src":"vehicle-iso8855","dst":"odom","transform_src_to_dst":{"matrix4x4":[0.9991101542340118,0.04215612160890519,-0.0013270709793330043,42.39922468945082,-0.04215388478600322,0.9991097331621644,0.0016706579774378647,-0.733055491378682,0.0013963179929124033,-0.001613230152344591,0.9999977238896789,0.7104558253254566,0.0,0.0,0.0,1.0]}}}},"objects":{"-1":{"object_data":{"bbox":[{"name":"box2D0_left","coordinate_system":"CAM_LEFT","val":[656.255,177.34,97.69,23.2]}],"cuboid":[{"name":"box3D","coordinate_system":"CAM_LEFT","val":[-10.0,499.0,-1.0,0,-1.0,0,-1000.0,-1000.0,-1000.0]}],"num":[{"name":"truncated","val":-1.0},{"name":"occluded","val":-1},{"name":"alpha","val":-10.0}]}},"0":{"object_data":{"bbox":[{"name":"box2D_left","coordinate_system":"CAM_LEFT","val":[548.6899999999999,185.745,35.3,21.95]},{"name":"box2D_right","coordinate_system":"CAM_RIGHT","val":[541,185,34,21]}],"cuboid":[{"name":"box3D","coordinate_system":"CAM_LEFT","val":[-3.52,0.27,48.89,0,1.66,0,3.61,1.42,1.77]}],"num":[{"name":"truncated","val":0.0},{"name":"occluded","val":0},{"name":"alpha","val":1.74}]}},"-2":{}}},"28":{"frame_properties":{"transforms":{"vehicle-iso8855_to_odom":{"src":"vehicle-iso8855","dst":"odom","transform_src_to_dst":{"matrix4x4":[0.9990150647041278,0.04435983903517554,-0.0010512730288142025,43.845848949486545,-0.04435754763062819,0.9990134891809498,0.002111019351262201,-0.797109023649616,0.0011438804152196249,-0.002062308240344458,0.9999972192072925,0.7455118380983544,0.0,0.0,0.0,1.0]}}}},"objects":{"-1":{"object_data":{"bbox":[{"name":"box2D0_left","coordinate_system":"CAM_LEFT","val":[650.9300000000001,178.305,98.64,27.07]}],"cuboid":[{"name":"box3D","coordinate_system":"CAM_LEFT","val":[-10.0,499.0,-1.0,0,-1.0,0,-1000.0,-1000.0,-1000.0]}],"num":[{"name":"truncated","val":-1.0},{"name":"occluded","val":-1},{"name":"alpha","val":-10.0}]}},"0":{"object_data":{"bbox":[{"name":"box2D_left","coordinate_system":"CAM_LEFT","val":[541.54,186.53,38.04,23.68]},{"name":"box2D_right","coordinate_system":"CAM_RIGHT","val":[533,186,38,23]}],"cuboid":[{"name":"box3D","coordinate_system":"CAM_LEFT","val":[-3.73,0.3,45.46,0,1.66,0,3.61,1.42,1.77]}],"num":[{"name":"truncated","val":0.0},{"name":"occluded","val":0},{"name":"alpha","val":1.74}]}},"-2":{}}},"29":{"frame_properties":{"transforms":{"vehicle-iso8855_to_odom":{"src":"vehicle-iso8855","dst":"odom","transform_src_to_dst":{"matrix4x4":[0.9989443256002467,0.04593710711611905,-0.00012861131442970698,45.28946590553265,-0.04593670235642044,0.9989418205927995,0.0022490992333545645,-0.8657101874729218,0.0002317923329826284,-0.0022408169372008084,0.9999974625026647,0.7853922243858605,0.0,0.0,0.0,1.0]}}}},"objects":{"-1":{"object_data":{"bbox":[{"name":"box2D0_left","coordinate_system":"CAM_LEFT","val":[650.9300000000001,178.305,98.64,27.07]}],"cuboid":[{"name":"box3D","coordinate_system":"CAM_LEFT","val":[-10.0,499.0,-1.0,0,-1.0,0,-1000.0,-1000.0,-1000.0]}],"num":[{"name":"truncated","val":-1.0},{"name":"occluded","val":-1},{"name":"alpha","val":-10.0}]}},"0":{"object_data":{"bbox":[{"name":"box2D_left","coordinate_system":"CAM_LEFT","val":[533.2049999999999,187.46,41.35,25.7]},{"name":"box2D_right","coordinate_system":"CAM_RIGHT","val":[524,187,41,25]}],"cuboid":[{"name":"box3D","coordinate_system":"CAM_LEFT","val":[-3.93,0.32,42.03,0,1.65,0,3.61,1.42,1.77]}],"num":[{"name":"truncated","val":0.0},{"name":"occluded","val":0},{"name":"alpha","val":1.74}]}},"-2":{}}},"30":{"frame_properties":{"transforms":{"vehicle-iso8855_to_odom":{"src":"vehicle-iso8855","dst":"odom","transform_src_to_dst":{"matrix4x4":[0.9988489250138005,0.047957485759951915,0.0009510827301314371,46.87236568935634,-0.047959803582208395,0.9988459195448415,0.0025857782149124875,-0.9437881444457468,-0.0008259776822212857,-0.002628415531217004,0.9999962045891293,0.8288735440837249,0.0,0.0,0.0,1.0]}}}},"objects":{"-1":{"object_data":{"bbox":[{"name":"box2D0_left","coordinate_system":"CAM_LEFT","val":[650.9300000000001,178.305,98.64,27.07]}],"cuboid":[{"name":"box3D","coordinate_system":"CAM_LEFT","val":[-10.0,499.0,-1.0,0,-1.0,0,-1000.0,-1000.0,-1000.0]}],"num":[{"name":"truncated","val":-1.0},{"name":"occluded","val":-1},{"name":"alpha","val":-10.0}]}},"0":{"object_data":{"bbox":[{"name":"box2D_left","coordinate_system":"CAM_LEFT","val":[523.38,188.55499999999998,45.38,28.09]},{"name":"box2D_right","coordinate_system":"CAM_RIGHT","val":[513,188,45,27]}],"cuboid":[{"name":"box3D","coordinate_system":"CAM_LEFT","val":[-4.13,0.35,38.59,0,1.64,0,3.61,1.42,1.77]}],"num":[{"name":"truncated","val":0.0},{"name":"occluded","val":0},{"name":"alpha","val":1.75}]}},"-2":{}}},"31":{"frame_properties":{"transforms":{"vehicle-iso8855_to_odom":{"src":"vehicle-iso8855","dst":"odom","transform_src_to_dst":{"matrix4x4":[0.9987309937525775,0.05031848352535079,0.0021100553778600753,48.3088771090475,-0.050323838326033696,0.9987296554324443,0.0025664481150022745,-1.0152249914475264,-0.0019782351032801683,-0.0026693773620050584,0.9999944804899554,0.8617768727591867,0.0,0.0,0.0,1.0]}}}},"objects":{"-1":{"object_data":{"bbox":[{"name":"box2D0_left","coordinate_system":"CAM_LEFT","val":[650.9300000000001,178.305,98.64,27.07]}],"cuboid":[{"name":"box3D","coordinate_system":"CAM_LEFT","val":[-10.0,499.0,-1.0,0,-1.0,0,-1000.0,-1000.0,-1000.0]}],"num":[{"name":"truncated","val":-1.0},{"name":"occluded","val":-1},{"name":"alpha","val":-10.0}]}},"0":{"object_data":{"bbox":[{"name":"box2D_left","coordinate_system":"CAM_LEFT","val":[511.61,189.88,50.4,30.98]},{"name":"box2D_right","coordinate_system":"CAM_RIGHT","val":[501,189,50,30]}],"cuboid":[{"name":"box3D","coordinate_system":"CAM_LEFT","val":[-4.33,0.38,35.15,0,1.63,0,3.61,1.42,1.77]}],"num":[{"name":"truncated","val":0.0},{"name":"occluded","val":0},{"name":"alpha","val":1.76}]}},"-2":{}}},"32":{"frame_properties":{"transforms":{"vehicle-iso8855_to_odom":{"src":"vehicle-iso8855","dst":"odom","transform_src_to_dst":{"matrix4x4":[0.9985889302556088,0.05302041652094839,0.0029972992683191674,49.74254424849084,-0.05302930358998903,0.998588546992091,0.002967621435780651,-1.0885340562367884,-0.0028357241966497273,-0.0031223786078095742,0.9999911046704917,0.8916330811150113,0.0,0.0,0.0,1.0]}}}},"objects":{"-1":{"object_data":{"bbox":[{"name":"box2D0_left","coordinate_system":"CAM_LEFT","val":[645.615,175.405,97.69,25.13]}],"cuboid":[{"name":"box3D","coordinate_system":"CAM_LEFT","val":[-10.0,499.0,-1.0,0,-1.0,0,-1000.0,-1000.0,-1000.0]}],"num":[{"name":"truncated","val":-1.0},{"name":"occluded","val":-1},{"name":"alpha","val":-10.0}]}},"0":{"object_data":{"bbox":[{"name":"box2D_left","coordinate_system":"CAM_LEFT","val":[498.93,192.535,56.92,34.51]},{"name":"box2D_right","coordinate_system":"CAM_RIGHT","val":[487,192,57,34]}],"cuboid":[{"name":"box3D","coordinate_system":"CAM_LEFT","val":[-4.46,0.44,31.75,0,1.63,0,3.61,1.42,1.77]}],"num":[{"name":"truncated","val":0.0},{"name":"occluded","val":0},{"name":"alpha","val":1.77}]}},"-2":{}}},"33":{"frame_properties":{"transforms":{"vehicle-iso8855_to_odom":{"src":"vehicle-iso8855","dst":"odom","transform_src_to_dst":{"matrix4x4":[0.9984359889965163,0.055854274005671674,0.0024240362718755573,51.30729165387759,-0.055861327487506315,0.9984341885121263,0.002946744214618233,-1.1784602364635526,-0.0022556524292461234,-0.0030775453582669705,0.9999927203468465,0.9221106028840554,0.0,0.0,0.0,1.0]}}}},"objects":{"-1":{"object_data":{"bbox":[{"name":"box2D0_left","coordinate_system":"CAM_LEFT","val":[645.615,175.405,97.69,25.13]}],"cuboid":[{"name":"box3D","coordinate_system":"CAM_LEFT","val":[-10.0,499.0,-1.0,0,-1.0,0,-1000.0,-1000.0,-1000.0]}],"num":[{"name":"truncated","val":-1.0},{"name":"occluded","val":-1},{"name":"alpha","val":-10.0}]}},"0":{"object_data":{"bbox":[{"name":"box2D_left","coordinate_system":"CAM_LEFT","val":[483.14,195.87,65.42,38.94]},{"name":"box2D_right","coordinate_system":"CAM_RIGHT","val":[470,195,65,38]}],"cuboid":[{"name":"box3D","coordinate_system":"CAM_LEFT","val":[-4.59,0.52,28.34,0,1.62,0,3.61,1.42,1.77]}],"num":[{"name":"truncated","val":0.0},{"name":"occluded","val":0},{"name":"alpha","val":1.79}]}},"-2":{}}},"34":{"frame_properties":{"transforms":{"vehicle-iso8855_to_odom":{"src":"vehicle-iso8855","dst":"odom","transform_src_to_dst":{"matrix4x4":[0.9983135183448418,0.05802859982898161,0.001673526764358741,52.730833051691604,-0.05803370740870403,0.9983095446690478,0.003184623538217991,-1.2565562081657897,-0.001485898497213238,-0.0032763736916256517,0.9999935287196057,0.9463185983416995,0.0,0.0,0.0,1.0]}}}},"objects":{"-1":{"object_data":{"bbox":[{"name":"box2D0_left","coordinate_system":"CAM_LEFT","val":[645.615,175.405,97.69,25.13]}],"cuboid":[{"name":"box3D","coordinate_system":"CAM_LEFT","val":[-10.0,499.0,-1.0,0,-1.0,0,-1000.0,-1000.0,-1000.0]}],"num":[{"name":"truncated","val":-1.0},{"name":"occluded","val":-1},{"name":"alpha","val":-10.0}]}},"0":{"object_data":{"bbox":[{"name":"box2D_left","coordinate_system":"CAM_LEFT","val":[462.925,200.19,76.87,44.66]},{"name":"box2D_right","coordinate_system":"CAM_RIGHT","val":[448,199,77,44]}],"cuboid":[{"name":"box3D","coordinate_system":"CAM_LEFT","val":[-4.72,0.59,24.93,0,1.62,0,3.61,1.42,1.77]}],"num":[{"name":"truncated","val":0.0},{"name":"occluded","val":0},{"name":"alpha","val":1.81}]}},"-2":{}}},"35":{"frame_properties":{"transforms":{"vehicle-iso8855_to_odom":{"src":"vehicle-iso8855","dst":"odom","transform_src_to_dst":{"matrix4x4":[0.9981889036235954,0.06014926179290011,0.0009894384735595458,54.28919084935594,-0.06015123281081671,0.9981870658771881,0.0021001682860936808,-1.356202419645724,-0.0008613211147390172,-0.0021558806228959815,0.9999973051487074,0.9685745246524272,0.0,0.0,0.0,1.0]}}}},"objects":{"-1":{"object_data":{"bbox":[{"name":"box2D0_left","coordinate_system":"CAM_LEFT","val":[647.06,177.34,106.38,25.14]}],"cuboid":[{"name":"box3D","coordinate_system":"CAM_LEFT","val":[-10.0,499.0,-1.0,0,-1.0,0,-1000.0,-1000.0,-1000.0]}],"num":[{"name":"truncated","val":-1.0},{"name":"occluded","val":-1},{"name":"alpha","val":-10.0}]}},"0":{"object_data":{"bbox":[{"name":"box2D_left","coordinate_system":"CAM_LEFT","val":[436.09999999999997,205.94,93.04,52.5]},{"name":"box2D_right","coordinate_system":"CAM_RIGHT","val":[419,206,93,51]}],"cuboid":[{"name":"box3D","coordinate_system":"CAM_LEFT","val":[-4.84,0.67,21.52,0,1.61,0,3.61,1.42,1.77]}],"num":[{"name":"truncated","val":0.0},{"name":"occluded","val":0},{"name":"alpha","val":1.84}]}},"-2":{}}},"36":{"frame_properties":{"transforms":{"vehicle-iso8855_to_odom":{"src":"vehicle-iso8855","dst":"odom","transform_src_to_dst":{"matrix4x4":[0.9980876613636225,0.06181245175306339,0.0004909602528970783,55.7069414520531,-0.06181310918628266,0.9980866719761996,0.0014610804902670384,-1.4459995584470706,-0.00039970791757467397,-0.0014886341893130966,0.9999988121002099,0.9854440808597912,0.0,0.0,0.0,1.0]}}}},"objects":{"-1":{"object_data":{"bbox":[{"name":"box2D0_left","coordinate_system":"CAM_LEFT","val":[647.06,177.34,106.38,25.14]}],"cuboid":[{"name":"box3D","coordinate_system":"CAM_LEFT","val":[-10.0,499.0,-1.0,0,-1.0,0,-1000.0,-1000.0,-1000.0]}],"num":[{"name":"truncated","val":-1.0},{"name":"occluded","val":-1},{"name":"alpha","val":-10.0}]}},"0":{"object_data":{"bbox":[{"name":"box2D_left","coordinate_system":"CAM_LEFT","val":[398.77,213.92499999999998,117.38,63.95]},{"name":"box2D_right","coordinate_system":"CAM_RIGHT","val":[377,214,119,62]}],"cuboid":[{"name":"box3D","coordinate_system":"CAM_LEFT","val":[-4.99,0.74,18.1,0,1.61,0,3.61,1.42,1.77]}],"num":[{"name":"truncated","val":0.0},{"name":"occluded","val":0},{"name":"alpha","val":1.88}]}},"-2":{}}},"37":{"frame_properties":{"transforms":{"vehicle-iso8855_to_odom":{"src":"vehicle-iso8855","dst":"odom","transform_src_to_dst":{"matrix4x4":[0.997995560165969,0.06328324160429279,-0.00030532125100927684,57.12388052864238,-0.06328251024796427,0.9979936570240358,0.001996105334863352,-1.5373959857474624,0.0004310286880356689,-0.001972782766621327,0.9999979611691344,1.0027080037745755,0.0,0.0,0.0,1.0]}}}},"objects":{"-1":{"object_data":{"bbox":[{"name":"box2D0_left","coordinate_system":"CAM_LEFT","val":[647.06,177.34,106.38,25.14]}],"cuboid":[{"name":"box3D","coordinate_system":"CAM_LEFT","val":[-10.0,499.0,-1.0,0,-1.0,0,-1000.0,-1000.0,-1000.0]}],"num":[{"name":"truncated","val":-1.0},{"name":"occluded","val":-1},{"name":"alpha","val":-10.0}]}},"0":{"object_data":{"bbox":[{"name":"box2D_left","coordinate_system":"CAM_LEFT","val":[347.83,224.18,155.12,80.82]},{"name":"box2D_right","coordinate_system":"CAM_RIGHT","val":[322,224,157,79]}],"cuboid":[{"name":"box3D","coordinate_system":"CAM_LEFT","val":[-5.05,0.78,14.78,0,1.6,0,3.61,1.42,1.77]}],"num":[{"name":"truncated","val":0.0},{"name":"occluded","val":0},{"name":"alpha","val":1.93}]}},"-2":{}}},"38":{"frame_properties":{"transforms":{"vehicle-iso8855_to_odom":{"src":"vehicle-iso8855","dst":"odom","transform_src_to_dst":{"matrix4x4":[0.9978743811494974,0.06515346973439097,-0.0013209190273987697,58.68165866039952,-0.06514994660271246,0.9978722152917325,0.0025546832356012675,-1.6381600365161921,0.0014845548729631136,-0.0024631951486570837,0.9999958643746927,1.0216779224817514,0.0,0.0,0.0,1.0]}}}},"objects":{"-1":{"object_data":{"bbox":[{"name":"box2D0_left","coordinate_system":"CAM_LEFT","val":[647.06,177.34,106.38,25.14]}],"cuboid":[{"name":"box3D","coordinate_system":"CAM_LEFT","val":[-10.0,499.0,-1.0,0,-1.0,0,-1000.0,-1000.0,-1000.0]}],"num":[{"name":"truncated","val":-1.0},{"name":"occluded","val":-1},{"name":"alpha","val":-10.0}]}},"0":{"object_data":{"bbox":[{"name":"box2D_left","coordinate_system":"CAM_LEFT","val":[264.78499999999997,241.33999999999997,224.87,109.66]},{"name":"box2D_right","coordinate_system":"CAM_RIGHT","val":[231,241,232,108]}],"cuboid":[{"name":"box3D","coordinate_system":"CAM_LEFT","val":[-5.12,0.82,11.45,0,1.6,0,3.61,1.42,1.77]}],"num":[{"name":"truncated","val":0.0},{"name":"occluded","val":0},{"name":"alpha","val":2.02}]}},"-2":{}}},"39":{"frame_properties":{"transforms":{"vehicle-iso8855_to_odom":{"src":"vehicle-iso8855","dst":"odom","transform_src_to_dst":{"matrix4x4":[0.9977537517876881,0.06694695863547585,-0.002357015708862184,60.09129891526958,-0.06693818877215806,0.9977505517989574,0.0036215009015047863,-1.72780181765948,0.002594162195167421,-0.0034555917491201405,0.9999906645605093,1.0246890457464166,0.0,0.0,0.0,1.0]}}}},"objects":{"-1":{"object_data":{"bbox":[{"name":"box2D0_left","coordinate_system":"CAM_LEFT","val":[638.36,180.72500000000002,98.66,28.03]}],"cuboid":[{"name":"box3D","coordinate_system":"CAM_LEFT","val":[-10.0,499.0,-1.0,0,-1.0,0,-1000.0,-1000.0,-1000.0]}],"num":[{"name":"truncated","val":-1.0},{"name":"occluded","val":-1},{"name":"alpha","val":-10.0}]}},"0":{"object_data":{"bbox":[{"name":"box2D_left","coordinate_system":"CAM_LEFT","val":[152.43,273.43,304.86,165.42]},{"name":"box2D_right","coordinate_system":"CAM_RIGHT","val":[71,273,388,163]}],"cuboid":[{"name":"box3D","coordinate_system":"CAM_LEFT","val":[-5.14,0.85,8.27,0,1.59,0,3.61,1.42,1.77]}],"num":[{"name":"truncated","val":0.0},{"name":"occluded","val":0},{"name":"alpha","val":2.14}]}},"-2":{}}},"40":{"frame_properties":{"transforms":{"vehicle-iso8855_to_odom":{"src":"vehicle-iso8855","dst":"odom","transform_src_to_dst":{"matrix4x4":[0.9976279785680521,0.0688248526340169,-0.0012474125730989126,61.645244888459864,-0.0688190688286514,0.9976203065516001,0.004202347135777472,-1.8232541799538928,0.0015336700359081293,-0.004106533306581123,0.9999903920740555,1.037276059239615,0.0,0.0,0.0,1.0]}}}},"objects":{"-1":{"object_data":{"bbox":[{"name":"box2D0_left","coordinate_system":"CAM_LEFT","val":[638.36,180.72500000000002,98.66,28.03]}],"cuboid":[{"name":"box3D","coordinate_system":"CAM_LEFT","val":[-10.0,499.0,-1.0,0,-1.0,0,-1000.0,-1000.0,-1000.0]}],"num":[{"name":"truncated","val":-1.0},{"name":"occluded","val":-1},{"name":"alpha","val":-10.0}]}},"0":{"object_data":{"bbox":[{"name":"box2D_left","coordinate_system":"CAM_LEFT","val":[82.945,285.905,165.89,174.19]},{"name":"box2D_right","coordinate_system":"CAM_RIGHT","va