{"openlabel":{"metadata":{"schema_version":"1.0.0"},"coordinate_systems":{"odom":{"type":"scene_cs","parent":"","children":["vehicle-iso8855"]},"vehicle-iso8855":{"type":"local_cs","parent":"odom","children":["VELO_TOP","IMU"]},"VELO_TOP":{"type":"sensor_cs","parent":"vehicle-iso8855","children":["CAM_LEFT","CAM_RIGHT"],"pose_wrt_parent":{"matrix4x4":[1.0,0.0,0.0,0.76,0.0,1.0,0.0,0.0,0.0,0.0,1.0,1.73,0.0,0.0,0.0,1.0]}},"IMU":{"type":"sensor_cs","parent":"vehicle-iso8855","children":[],"pose_wrt_parent":{"matrix4x4":[1.0,0.0,0.0,-0.05,0.0,1.0,0.0,0.32,0.0,0.0,1.0,0.93,0.0,0.0,0.0,1.0]}},"CAM_LEFT":{"type":"sensor_cs","parent":"VELO_TOP","children":[],"pose_wrt_parent":{"matrix4x4":[0.00023477336244722335,0.010449405831956193,0.9999453632367953,0.2729034268115415,-0.9999442001630205,0.010565354842876283,0.00012436569234822647,-0.001969265862949749,-0.010563477335159157,-0.9998895968819285,0.010451304556842098,-0.07228590051542844,0.0,0.0,0.0,1.0]}},"CAM_RIGHT":{"type":"sensor_cs","parent":"VELO_TOP","children":[],"pose_wrt_parent":{"matrix4x4":[0.00023477336244722335,0.010449405831956193,0.9999453632367953,0.2729034268115415,-0.9999442001630205,0.010565354842876283,0.00012436569234822647,-0.001969265862949749,-0.010563477335159157,-0.9998895968819285,0.010451304556842098,-0.07228590051542844,0.0,0.0,0.0,1.0]}}},"frames":{"0":{"frame_properties":{"transforms":{"vehicle-iso8855_to_odom":{"src":"vehicle-iso8855","dst":"odom","transform_src_to_dst":{"matrix4x4":[1.0000000000000002,-3.3989738107420576e-17,3.469446951953615e-18,3.166803217919231e-26,-6.2341624917916536e-18,1.0000000000000002,-1.7347234759768075e-18,-9.313225746154787e-10,3.469446951953615e-18,-1.1792559327449193e-34,1.0,3.637978807091713e-12,0.0,0.0,0.0,1.0]}}}},"objects":{"-1":{"object_data":{"bbox":[{"name":"box2D0_left","coordinate_system":"CAM_LEFT","val":[499.235,180.725,241.59,27.17]},{"name":"box2D1_left","coordinate_system":"CAM_LEFT","val":[730.175,189.45499999999998,103.83,46.57]},{"name":"box2D2_left","coordinate_system":"CAM_LEFT","val":[649.15,172.475,38.8,20.37]}],"cuboid":[{"name":"box3D","coordinate_system":"CAM_LEFT","val":[-10.0,499.0,-1.0,0,-1.0,0,-1000.0,-1000.0,-1000.0]}],"num":[{"name":"truncated","val":-1.0},{"name":"occluded","val":-1},{"name":"alpha","val":-10.0}]}},"0":{"object_data":{"bbox":[{"name":"box2D_left","coordinate_system":"CAM_LEFT","val":[1055.56,290.295,370.88,167.41]},{"name":"box2D_right","coordinate_system":"CAM_RIGHT","val":[866,204,579,303]}],"cuboid":[{"name":"box3D","coordinate_system":"CAM_LEFT","val":[3.32,0.96,5.45,0,-1.52,0,3.95,1.27,1.53]}],"num":[{"name":"truncated","val":1.0},{"name":"occluded","val":0},{"name":"alpha","val":-2.04}]}},"-2":{}}},"1":{"frame_properties":{"transforms":{"vehicle-iso8855_to_odom":{"src":"vehicle-iso8855","dst":"odom","transform_src_to_dst":{"matrix4x4":[0.999991205665809,0.004080297719013989,-0.0009694130007264211,0.6842346176784753,-0.004081859226962112,0.9999903661904401,-0.0016142959956231295,-0.002895925461707717,0.0009628168533174363,0.0016182388063664048,0.9999982271418648,0.004526427594562035,0.0,0.0,0.0,1.0]}}}},"objects":{"-1":{"object_data":{"bbox":[{"name":"box2D0_left","coordinate_system":"CAM_LEFT","val":[499.235,180.725,241.59,27.17]},{"name":"box2D1_left","coordinate_system":"CAM_LEFT","val":[730.175,189.45499999999998,103.83,46.57]},{"name":"box2D2_left","coordinate_system":"CAM_LEFT","val":[644.785,172.95999999999998,39.77,21.34]}],"cuboid":[{"name":"box3D","coordinate_system":"CAM_LEFT","val":[-10.0,499.0,-1.0,0,-1.0,0,-1000.0,-1000.0,-1000.0]}],"num":[{"name":"truncated","val":-1.0},{"name":"occluded","val":-1},{"name":"alpha","val":-10.0}]}},"0":{"object_data":{"bbox":[{"name":"box2D_left","coordinate_system":"CAM_LEFT","val":[1067.0149999999999,292.095,347.97,163.81]},{"name":"box2D_right","coordinate_system":"CAM_RIGHT","val":[890,207,770,390]}],"cuboid":[{"name":"box3D","coordinate_system":"CAM_LEFT","val":[3.28,0.96,4.72,0,-1.52,0,3.95,1.27,1.53]}],"num":[{"name":"truncated","val":1.0},{"name":"occluded","val":0},{"name":"alpha","val":-2.1}]}},"-2":{}}},"2":{"frame_properties":{"transforms":{"vehicle-iso8855_to_odom":{"src":"vehicle-iso8855","dst":"odom","transform_src_to_dst":{"matrix4x4":[0.9999695742471048,0.007714771009003463,-0.0011545078357115537,1.3665799517204618,-0.007717741866335823,0.999966860198062,-0.0025913251656827685,-0.006635222269097975,0.0011344780952874359,0.0026001565161222874,0.9999959760646753,0.010579213359535359,0.0,0.0,0.0,1.0]}}}},"objects":{"-1":{"object_data":{"bbox":[{"name":"box2D0_left","coordinate_system":"CAM_LEFT","val":[499.235,180.725,241.59,27.17]},{"name":"box2D1_left","coordinate_system":"CAM_LEFT","val":[730.175,189.45499999999998,103.83,46.57]},{"name":"box2D2_left","coordinate_system":"CAM_LEFT","val":[643.8199999999999,172.95999999999998,37.84,23.28]}],"cuboid":[{"name":"box3D","coordinate_system":"CAM_LEFT","val":[-10.0,499.0,-1.0,0,-1.0,0,-1000.0,-1000.0,-1000.0]}],"num":[{"name":"truncated","val":-1.0},{"name":"occluded","val":-1},{"name":"alpha","val":-10.0}]}},"0":{"object_data":{"bbox":[{"name":"box2D_left","coordinate_system":"CAM_LEFT","val":[1081.665,294.23,318.65,159.54]},{"name":"box2D_right","coordinate_system":"CAM_RIGHT","val":[919,211,1112,534]}],"cuboid":[{"name":"box3D","coordinate_system":"CAM_LEFT","val":[3.27,0.96,4.01,0,-1.53,0,3.95,1.27,1.53]}],"num":[{"name":"truncated","val":1.0},{"name":"occluded","val":0},{"name":"alpha","val":-2.18}]}},"-2":{}}},"3":{"frame_properties":{"transforms":{"vehicle-iso8855_to_odom":{"src":"vehicle-iso8855","dst":"odom","transform_src_to_dst":{"matrix4x4":[0.9999359176015572,0.011318266273022966,-0.00023987268424939244,2.1192819553934306,-0.011319072758844233,0.9999291632891668,-0.0036806243637105833,-0.0170974599576991,0.00019819740585797911,0.0036831036368394706,0.9999931977095586,0.017465530011792536,0.0,0.0,0.0,1.0]}}}},"objects":{"-1":{"object_data":{"bbox":[{"name":"box2D0_left","coordinate_system":"CAM_LEFT","val":[499.235,180.725,241.59,27.17]},{"name":"box2D1_left","coordinate_system":"CAM_LEFT","val":[730.175,189.45499999999998,103.83,46.57]},{"name":"box2D2_left","coordinate_system":"CAM_LEFT","val":[643.8199999999999,172.95999999999998,37.84,23.28]}],"cuboid":[{"name":"box3D","coordinate_system":"CAM_LEFT","val":[-10.0,499.0,-1.0,0,-1.0,0,-1000.0,-1000.0,-1000.0]}],"num":[{"name":"truncated","val":-1.0},{"name":"occluded","val":-1},{"name":"alpha","val":-10.0}]}},"0":{"object_data":{"bbox":[{"name":"box2D_left","coordinate_system":"CAM_LEFT","val":[1100.22,296.925,281.54,154.15]},{"name":"box2D_right","coordinate_system":"CAM_RIGHT","val":[955,216,1811,826]}],"cuboid":[{"name":"box3D","coordinate_system":"CAM_LEFT","val":[3.25,0.96,3.32,0,-1.54,0,3.95,1.27,1.53]}],"num":[{"name":"truncated","val":1.0},{"name":"occluded","val":0},{"name":"alpha","val":-2.27}]}},"-2":{}}},"4":{"frame_properties":{"transforms":{"vehicle-iso8855_to_odom":{"src":"vehicle-iso8855","dst":"odom","transform_src_to_dst":{"matrix4x4":[0.9998905234465038,0.014782052067345019,0.0006573116119513976,2.8011720440553374,-0.014780447784996528,0.9998879259600785,-0.0023819912946897166,-0.02534909482883043,-0.0006924486637256201,0.002372015162533391,0.9999969470247979,0.027674826022558913,0.0,0.0,0.0,1.0]}}}},"objects":{"-1":{"object_data":{"bbox":[{"name":"box2D0_left","coordinate_system":"CAM_LEFT","val":[499.235,180.725,241.59,27.17]},{"name":"box2D1_left","coordinate_system":"CAM_LEFT","val":[643.8199999999999,172.95999999999998,37.84,23.28]},{"name":"box2D2_left","coordinate_system":"CAM_LEFT","val":[732.11,187.03,113.52,57.24]}],"cuboid":[{"name":"box3D","coordinate_system":"CAM_LEFT","val":[-10.0,499.0,-1.0,0,-1.0,0,-1000.0,-1000.0,-1000.0]}],"num":[{"name":"truncated","val":-1.0},{"name":"occluded","val":-1},{"name":"alpha","val":-10.0}]}},"0":{"object_data":{"bbox":[{"name":"box2D_left","coordinate_system":"CAM_LEFT","val":[1124.47,300.48,233.04,147.04]},{"name":"box2D_right","coordinate_system":"CAM_RIGHT","val":[1003,223,4149,1777]}],"cuboid":[{"name":"box3D","coordinate_system":"CAM_LEFT","val":[3.24,0.96,2.62,0,-1.55,0,3.95,1.27,1.53]}],"num":[{"name":"truncated","val":1.0},{"name":"occluded","val":0},{"name":"alpha","val":-2.39}]}},"-2":{}}},"5":{"frame_properties":{"transforms":{"vehicle-iso8855_to_odom":{"src":"vehicle-iso8855","dst":"odom","transform_src_to_dst":{"matrix4x4":[0.9998302590903541,0.018419812047831302,0.00040439020526802943,3.5513239420766145,-0.01841873866110847,0.9998271987789439,-0.0025144876186502883,-0.040314980286270286,-0.0004506367154789095,0.0025066124497266492,0.99999675690503,0.03196059812386026,0.0,0.0,0.0,1.0]}}}},"objects":{"-1":{"object_data":{"bbox":[{"name":"box2D0_left","coordinate_system":"CAM_LEFT","val":[711.74,179.26999999999998,74.72,41.72]},{"name":"box2D1_left","coordinate_system":"CAM_LEFT","val":[637.51,174.415,42.7,24.25]},{"name":"box2D2_left","coordinate_system":"CAM_LEFT","val":[488.07500000000005,179.26999999999998,246.45,28.14]}],"cuboid":[{"name":"box3D","coordinate_system":"CAM_LEFT","val":[-10.0,499.0,-1.0,0,-1.0,0,-1000.0,-1000.0,-1000.0]}],"num":[{"name":"truncated","val":-1.0},{"name":"occluded","val":-1},{"name":"alpha","val":-10.0}]}},"0":{"object_data":{"bbox":[{"name":"box2D_left","coordinate_system":"CAM_LEFT","val":[1157.505,305.77,166.99,136.44]},{"name":"box2D_right","coordinate_system":"CAM_RIGHT","val":[1068,233,286,236]}],"cuboid":[{"name":"box3D","coordinate_system":"CAM_LEFT","val":[3.22,0.96,1.91,0,-1.56,0,3.95,1.27,1.53]}],"num":[{"name":"truncated","val":2.0},{"name":"occluded","val":0},{"name":"alpha","val":-2.53}]}},"1":{"object_data":{"bbox":[{"name":"box2D_left","coordinate_system":"CAM_LEFT","val":[760.6999999999999,189.965,21.12,48.31]},{"name":"box2D_right","coordinate_system":"CAM_RIGHT","val":[749,166,19,48]}],"cuboid":[{"name":"box3D","coordinate_system":"CAM_LEFT","val":[5.55,0.63,26.79,0,1.57,0,0.82,1.76,0.57]}],"num":[{"name":"truncated","val":0.0},{"name":"occluded","val":0},{"name":"alpha","val":1.36}]}},"2":{"object_data":{"bbox":[{"name":"box2D_left","coordinate_system":"CAM_LEFT","val":[780.66,191.395,18.02,46.19]},{"name":"box2D_right","coordinate_system":"CAM_RIGHT","val":[770,168,17,45]}],"cuboid":[{"name":"box3D","coordinate_system":"CAM_LEFT","val":[6.19,0.67,26.35,0,1.59,0,0.59,1.66,0.5]}],"num":[{"name":"truncated","val":0.0},{"name":"occluded","val":0},{"name":"alpha","val":1.37}]}},"-2":{}}},"6":{"frame_properties":{"transforms":{"vehicle-iso8855_to_odom":{"src":"vehicle-iso8855","dst":"odom","transform_src_to_dst":{"matrix4x4":[0.9997723020297744,0.02131487037392125,0.0010101460433338395,4.242919020508988,-0.021311791072256198,0.999768475617309,-0.0029669383436098547,-0.07054370748677037,-0.0010731520760961797,0.002944734756343226,0.9999950884288565,0.0624175376343656,0.0,0.0,0.0,1.0]}}}},"objects":{"-1":{"object_data":{"bbox":[{"name":"box2D0_left","coordinate_system":"CAM_LEFT","val":[711.13,181.87,84.26,44.32]},{"name":"box2D1_left","coordinate_system":"CAM_LEFT","val":[481.73499999999996,181.615,252.41,35.53]},{"name":"box2D2_left","coordinate_system":"CAM_LEFT","val":[637.0200000000001,171.01999999999998,35.9,25.22]}],"cuboid":[{"name":"box3D","coordinate_system":"CAM_LEFT","val":[-10.0,499.0,-1.0,0,-1.0,0,-1000.0,-1000.0,-1000.0]}],"num":[{"name":"truncated","val":-1.0},{"name":"occluded","val":-1},{"name":"alpha","val":-10.0}]}},"0":{"object_data":{"bbox":[{"name":"box2D_left","coordinate_system":"CAM_LEFT","val":[1205.1299999999999,313.46500000000003,71.74,121.07]},{"name":"box2D_right","coordinate_system":"CAM_RIGHT","val":[1161,246,346,287]}],"cuboid":[{"name":"box3D","coordinate_system":"CAM_LEFT","val":[3.2,0.96,1.21,0,-1.57,0,3.95,1.27,1.53]}],"num":[{"name":"truncated","val":2.0},{"name":"occluded","val":0},{"name":"alpha","val":-2.7}]}},"1":{"object_data":{"bbox":[{"name":"box2D_left","coordinate_system":"CAM_LEFT","val":[764.685,190.095,18.33,49.87]},{"name":"box2D_right","coordinate_system":"CAM_RIGHT","val":[751,165,20,49]}],"cuboid":[{"name":"box3D","coordinate_system":"CAM_LEFT","val":[5.49,0.61,25.97,0,1.57,0,0.82,1.76,0.57]}],"num":[{"name":"truncated","val":0.0},{"name":"occluded","val":0},{"name":"alpha","val":1.36}]}},"2":{"object_data":{"bbox":[{"name":"box2D_left","coordinate_system":"CAM_LEFT","val":[780.395,191.39,11.33,47.72]},{"name":"box2D_right","coordinate_system":"CAM_RIGHT","val":[773,167,18,47]}],"cuboid":[{"name":"box3D","coordinate_system":"CAM_LEFT","val":[6.13,0.65,25.52,0,1.58,0,0.59,1.66,0.5]}],"num":[{"name":"truncated","val":0.0},{"name":"occluded","val":0},{"name":"alpha","val":1.35}]}},"-2":{}}},"7":{"frame_properties":{"transforms":{"vehicle-iso8855_to_odom":{"src":"vehicle-iso8855","dst":"odom","transform_src_to_dst":{"matrix4x4":[0.9996978185991661,0.024578578776973985,0.00040614452284361887,4.930129761101292,-0.024576320679028707,0.999686174719268,-0.004853507704583563,-0.10042652929736398,-0.0005253093858864641,0.00484205952679099,0.9999881391844543,0.0802362577048169,0.0,0.0,0.0,1.0]}}}},"objects":{"-1":{"object_data":{"bbox":[{"name":"box2D0_left","coordinate_system":"CAM_LEFT","val":[709.76,182.26999999999998,84.9,44.84]},{"name":"box2D1_left","coordinate_system":"CAM_LEFT","val":[476.87,182.61499999999998,256.74,35.65]},{"name":"box2D2_left","coordinate_system":"CAM_LEFT","val":[634.595,171.99,44.63,23.28]}],"cuboid":[{"name":"box3D","coordinate_system":"CAM_LEFT","val":[-10.0,499.0,-1.0,0,-1.0,0,-1000.0,-1000.0,-1000.0]}],"num":[{"name":"truncated","val":-1.0},{"name":"occluded","val":-1},{"name":"alpha","val":-10.0}]}},"1":{"object_data":{"bbox":[{"name":"box2D_left","coordinate_system":"CAM_LEFT","val":[767.83,190.24,19.18,51.54]},{"name":"box2D_right","coordinate_system":"CAM_RIGHT","val":[755,164,21,51]}],"cuboid":[{"name":"box3D","coordinate_system":"CAM_LEFT","val":[5.44,0.6,25.14,0,1.57,0,0.82,1.76,0.57]}],"num":[{"name":"truncated","val":0.0},{"name":"occluded","val":0},{"name":"alpha","val":1.36}]}},"2":{"object_data":{"bbox":[{"name":"box2D_left","coordinate_system":"CAM_LEFT","val":[787.1999999999999,191.38500000000002,14.1,49.35]},{"name":"box2D_right","coordinate_system":"CAM_RIGHT","val":[777,166,18,49]}],"cuboid":[{"name":"box3D","coordinate_system":"CAM_LEFT","val":[6.08,0.63,24.69,0,1.57,0,0.59,1.66,0.5]}],"num":[{"name":"truncated","val":0.0},{"name":"occluded","val":0},{"name":"alpha","val":1.33}]}},"-2":{}}},"8":{"frame_properties":{"transforms":{"vehicle-iso8855_to_odom":{"src":"vehicle-iso8855","dst":"odom","transform_src_to_dst":{"matrix4x4":[0.9996241877943058,0.027403332797469034,0.0007352062062999731,5.615723568663801,-0.02739902580044976,0.9996103180501259,-0.005339047940650068,-0.1321359037685219,-0.0008812274172512141,0.005316897527452125,0.9999854769140006,0.09957197693969433,0.0,0.0,0.0,1.0]}}}},"objects":{"-1":{"object_data":{"bbox":[{"name":"box2D0_left","coordinate_system":"CAM_LEFT","val":[708.73,182.585,85.62,46.07]},{"name":"box2D1_left","coordinate_system":"CAM_LEFT","val":[472.24,182.805,261.12,36.13]},{"name":"box2D2_left","coordinate_system":"CAM_LEFT","val":[629.745,171.01999999999998,42.69,21.34]}],"cuboid":[{"name":"box3D","coordinate_system":"CAM_LEFT","val":[-10.0,499.0,-1.0,0,-1.0,0,-1000.0,-1000.0,-1000.0]}],"num":[{"name":"truncated","val":-1.0},{"name":"occluded","val":-1},{"name":"alpha","val":-10.0}]}},"1":{"object_data":{"bbox":[{"name":"box2D_left","coordinate_system":"CAM_LEFT","val":[770.805,190.385,19.33,53.31]},{"name":"box2D_right","coordinate_system":"CAM_RIGHT","val":[758,163,22,53]}],"cuboid":[{"name":"box3D","coordinate_system":"CAM_LEFT","val":[5.38,0.57,24.32,0,1.57,0,0.82,1.76,0.57]}],"num":[{"name":"truncated","val":0.0},{"name":"occluded","val":0},{"name":"alpha","val":1.35}]}},"2":{"object_data":{"bbox":[{"name":"box2D_left","coordinate_system":"CAM_LEFT","val":[793.8449999999999,191.38,16.33,51.08]},{"name":"box2D_right","coordinate_system":"CAM_RIGHT","val":[781,166,19,50]}],"cuboid":[{"name":"box3D","coordinate_system":"CAM_LEFT","val":[6.02,0.61,23.86,0,1.56,0,0.59,1.66,0.5]}],"num":[{"name":"truncated","val":0.0},{"name":"occluded","val":0},{"name":"alpha","val":1.32}]}},"-2":{}}},"9":{"frame_properties":{"transforms":{"vehicle-iso8855_to_odom":{"src":"vehicle-iso8855","dst":"odom","transform_src_to_dst":{"matrix4x4":[0.9995513452220947,0.02984821432314389,0.0024884465878754953,6.369444983819723,-0.02982807976397847,0.9995248455881816,-0.007769730337379458,-0.17084627102776503,-0.002719176767843821,0.007692018827429004,0.9999667189082162,0.12356378556544546,0.0,0.0,0.0,1.0]}}}},"objects":{"-1":{"object_data":{"bbox":[{"name":"box2D0_left","coordinate_system":"CAM_LEFT","val":[708.06,181.855,86.38,47.89]},{"name":"box2D1_left","coordinate_system":"CAM_LEFT","val":[467.495,182.275,266.15,36.17]},{"name":"box2D2_left","coordinate_system":"CAM_LEFT","val":[629.745,172.47500000000002,40.75,32.03]}],"cuboid":[{"name":"box3D","coordinate_system":"CAM_LEFT","val":[-10.0,499.0,-1.0,0,-1.0,0,-1000.0,-1000.0,-1000.0]}],"num":[{"name":"truncated","val":-1.0},{"name":"occluded","val":-1},{"name":"alpha","val":-10.0}]}},"1":{"object_data":{"bbox":[{"name":"box2D_left","coordinate_system":"CAM_LEFT","val":[775.11,190.55,20.06,55.22]},{"name":"box2D_right","coordinate_system":"CAM_RIGHT","val":[761,162,23,55]}],"cuboid":[{"name":"box3D","coordinate_system":"CAM_LEFT","val":[5.32,0.56,23.49,0,1.57,0,0.82,1.76,0.57]}],"num":[{"name":"truncated","val":0.0},{"name":"occluded","val":0},{"name":"alpha","val":1.35}]}},"2":{"object_data":{"bbox":[{"name":"box2D_left","coordinate_system":"CAM_LEFT","val":[798.865,191.375,18.41,52.95]},{"name":"box2D_right","coordinate_system":"CAM_RIGHT","val":[786,164,20,52]}],"cuboid":[{"name":"box3D","coordinate_system":"CAM_LEFT","val":[5.96,0.57,23.03,0,1.55,0,0.59,1.66,0.5]}],"num":[{"name":"truncated","val":0.0},{"name":"occluded","val":0},{"name":"alpha","val":1.3}]}},"-2":{}}},"10":{"frame_properties":{"transforms":{"vehicle-iso8855_to_odom":{"src":"vehicle-iso8855","dst":"odom","transform_src_to_dst":{"matrix4x4":[0.9994951539102228,0.03165141444786947,0.002761389764114057,7.051872640083592,-0.031624596035249516,0.9994568475088996,-0.009267949782949526,-0.20549682688957302,-0.0030532336280469498,0.009175943058955367,0.9999532388233918,0.13684184168747188,0.0,0.0,0.0,1.0]}}}},"objects":{"-1":{"object_data":{"bbox":[{"name":"box2D0_left","coordinate_system":"CAM_LEFT","val":[707.8050000000001,181.51,87.13,48.2]},{"name":"box2D1_left","coordinate_system":"CAM_LEFT","val":[463.43500000000006,182.57,270.79,36.4]},{"name":"box2D2_left","coordinate_system":"CAM_LEFT","val":[626.835,170.525,40.75,30.07]}],"cuboid":[{"name":"box3D","coordinate_system":"CAM_LEFT","val":[-10.0,499.0,-1.0,0,-1.0,0,-1000.0,-1000.0,-1000.0]}],"num":[{"name":"truncated","val":-1.0},{"name":"occluded","val":-1},{"name":"alpha","val":-10.0}]}},"1":{"object_data":{"bbox":[{"name":"box2D_left","coordinate_system":"CAM_LEFT","val":[778.94,190.715,20.0,57.27]},{"name":"box2D_right","coordinate_system":"CAM_RIGHT","val":[765,161,24,57]}],"cuboid":[{"name":"box3D","coordinate_system":"CAM_LEFT","val":[5.26,0.54,22.66,0,1.57,0,0.82,1.76,0.57]}],"num":[{"name":"truncated","val":0.0},{"name":"occluded","val":0},{"name":"alpha","val":1.34}]}},"2":{"object_data":{"bbox":[{"name":"box2D_left","coordinate_system":"CAM_LEFT","val":[803.755,191.36999999999998,19.67,54.96]},{"name":"box2D_right","coordinate_system":"CAM_RIGHT","val":[790,163,21,54]}],"cuboid":[{"name":"box3D","coordinate_system":"CAM_LEFT","val":[5.9,0.55,22.2,0,1.54,0,0.59,1.66,0.5]}],"num":[{"name":"truncated","val":0.0},{"name":"occluded","val":0},{"name":"alpha","val":1.28}]}},"-2":{}}},"11":{"frame_properties":{"transforms":{"vehicle-iso8855_to_odom":{"src":"vehicle-iso8855","dst":"odom","transform_src_to_dst":{"matrix4x4":[0.9994732340955004,0.03228896695865363,0.00326755863358391,7.734318836550865,-0.032253905909730714,0.9994269705806132,-0.010267230864462063,-0.2420492381141353,-0.0035972045044967726,0.010156430908586887,0.9999419518306807,0.15280520332182868,0.0,0.0,0.0,1.0]}}}},"objects":{"-1":{"object_data":{"bbox":[{"name":"box2D0_left","coordinate_system":"CAM_LEFT","val":[708.86,181.495,88.78,49.31]},{"name":"box2D1_left","coordinate_system":"CAM_LEFT","val":[460.17499999999995,182.70499999999998,275.45,36.77]},{"name":"box2D2_left","coordinate_system":"CAM_LEFT","val":[625.86,169.555,38.8,28.13]}],"cuboid":[{"name":"box3D","coordinate_system":"CAM_LEFT","val":[-10.0,499.0,-1.0,0,-1.0,0,-1000.0,-1000.0,-1000.0]}],"num":[{"name":"truncated","val":-1.0},{"name":"occluded","val":-1},{"name":"alpha","val":-10.0}]}},"1":{"object_data":{"bbox":[{"name":"box2D_left","coordinate_system":"CAM_LEFT","val":[784.845,189.82500000000002,23.13,59.49]},{"name":"box2D_right","coordinate_system":"CAM_RIGHT","val":[769,159,25,59]}],"cuboid":[{"name":"box3D","coordinate_system":"CAM_LEFT","val":[5.22,0.49,21.83,0,1.57,0,0.82,1.76,0.57]}],"num":[{"name":"truncated","val":0.0},{"name":"occluded","val":0},{"name":"alpha","val":1.33}]}},"2":{"object_data":{"bbox":[{"name":"box2D_left","coordinate_system":"CAM_LEFT","val":[810.86,191.98,20.3,57.12]},{"name":"box2D_right","coordinate_system":"CAM_RIGHT","val":[797,163,22,56]}],"cuboid":[{"name":"box3D","coordinate_system":"CAM_LEFT","val":[5.89,0.55,21.37,0,1.54,0,0.59,1.66,0.5]}],"num":[{"name":"truncated","val":0.0},{"name":"occluded","val":0},{"name":"alpha","val":1.27}]}},"-2":{}}},"12":{"frame_properties":{"transforms":{"vehicle-iso8855_to_odom":{"src":"vehicle-iso8855","dst":"odom","transform_src_to_dst":{"matrix4x4":[0.9994668128011908,0.032458946039955194,0.0035365139622282036,8.483966214641338,-0.032428721112140804,0.9994396480063187,-0.00829264975967427,-0.28018845054932423,-0.0038037029406562902,0.008173543599987907,0.9999593616887429,0.16339927896511958,0.0,0.0,0.0,1.0]}}}},"objects":{"-1":{"object_data":{"bbox":[{"name":"box2D0_left","coordinate_system":"CAM_LEFT","val":[710.79,181.955,91.26,50.19]},{"name":"box2D1_left","coordinate_system":"CAM_LEFT","val":[456.97,182.585,280.56,38.05]},{"name":"box2D2_left","coordinate_system":"CAM_LEFT","val":[630.225,169.07000000000002,43.65,27.16]}],"cuboid":[{"name":"box3D","coordinate_system":"CAM_LEFT","val":[-10.0,499.0,-1.0,0,-1.0,0,-1000.0,-1000.0,-1000.0]}],"num":[{"name":"truncated","val":-1.0},{"name":"occluded","val":-1},{"name":"alpha","val":-10.0}]}},"1":{"object_data":{"bbox":[{"name":"box2D_left","coordinate_system":"CAM_LEFT","val":[791.9699999999999,191.045,25.34,61.89]},{"name":"box2D_right","coordinate_system":"CAM_RIGHT","val":[776,159,26,61]}],"cuboid":[{"name":"box3D","coordinate_system":"CAM_LEFT","val":[5.24,0.51,21.0,0,1.57,0,0.82,1.76,0.57]}],"num":[{"name":"truncated","val":0.0},{"name":"occluded","val":0},{"name":"alpha","val":1.33}]}},"2":{"object_data":{"bbox":[{"name":"box2D_left","coordinate_system":"CAM_LEFT","val":[817.89,192.635,20.0,59.45]},{"name":"box2D_right","coordinate_system":"CAM_RIGHT","val":[804,162,23,59]}],"cuboid":[{"name":"box3D","coordinate_system":"CAM_LEFT","val":[5.89,0.55,20.55,0,1.54,0,0.59,1.66,0.5]}],"num":[{"name":"truncated","val":0.0},{"name":"occluded","val":0},{"name":"alpha","val":1.26}]}},"4":{"object_data":{"bbox":[{"name":"box2D_left","coordinate_system":"CAM_LEFT","val":[210.34,194.095,18.0,57.39]},{"name":"box2D_right","coordinate_system":"CAM_RIGHT","val":[193,165,28,57]}],"cuboid":[{"name":"box3D","coordinate_system":"CAM_LEFT","val":[-13.6,0.71,24.43,0,2.4,0,0.73,1.9,0.56]}],"num":[{"name":"truncated","val":0.0},{"name":"occluded","val":0},{"name":"alpha","val":2.91}]}},"-2":{}}},"13":{"frame_properties":{"transforms":{"vehicle-iso8855_to_odom":{"src":"vehicle-iso8855","dst":"odom","transform_src_to_dst":{"matrix4x4":[0.9994635051330072,0.03266725122606345,0.0023563965236509683,9.171982365588919,-0.03265008405328253,0.9994424077464135,-0.0069889633970614895,-0.3126184917297176,-0.002583392838304562,0.006908277309513291,0.9999728005231229,0.17561198391442365,0.0,0.0,0.0,1.0]}}}},"objects":{"-1":{"object_data":{"bbox":[{"name":"box2D0_left","coordinate_system":"CAM_LEFT","val":[712.6650000000001,183.24,93.67,50.76]},{"name":"box2D1_left","coordinate_system":"CAM_LEFT","val":[453.92499999999995,183.66,285.45,39.12]},{"name":"box2D2_left","coordinate_system":"CAM_LEFT","val":[628.29,170.05,45.6,25.22]}],"cuboid":[{"name":"box3D","coordinate_system":"CAM_LEFT","val":[-10.0,499.0,-1.0,0,-1.0,0,-1000.0,-1000.0,-1000.0]}],"num":[{"name":"truncated","val":-1.0},{"name":"occluded","val":-1},{"name":"alpha","val":-10.0}]}},"1":{"object_data":{"bbox":[{"name":"box2D_left","coordinate_system":"CAM_LEFT","val":[799.675,193.385,27.33,64.49]},{"name":"box2D_right","coordinate_system":"CAM_RIGHT","val":[782,160,28,64]}],"cuboid":[{"name":"box3D","coordinate_system":"CAM_LEFT","val":[5.23,0.55,20.17,0,1.57,0,0.82,1.76,0.57]}],"num":[{"name":"truncated","val":0.0},{"name":"occluded","val":0},{"name":"alpha","val":1.32}]}},"2":{"object_data":{"bbox":[{"name":"box2D_left","coordinate_system":"CAM_LEFT","val":[827.425,194.16,21.53,61.98]},{"name":"box2D_right","coordinate_system":"CAM_RIGHT","val":[812,162,25,61]}],"cuboid":[{"name":"box3D","coordinate_system":"CAM_LEFT","val":[5.88,0.56,19.72,0,1.54,0,0.59,1.66,0.5]}],"num":[{"name":"truncated","val":0.0},{"name":"occluded","val":0},{"name":"alpha","val":1.25}]}},"4":{"object_data":{"bbox":[{"name":"box2D_left","coordinate_system":"CAM_LEFT","val":[197.14999999999998,196.20499999999998,20.4,58.97]},{"name":"box2D_right","coordinate_system":"CAM_RIGHT","val":[180,166,29,58]}],"cuboid":[{"name":"box3D","coordinate_system":"CAM_LEFT","val":[-13.68,0.76,23.79,0,2.41,0,0.73,1.9,0.56]}],"num":[{"name":"truncated","val":0.0},{"name":"occluded","val":0},{"name":"alpha","val":2.93}]}},"-2":{}}},"14":{"frame_properties":{"transforms":{"vehicle-iso8855_to_odom":{"src":"vehicle-iso8855","dst":"odom","transform_src_to_dst":{"matrix4x4":[0.9994979873748177,0.031682379858360976,-6.3402558364000685e-06,9.859036491030034,-0.03168167706795702,0.9994744425837145,-0.006863669582273176,-0.3453723340806766,-0.0002111204632599277,0.006860424803425729,0.9999764447224075,0.18006072028298506,0.0,0.0,0.0,1.0]}}}},"objects":{"-1":{"object_data":{"bbox":[{"name":"box2D0_left","coordinate_system":"CAM_LEFT","val":[715.565,185.145,96.25,51.43]},{"name":"box2D1_left","coordinate_system":"CAM_LEFT","val":[451.715,185.63,290.39,39.86]},{"name":"box2D2_left","coordinate_system":"CAM_LEFT","val":[628.29,170.05,45.6,25.22]}],"cuboid":[{"name":"box3D","coordinate_system":"CAM_LEFT","val":[-10.0,499.0,-1.0,0,-1.0,0,-1000.0,-1000.0,-1000.0]}],"num":[{"name":"truncated","val":-1.0},{"name":"occluded","val":-1},{"name":"alpha","val":-10.0}]}},"1":{"object_data":{"bbox":[{"name":"box2D_left","coordinate_system":"CAM_LEFT","val":[806.77,195.92499999999998,28.0,67.33]},{"name":"box2D_right","coordinate_system":"CAM_RIGHT","val":[790,162,29,67]}],"cuboid":[{"name":"box3D","coordinate_system":"CAM_LEFT","val":[5.23,0.61,19.34,0,1.57,0,0.82,1.76,0.57]}],"num":[{"name":"truncated","val":0.0},{"name":"occluded","val":0},{"name":"alpha","val":1.31}]}},"2":{"object_data":{"bbox":[{"name":"box2D_left","coordinate_system":"CAM_LEFT","val":[837.09,196.88,22.0,64.74]},{"name":"box2D_right","coordinate_system":"CAM_RIGHT","val":[821,164,26,64]}],"cuboid":[{"name":"box3D","coordinate_system":"CAM_LEFT","val":[5.89,0.62,18.89,0,1.54,0,0.59,1.66,0.5]}],"num":[{"name":"truncated","val":0.0},{"name":"occluded","val":0},{"name":"alpha","val":1.24}]}},"4":{"object_data":{"bbox":[{"name":"box2D_left","coordinate_system":"CAM_LEFT","val":[182.935,198.445,22.33,60.65]},{"name":"box2D_right","coordinate_system":"CAM_RIGHT","val":[165,168,29,60]}],"cuboid":[{"name":"box3D","coordinate_system":"CAM_LEFT","val":[-13.76,0.81,23.14,0,2.41,0,0.73,1.9,0.56]}],"num":[{"name":"truncated","val":0.0},{"name":"occluded","val":0},{"name":"alpha","val":2.95}]}},"-2":{}}},"15":{"frame_properties":{"transforms":{"vehicle-iso8855_to_odom":{"src":"vehicle-iso8855","dst":"odom","transform_src_to_dst":{"matrix4x4":[0.9995341863778515,0.030296108433502004,-0.0036818576496634196,10.616996141690851,-0.03032000608833649,0.9995183331482371,-0.00661807610811744,-0.38033174882606846,0.003479582269487977,0.0067266272644680375,0.9999713220852258,0.18335612158454254,0.0,0.0,0.0,1.0]}}}},"objects":{"-1":{"object_data":{"bbox":[{"name":"box2D0_left","coordinate_system":"CAM_LEFT","val":[719.13,187.965,99.28,52.07]},{"name":"box2D1_left","coordinate_system":"CAM_LEFT","val":[449.445,188.57,295.99,40.74]},{"name":"box2D2_left","coordinate_system":"CAM_LEFT","val":[627.805,173.445,38.81,26.19]}],"cuboid":[{"name":"box3D","coordinate_system":"CAM_LEFT","val":[-10.0,499.0,-1.0,0,-1.0,0,-1000.0,-1000.0,-1000.0]}],"num":[{"name":"truncated","val":-1.0},{"name":"occluded","val":-1},{"name":"alpha","val":-10.0}]}},"1":{"object_data":{"bbox":[{"name":"box2D_left","coordinate_system":"CAM_LEFT","val":[816.505,199.02,31.67,70.44]},{"name":"box2D_right","coordinate_system":"CAM_RIGHT","val":[799,164,31,70]}],"cuboid":[{"name":"box3D","coordinate_system":"CAM_LEFT","val":[5.26,0.66,18.5,0,1.57,0,0.82,1.76,0.57]}],"num":[{"name":"truncated","val":0.0},{"name":"occluded","val":0},{"name":"alpha","val":1.29}]}},"2":{"object_data":{"bbox":[{"name":"box2D_left","coordinate_system":"CAM_LEFT","val":[848.605,199.85,25.47,67.76]},{"name":"box2D_right","coordinate_system":"CAM_RIGHT","val":[831,165,28,67]}],"cuboid":[{"name":"box3D","coordinate_system":"CAM_LEFT","val":[5.9,0.66,18.05,0,1.54,0,0.59,1.66,0.5]}],"num":[{"name":"truncated","val":0.0},{"name":"occluded","val":0},{"name":"alpha","val":1.23}]}},"4":{"object_data":{"bbox":[{"name":"box2D_left","coordinate_system":"CAM_LEFT","val":[168.01999999999998,200.81,23.22,62.42]},{"name":"box2D_right","coordinate_system":"CAM_RIGHT","val":[150,169,30,62]}],"cuboid":[{"name":"box3D","coordinate_system":"CAM_LEFT","val":[-13.84,0.86,22.5,0,2.42,0,0.73,1.9,0.56]}],"num":[{"name":"truncated","val":0.0},{"name":"occluded","val":0},{"name":"alpha","val":2.96}]}},"-2":{}}},"16":{"frame_properties":{"transforms":{"vehicle-iso8855_to_odom":{"src":"vehicle-iso8855","dst":"odom","transform_src_to_dst":{"matrix4x4":[0.9995508743434725,0.029391986050027484,-0.0058447202871346575,11.306337032508905,-0.029416760994111984,0.9995584136123556,-0.004199041481874039,-0.41043254179751976,0.0057187211695575516,0.004369088324375782,0.9999741033123799,0.18428342658584318,0.0,0.0,0.0,1.0]}}}},"objects":{"-1":{"object_data":{"bbox":[{"name":"box2D0_left","coordinate_system":"CAM_LEFT","val":[722.25,190.605,102.2,53.83]},{"name":"box2D1_left","coordinate_system":"CAM_LEFT","val":[447.015,190.015,301.25,42.21]},{"name":"box2D2_left","coordinate_system":"CAM_LEFT","val":[631.1999999999999,177.32999999999998,47.56,26.2]}],"cuboid":[{"name":"box3D","coordinate_system":"CAM_LEFT","val":[-10.0,499.0,-1.0,0,-1.0,0,-1000.0,-1000.0,-1000.0]}],"num":[{"name":"truncated","val":-1.0},{"name":"occluded","val":-1},{"name":"alpha","val":-10.0}]}},"1":{"object_data":{"bbox":[{"name":"box2D_left","coordinate_system":"CAM_LEFT","val":[826.075,202.42000000000002,33.67,73.86]},{"name":"box2D_right","coordinate_system":"CAM_RIGHT","val":[809,165,33,73]}],"cuboid":[{"name":"box3D","coordinate_system":"CAM_LEFT","val":[5.29,0.71,17.67,0,1.57,0,0.82,1.76,0.57]}],"num":[{"name":"truncated","val":0.0},{"name":"occluded","val":0},{"name":"alpha","val":1.28}]}},"2":{"object_data":{"bbox":[{"name":"box2D_left","coordinate_system":"CAM_LEFT","val":[861.63,203.615,27.66,71.05]},{"name":"box2D_right","coordinate_system":"CAM_RIGHT","val":[844,168,30,70]}],"cuboid":[{"name":"box3D","coordinate_system":"CAM_LEFT","val":[5.96,0.72,17.23,0,1.54,0,0.59,1.66,0.5]}],"num":[{"name":"truncated","val":0.0},{"name":"occluded","val":0},{"name":"alpha","val":1.21}]}},"4":{"object_data":{"bbox":[{"name":"box2D_left","coordinate_system":"CAM_LEFT","val":[152.25,202.895,23.5,64.63]},{"name":"box2D_right","coordinate_system":"CAM_RIGHT","val":[134,170,31,64]}],"cuboid":[{"name":"box3D","coordinate_system":"CAM_LEFT","val":[-13.83,0.89,21.74,0,2.42,0,0.73,1.9,0.56]}],"num":[{"name":"truncated","val":0.0},{"name":"occluded","val":0},{"name":"alpha","val":2.98}]}},"-2":{}}},"17":{"frame_properties":{"transforms":{"vehicle-iso8855_to_odom":{"src":"vehicle-iso8855","dst":"odom","transform_src_to_dst":{"matrix4x4":[0.9995896750471891,0.028186238980078687,-0.005100732419201644,12.06761268006636,-0.02818206173229456,0.9996024115037327,0.0008889951854553514,-0.4403746782108588,0.005123761857418619,-0.0007448812526299744,0.9999865960183405,0.1931886725805735,0.0,0.0,0.0,1.0]}}}},"objects":{"-1":{"object_data":{"bbox":[{"name":"box2D0_left","coordinate_system":"CAM_LEFT","val":[726.04,192.22,105.62,56.62]},{"name":"box2D1_left","coordinate_system":"CAM_LEFT","val":[444.46,189.065,307.14,44.63]},{"name":"box2D2_left","coordinate_system":"CAM_LEFT","val":[631.1999999999999,177.32999999999998,47.56,26.2]}],"cuboid":[{"name":"box3D","coordinate_system":"CAM_LEFT","val":[-10.0,499.0,-1.0,0,-1.0,0,-1000.0,-1000.0,-1000.0]}],"num":[{"name":"truncated","val":-1.0},{"name":"occluded","val":-1},{"name":"alpha","val":-10.0}]}},"1":{"object_data":{"bbox":[{"name":"box2D_left","coordinate_system":"CAM_LEFT","val":[840.435,203.785,33.29,77.63]},{"name":"box2D_right","coordinate_system":"CAM_RIGHT","val":[819,164,35,77]}],"cuboid":[{"name":"box3D","coordinate_system":"CAM_LEFT","val":[5.31,0.7,16.82,0,1.57,0,0.82,1.76,0.57]}],"num":[{"name":"truncated","val":0.0},{"name":"occluded","val":0},{"name":"alpha","val":1.27}]}},"2":{"object_data":{"bbox":[{"name":"box2D_left","coordinate_system":"CAM_LEFT","val":[876.8399999999999,206.75,27.58,74.66]},{"name":"box2D_right","coordinate_system":"CAM_RIGHT","val":[857,169,31,74]}],"cuboid":[{"name":"box3D","coordinate_system":"CAM_LEFT","val":[6.0,0.76,16.42,0,1.54,0,0.59,1.66,0.5]}],"num":[{"name":"truncated","val":0.0},{"name":"occluded","val":0},{"name":"alpha","val":1.2}]}},"4":{"object_data":{"bbox":[{"name":"box2D_left","coordinate_system":"CAM_LEFT","val":[136.54,200.88,25.64,66.94]},{"name":"box2D_right","coordinate_system":"CAM_RIGHT","val":[118,167,32,66]}],"cuboid":[{"name":"box3D","coordinate_system":"CAM_LEFT","val":[-13.83,0.8,21.01,0,2.43,0,0.73,1.9,0.56]}],"num":[{"name":"truncated","val":0.0},{"name":"occluded","val":0},{"name":"alpha","val":3.0}]}},"-2":{}}},"18":{"frame_properties":{"transforms":{"vehicle-iso8855_to_odom":{"src":"vehicle-iso8855","dst":"odom","transform_src_to_dst":{"matrix4x4":[0.9996108492053889,0.02774696887242559,-0.0028733028511051576,12.759785630789324,-0.027744901877952234,0.9996147496541601,0.0007567652433988443,-0.4689452515559428,0.0028931938518403965,-0.0006767512419334913,0.9999955857088029,0.2060565896775496,0.0,0.0,0.0,1.0]}}}},"objects":{"-1":{"object_data":{"bbox":[{"name":"box2D0_left","coordinate_system":"CAM_LEFT","val":[729.1450000000001,191.81,108.89,59.26]},{"name":"box2D1_left","coordinate_system":"CAM_LEFT","val":[441.405,187.815,313.07,45.49]},{"name":"box2D2_left","coordinate_system":"CAM_LEFT","val":[631.1999999999999,177.32999999999998,47.56,26.2]}],"cuboid":[{"name":"box3D","coordinate_system":"CAM_LEFT","val":[-10.0,499.0,-1.0,0,-1.0,0,-1000.0,-1000.0,-1000.0]}],"num":[{"name":"truncated","val":-1.0},{"name":"occluded","val":-1},{"name":"alpha","val":-10.0}]}},"1":{"object_data":{"bbox":[{"name":"box2D_left","coordinate_system":"CAM_LEFT","val":[854.745,205.29500000000002,30.67,81.79]},{"name":"box2D_right","coordinate_system":"CAM_RIGHT","val":[831,164,38,81]}],"cuboid":[{"name":"box3D","coordinate_system":"CAM_LEFT","val":[5.34,0.7,15.99,0,1.57,0,0.82,1.76,0.57]}],"num":[{"name":"truncated","val":0.0},{"name":"occluded","val":0},{"name":"alpha","val":1.25}]}},"2":{"object_data":{"bbox":[{"name":"box2D_left","coordinate_system":"CAM_LEFT","val":[890.6500000000001,206.36,25.66,78.66]},{"name":"box2D_right","coordinate_system":"CAM_RIGHT","val":[871,167,34,78]}],"cuboid":[{"name":"box3D","coordinate_system":"CAM_LEFT","val":[6.02,0.71,15.6,0,1.54,0,0.59,1.66,0.5]}],"num":[{"name":"truncated","val":0.0},{"name":"occluded","val":0},{"name":"alpha","val":1.18}]}},"4":{"object_data":{"bbox":[{"name":"box2D_left","coordinate_system":"CAM_LEFT","val":[116.94,200.22,27.0,67.92]},{"name":"box2D_right","coordinate_system":"CAM_RIGHT","val":[97,166,33,67]}],"cuboid":[{"name":"box3D","coordinate_system":"CAM_LEFT","val":[-14.21,0.77,20.71,0,2.43,0,0.73,1.9,0.56]}],"num":[{"name":"truncated","val":0.0},{"name":"occluded","val":0},{"name":"alpha","val":3.03}]}},"-2":{}}},"19":{"frame_properties":{"transforms":{"vehicle-iso8855_to_odom":{"src":"vehicle-iso8855","dst":"odom","transform_src_to_dst":{"matrix4x4":[0.9996441771545055,0.026673971470033895,0.00013537764719999572,13.45242138908012,-0.026673866422229776,0.999643925429489,-0.0007260867795299905,-0.5003244613283787,-0.00015469706070435517,0.0007222173759880482,0.9999997272354033,0.21697808011991093,0.0,0.0,0.0,1.0]}}}},"objects":{"-1":{"object_data":{"bbox":[{"name":"box2D0_left","coordinate_system":"CAM_LEFT","val":[732.855,190.23000000000002,112.39,61.28]},{"name":"box2D1_left","coordinate_system":"CAM_LEFT","val":[438.65999999999997,186.15,319.2,45.94]},{"name":"box2D2_left","coordinate_system":"CAM_LEFT","val":[631.1999999999999,177.32999999999998,47.56,26.2]}],"cuboid":[{"name":"box3D","coordinate_system":"CAM_LEFT","val":[-10.0,499.0,-1.0,0,-1.0,0,-1000.0,-1000.0,-1000.0]}],"num":[{"name":"truncated","val":-1.0},{"name":"occluded","val":-1},{"name":"alpha","val":-10.0}]}},"1":{"object_data":{"bbox":[{"name":"box2D_left","coordinate_system":"CAM_LEFT","val":[869.3299999999999,204.26500000000001,35.82,86.43]},{"name":"box2D_right","coordinate_system":"CAM_RIGHT","val":[844,161,40,86]}],"cuboid":[{"name":"box3D","coordinate_system":"CAM_LEFT","val":[5.35,0.64,15.15,0,1.57,0,0.82,1.76,0.57]}],"num":[{"name":"truncated","val":0.0},{"name":"occluded","val":0},{"name":"alpha","val":1.23}]}},"2":{"object_data":{"bbox":[{"name":"box2D_left","coordinate_system":"CAM_LEFT","val":[911.36,205.14999999999998,28.44,83.1]},{"name":"box2D_right","coordinate_system":"CAM_RIGHT","val":[886,163,36,82]}],"cuboid":[{"name":"box3D","coordinate_system":"CAM_LEFT","val":[6.04,0.65,14.78,0,1.55,0,0.59,1.66,0.5]}],"num":[{"name":"truncated","val":0.0},{"name":"occluded","val":0},{"name":"alpha","val":1.17}]}},"4":{"object_data":{"bbox":[{"name":"box2D_left","coordinate_system":"CAM_LEFT","val":[97.77499999999999,199.285,27.85,70.55]},{"name":"box2D_right","coordinate_system":"CAM_RIGHT","val":[77,164,34,70]}],"cuboid":[{"name":"box3D","coordinate_system":"CAM_LEFT","val":[-14.24,0.72,19.95,0,2.43,0,0.73,1.9,0.56]}],"num":[{"name":"truncated","val":0.0},{"name":"occluded","val":0},{"name":"alpha","val":3.05}]}},"-2":{}}},"20":{"frame_properties":{"transforms":{"vehicle-iso8855_to_odom":{"src":"vehicle-iso8855","dst":"odom","transform_src_to_dst":{"matrix4x4":[0.9996364773774455,0.026414563247021107,0.005402216663609507,14.216407353414288,-0.026406578114729545,0.9996500928863455,-0.0015441582142709848,-0.5322292489293112,-0.005441114654383678,0.0014009428215069962,0.9999842156906921,0.2285550923869464,0.0,0.0,0.0,1.0]}}}},"objects":{"-1":{"object_data":{"bbox":[{"name":"box2D0_left","coordinate_system":"CAM_LEFT","val":[736.485,187.5,116.49,64.12]},{"name":"box2D1_left","coordinate_system":"CAM_LEFT","val":[434.765,182.74,326.37,46.74]},{"name":"box2D2_left","coordinate_system":"CAM_LEFT","val":[633.14,169.555,43.68,28.13]}],"cuboid":[{"name":"box3D","coordinate_system":"CAM_LEFT","val":[-10.0,499.0,-1.0,0,-1.0,0,-1000.0,-1000.0,-1000.0]}],"num":[{"name":"truncated","val":-1.0},{"name":"occluded","val":-1},{"name":"alpha","val":-10.0}]}},"1":{"object_data":{"bbox":[{"name":"box2D_left","coordinate_system":"CAM_LEFT","val":[883.4250000000001,203.115,38.67,91.63]},{"name":"box2D_right","coordinate_system":"CAM_RIGHT","val":[858,156,44,91]}],"cuboid":[{"name":"box3D","coor