{"openlabel":{"metadata":{"schema_version":"1.0.0"},"coordinate_systems":{"odom":{"type":"scene_cs","parent":"","children":["vehicle-iso8855"]},"vehicle-iso8855":{"type":"local_cs","parent":"odom","children":["VELO_TOP","IMU"]},"VELO_TOP":{"type":"sensor_cs","parent":"vehicle-iso8855","children":["CAM_LEFT","CAM_RIGHT"],"pose_wrt_parent":{"matrix4x4":[1.0,0.0,0.0,0.76,0.0,1.0,0.0,0.0,0.0,0.0,1.0,1.73,0.0,0.0,0.0,1.0]}},"IMU":{"type":"sensor_cs","parent":"vehicle-iso8855","children":[],"pose_wrt_parent":{"matrix4x4":[1.0,0.0,0.0,-0.05,0.0,1.0,0.0,0.32,0.0,0.0,1.0,0.93,0.0,0.0,0.0,1.0]}},"CAM_LEFT":{"type":"sensor_cs","parent":"VELO_TOP","children":[],"pose_wrt_parent":{"matrix4x4":[0.00023477336244722335,0.010449405831956193,0.9999453632367953,0.2729034268115415,-0.9999442001630205,0.010565354842876283,0.00012436569234822647,-0.001969265862949749,-0.010563477335159157,-0.9998895968819285,0.010451304556842098,-0.07228590051542844,0.0,0.0,0.0,1.0]}},"CAM_RIGHT":{"type":"sensor_cs","parent":"VELO_TOP","children":[],"pose_wrt_parent":{"matrix4x4":[0.00023477336244722335,0.010449405831956193,0.9999453632367953,0.2729034268115415,-0.9999442001630205,0.010565354842876283,0.00012436569234822647,-0.001969265862949749,-0.010563477335159157,-0.9998895968819285,0.010451304556842098,-0.07228590051542844,0.0,0.0,0.0,1.0]}}},"frames":{"0":{"frame_properties":{"transforms":{"vehicle-iso8855_to_odom":{"src":"vehicle-iso8855","dst":"odom","transform_src_to_dst":{"matrix4x4":[0.9999999999999998,-1.457167719820518e-16,-5.204170427930419e-18,-4.6566128730773915e-10,2.076247160309741e-17,1.0000000000000002,-1.0805144072758465e-34,-9.66827925438872e-27,7.203429381838977e-35,3.469446951953614e-18,0.9999999999999998,-3.3543581989775304e-44,0.0,0.0,0.0,1.0]}}}},"objects":{"-1":{"object_data":{"bbox":[{"name":"box2D0_left","coordinate_system":"CAM_LEFT","val":[424.625,183.315,23.95,18.75]},{"name":"box2D1_left","coordinate_system":"CAM_LEFT","val":[457.955,179.66,21.87,15.62]},{"name":"box2D2_left","coordinate_system":"CAM_LEFT","val":[491.81,177.055,25.0,14.57]}],"cuboid":[{"name":"box3D","coordinate_system":"CAM_LEFT","val":[-10.0,499.0,-1.0,0,-1.0,0,-1000.0,-1000.0,-1000.0]}],"num":[{"name":"truncated","val":-1.0},{"name":"occluded","val":-1},{"name":"alpha","val":-10.0}]}},"0":{"object_data":{"bbox":[{"name":"box2D_left","coordinate_system":"CAM_LEFT","val":[280.62,189.35999999999999,51.84,27.94]},{"name":"box2D_right","coordinate_system":"CAM_RIGHT","val":[272,189,52,27]}],"cuboid":[{"name":"box3D","coordinate_system":"CAM_LEFT","val":[-21.19,1.04,46.49,0,-1.53,0,3.54,1.71,1.62]}],"num":[{"name":"truncated","val":0.0},{"name":"occluded","val":0},{"name":"alpha","val":-1.11}]}},"1":{"object_data":{"bbox":[{"name":"box2D_left","coordinate_system":"CAM_LEFT","val":[340.60499999999996,185.86,34.29,19.86]},{"name":"box2D_right","coordinate_system":"CAM_RIGHT","val":[334,185,34,19]}],"cuboid":[{"name":"box3D","coordinate_system":"CAM_LEFT","val":[-21.47,1.02,57.57,0,-1.59,0,3.5,1.52,1.5]}],"num":[{"name":"truncated","val":0.0},{"name":"occluded","val":0},{"name":"alpha","val":-1.24}]}},"31":{"object_data":{"bbox":[{"name":"box2D_left","coordinate_system":"CAM_LEFT","val":[591.615,191.57,36.47,36.34]},{"name":"box2D_right","coordinate_system":"CAM_RIGHT","val":[579,191,35,36]}],"cuboid":[{"name":"box3D","coordinate_system":"CAM_LEFT","val":[-0.91,0.85,34.79,0,-1.59,0,4.5,1.62,1.62]}],"num":[{"name":"truncated","val":0.0},{"name":"occluded","val":0},{"name":"alpha","val":-1.56}]}},"-2":{}}},"1":{"frame_properties":{"transforms":{"vehicle-iso8855_to_odom":{"src":"vehicle-iso8855","dst":"odom","transform_src_to_dst":{"matrix4x4":[0.9999985564860472,-0.0012859518250429513,0.001110564597461176,1.7608275781559017,0.0012844589116307245,0.9999982719778141,0.0013439518930642934,0.008770538778188113,-0.001112290935770567,-0.001342523478456829,0.999998480218637,0.019581069423073524,0.0,0.0,0.0,1.0]}}}},"objects":{"-1":{"object_data":{"bbox":[{"name":"box2D0_left","coordinate_system":"CAM_LEFT","val":[424.625,183.315,23.95,18.75]},{"name":"box2D1_left","coordinate_system":"CAM_LEFT","val":[457.955,179.66,21.87,15.62]},{"name":"box2D2_left","coordinate_system":"CAM_LEFT","val":[493.375,176.01500000000001,30.21,10.41]}],"cuboid":[{"name":"box3D","coordinate_system":"CAM_LEFT","val":[-10.0,499.0,-1.0,0,-1.0,0,-1000.0,-1000.0,-1000.0]}],"num":[{"name":"truncated","val":-1.0},{"name":"occluded","val":-1},{"name":"alpha","val":-10.0}]}},"0":{"object_data":{"bbox":[{"name":"box2D_left","coordinate_system":"CAM_LEFT","val":[268.32,188.755,54.54,29.09]},{"name":"box2D_right","coordinate_system":"CAM_RIGHT","val":[259,188,55,28]}],"cuboid":[{"name":"box3D","coordinate_system":"CAM_LEFT","val":[-21.15,0.96,44.74,0,-1.54,0,3.54,1.71,1.62]}],"num":[{"name":"truncated","val":0.0},{"name":"occluded","val":0},{"name":"alpha","val":-1.1}]}},"1":{"object_data":{"bbox":[{"name":"box2D_left","coordinate_system":"CAM_LEFT","val":[333.245,185.65,35.87,20.5]},{"name":"box2D_right","coordinate_system":"CAM_RIGHT","val":[326,185,36,20]}],"cuboid":[{"name":"box3D","coordinate_system":"CAM_LEFT","val":[-21.39,0.97,55.84,0,-1.59,0,3.5,1.52,1.5]}],"num":[{"name":"truncated","val":0.0},{"name":"occluded","val":0},{"name":"alpha","val":-1.23}]}},"31":{"object_data":{"bbox":[{"name":"box2D_left","coordinate_system":"CAM_LEFT","val":[591.745,191.36,36.67,36.54]},{"name":"box2D_right","coordinate_system":"CAM_RIGHT","val":[579,191,36,36]}],"cuboid":[{"name":"box3D","coordinate_system":"CAM_LEFT","val":[-0.9,0.84,34.61,0,-1.59,0,4.5,1.62,1.62]}],"num":[{"name":"truncated","val":0.0},{"name":"occluded","val":0},{"name":"alpha","val":-1.56}]}},"-2":{}}},"2":{"frame_properties":{"transforms":{"vehicle-iso8855_to_odom":{"src":"vehicle-iso8855","dst":"odom","transform_src_to_dst":{"matrix4x4":[0.9999963194638158,-0.0024394011350283933,0.0011875945956895428,3.518538392796085,0.0024365985682231364,0.9999942569970371,0.002355623136478832,0.019057338784254328,-0.0011933340850830876,-0.002352720775231151,0.9999965203233033,0.03627076250242068,0.0,0.0,0.0,1.0]}}}},"objects":{"-1":{"object_data":{"bbox":[{"name":"box2D0_left","coordinate_system":"CAM_LEFT","val":[493.375,176.01500000000001,30.21,10.41]},{"name":"box2D1_left","coordinate_system":"CAM_LEFT","val":[413.685,182.26999999999998,22.91,14.58]},{"name":"box2D2_left","coordinate_system":"CAM_LEFT","val":[448.57500000000005,177.055,36.45,14.57]}],"cuboid":[{"name":"box3D","coordinate_system":"CAM_LEFT","val":[-10.0,499.0,-1.0,0,-1.0,0,-1000.0,-1000.0,-1000.0]}],"num":[{"name":"truncated","val":-1.0},{"name":"occluded","val":-1},{"name":"alpha","val":-10.0}]}},"0":{"object_data":{"bbox":[{"name":"box2D_left","coordinate_system":"CAM_LEFT","val":[255.01000000000002,188.1,57.54,30.32]},{"name":"box2D_right","coordinate_system":"CAM_RIGHT","val":[246,188,58,29]}],"cuboid":[{"name":"box3D","coordinate_system":"CAM_LEFT","val":[-21.11,0.88,43.0,0,-1.55,0,3.54,1.71,1.62]}],"num":[{"name":"truncated","val":0.0},{"name":"occluded","val":0},{"name":"alpha","val":-1.09}]}},"1":{"object_data":{"bbox":[{"name":"box2D_left","coordinate_system":"CAM_LEFT","val":[325.41,185.43,37.58,21.18]},{"name":"box2D_right","coordinate_system":"CAM_RIGHT","val":[318,185,38,21]}],"cuboid":[{"name":"box3D","coordinate_system":"CAM_LEFT","val":[-21.31,0.93,54.1,0,-1.59,0,3.5,1.52,1.5]}],"num":[{"name":"truncated","val":0.0},{"name":"occluded","val":0},{"name":"alpha","val":-1.22}]}},"31":{"object_data":{"bbox":[{"name":"box2D_left","coordinate_system":"CAM_LEFT","val":[591.885,191.145,36.87,36.73]},{"name":"box2D_right","coordinate_system":"CAM_RIGHT","val":[579,191,36,36]}],"cuboid":[{"name":"box3D","coordinate_system":"CAM_LEFT","val":[-0.89,0.83,34.45,0,-1.59,0,4.5,1.62,1.62]}],"num":[{"name":"truncated","val":0.0},{"name":"occluded","val":0},{"name":"alpha","val":-1.56}]}},"-2":{}}},"3":{"frame_properties":{"transforms":{"vehicle-iso8855_to_odom":{"src":"vehicle-iso8855","dst":"odom","transform_src_to_dst":{"matrix4x4":[0.9999909420688619,-0.0035904242425434194,0.0022857458276409177,5.448465720980452,0.0035809264090593974,0.999984994274459,0.004145864441067115,0.03360458864424185,-0.0023005969405618704,-0.004137641800513904,0.9999887935242314,0.053174617861468126,0.0,0.0,0.0,1.0]}}}},"objects":{"-1":{"object_data":{"bbox":[{"name":"box2D0_left","coordinate_system":"CAM_LEFT","val":[493.375,176.01500000000001,30.21,10.41]},{"name":"box2D1_left","coordinate_system":"CAM_LEFT","val":[413.685,182.26999999999998,22.91,14.58]},{"name":"box2D2_left","coordinate_system":"CAM_LEFT","val":[448.57500000000005,177.055,36.45,14.57]}],"cuboid":[{"name":"box3D","coordinate_system":"CAM_LEFT","val":[-10.0,499.0,-1.0,0,-1.0,0,-1000.0,-1000.0,-1000.0]}],"num":[{"name":"truncated","val":-1.0},{"name":"occluded","val":-1},{"name":"alpha","val":-10.0}]}},"0":{"object_data":{"bbox":[{"name":"box2D_left","coordinate_system":"CAM_LEFT","val":[240.565,187.38500000000002,60.91,31.67]},{"name":"box2D_right","coordinate_system":"CAM_RIGHT","val":[231,187,61,31]}],"cuboid":[{"name":"box3D","coordinate_system":"CAM_LEFT","val":[-21.08,0.81,41.25,0,-1.55,0,3.54,1.71,1.62]}],"num":[{"name":"truncated","val":0.0},{"name":"occluded","val":0},{"name":"alpha","val":-1.08}]}},"1":{"object_data":{"bbox":[{"name":"box2D_left","coordinate_system":"CAM_LEFT","val":[316.64,187.73499999999999,40.44,21.95]},{"name":"box2D_right","coordinate_system":"CAM_RIGHT","val":[309,187,40,21]}],"cuboid":[{"name":"box3D","coordinate_system":"CAM_LEFT","val":[-21.22,1.06,52.25,0,-1.57,0,3.5,1.52,1.5]}],"num":[{"name":"truncated","val":0.0},{"name":"occluded","val":0},{"name":"alpha","val":-1.18}]}},"31":{"object_data":{"bbox":[{"name":"box2D_left","coordinate_system":"CAM_LEFT","val":[592.025,190.93,37.07,36.94]},{"name":"box2D_right","coordinate_system":"CAM_RIGHT","val":[580,191,36,36]}],"cuboid":[{"name":"box3D","coordinate_system":"CAM_LEFT","val":[-0.87,0.81,34.27,0,-1.59,0,4.5,1.62,1.62]}],"num":[{"name":"truncated","val":0.0},{"name":"occluded","val":0},{"name":"alpha","val":-1.56}]}},"-2":{}}},"4":{"frame_properties":{"transforms":{"vehicle-iso8855_to_odom":{"src":"vehicle-iso8855","dst":"odom","transform_src_to_dst":{"matrix4x4":[0.9999837422904004,-0.004571877679281935,0.003407798317277019,7.199548169624294,0.004553551650297577,0.9999752343729391,0.005366172579619795,0.048459769639792656,-0.003432247405654733,-0.005350567752292815,0.9999797953471231,0.06708956166719146,0.0,0.0,0.0,1.0]}}}},"objects":{"-1":{"object_data":{"bbox":[{"name":"box2D0_left","coordinate_system":"CAM_LEFT","val":[493.375,176.01500000000001,30.21,10.41]},{"name":"box2D1_left","coordinate_system":"CAM_LEFT","val":[413.685,182.26999999999998,22.91,14.58]},{"name":"box2D2_left","coordinate_system":"CAM_LEFT","val":[448.57500000000005,177.055,36.45,14.57]}],"cuboid":[{"name":"box3D","coordinate_system":"CAM_LEFT","val":[-10.0,499.0,-1.0,0,-1.0,0,-1000.0,-1000.0,-1000.0]}],"num":[{"name":"truncated","val":-1.0},{"name":"occluded","val":-1},{"name":"alpha","val":-10.0}]}},"0":{"object_data":{"bbox":[{"name":"box2D_left","coordinate_system":"CAM_LEFT","val":[224.835,186.605,64.69,33.13]},{"name":"box2D_right","coordinate_system":"CAM_RIGHT","val":[215,186,65,32]}],"cuboid":[{"name":"box3D","coordinate_system":"CAM_LEFT","val":[-21.04,0.73,39.5,0,-1.56,0,3.54,1.71,1.62]}],"num":[{"name":"truncated","val":0.0},{"name":"occluded","val":0},{"name":"alpha","val":-1.07}]}},"1":{"object_data":{"bbox":[{"name":"box2D_left","coordinate_system":"CAM_LEFT","val":[307.185,183.68,43.53,22.78]},{"name":"box2D_right","coordinate_system":"CAM_RIGHT","val":[299,183,43,22]}],"cuboid":[{"name":"box3D","coordinate_system":"CAM_LEFT","val":[-21.13,0.74,50.41,0,-1.55,0,3.5,1.52,1.5]}],"num":[{"name":"truncated","val":0.0},{"name":"occluded","val":0},{"name":"alpha","val":-1.15}]}},"31":{"object_data":{"bbox":[{"name":"box2D_left","coordinate_system":"CAM_LEFT","val":[592.17,190.72,37.28,37.14]},{"name":"box2D_right","coordinate_system":"CAM_RIGHT","val":[580,191,36,36]}],"cuboid":[{"name":"box3D","coordinate_system":"CAM_LEFT","val":[-0.86,0.81,34.09,0,-1.59,0,4.5,1.62,1.62]}],"num":[{"name":"truncated","val":0.0},{"name":"occluded","val":0},{"name":"alpha","val":-1.56}]}},"-2":{}}},"5":{"frame_properties":{"transforms":{"vehicle-iso8855_to_odom":{"src":"vehicle-iso8855","dst":"odom","transform_src_to_dst":{"matrix4x4":[0.9999786292288446,-0.005599297524941291,0.0033747522615939106,8.947553091770384,0.005577230106816638,0.999963235083783,0.006513292954470667,0.06462848167922333,-0.0034110980542289447,-0.006494331990461053,0.9999730936690555,0.07938507961467872,0.0,0.0,0.0,1.0]}}}},"objects":{"-1":{"object_data":{"bbox":[{"name":"box2D0_left","coordinate_system":"CAM_LEFT","val":[407.44,178.62,25.0,17.7]},{"name":"box2D1_left","coordinate_system":"CAM_LEFT","val":[443.375,174.98,34.37,12.5]},{"name":"box2D2_left","coordinate_system":"CAM_LEFT","val":[490.245,173.415,34.37,13.53]}],"cuboid":[{"name":"box3D","coordinate_system":"CAM_LEFT","val":[-10.0,499.0,-1.0,0,-1.0,0,-1000.0,-1000.0,-1000.0]}],"num":[{"name":"truncated","val":-1.0},{"name":"occluded","val":-1},{"name":"alpha","val":-10.0}]}},"0":{"object_data":{"bbox":[{"name":"box2D_left","coordinate_system":"CAM_LEFT","val":[207.64,185.75,68.96,34.74]},{"name":"box2D_right","coordinate_system":"CAM_RIGHT","val":[197,186,69,34]}],"cuboid":[{"name":"box3D","coordinate_system":"CAM_LEFT","val":[-21.0,0.66,37.76,0,-1.57,0,3.54,1.71,1.62]}],"num":[{"name":"truncated","val":0.0},{"name":"occluded","val":0},{"name":"alpha","val":-1.06}]}},"1":{"object_data":{"bbox":[{"name":"box2D_left","coordinate_system":"CAM_LEFT","val":[296.9,183.135,45.94,23.63]},{"name":"box2D_right","coordinate_system":"CAM_RIGHT","val":[289,183,46,23]}],"cuboid":[{"name":"box3D","coordinate_system":"CAM_LEFT","val":[-21.08,0.68,48.65,0,-1.54,0,3.5,1.52,1.5]}],"num":[{"name":"truncated","val":0.0},{"name":"occluded","val":0},{"name":"alpha","val":-1.14}]}},"31":{"object_data":{"bbox":[{"name":"box2D_left","coordinate_system":"CAM_LEFT","val":[592.315,190.5,37.49,37.34]},{"name":"box2D_right","coordinate_system":"CAM_RIGHT","val":[580,190,36,36]}],"cuboid":[{"name":"box3D","coordinate_system":"CAM_LEFT","val":[-0.85,0.79,33.92,0,-1.59,0,4.5,1.62,1.62]}],"num":[{"name":"truncated","val":0.0},{"name":"occluded","val":0},{"name":"alpha","val":-1.56}]}},"-2":{}}},"6":{"frame_properties":{"transforms":{"vehicle-iso8855_to_odom":{"src":"vehicle-iso8855","dst":"odom","transform_src_to_dst":{"matrix4x4":[0.9999729664524735,-0.0067414196635847265,0.0029359198148078388,10.86585474581975,0.006718363371991473,0.9999470612355902,0.0077934793198335475,0.08343091599287256,-0.0029883035055749104,-0.007773544058293049,0.9999653204261298,0.09227752486771339,0.0,0.0,0.0,1.0]}}}},"objects":{"-1":{"object_data":{"bbox":[{"name":"box2D0_left","coordinate_system":"CAM_LEFT","val":[407.44,178.62,25.0,17.7]},{"name":"box2D1_left","coordinate_system":"CAM_LEFT","val":[443.375,174.98,34.37,12.5]},{"name":"box2D2_left","coordinate_system":"CAM_LEFT","val":[490.245,173.415,34.37,13.53]}],"cuboid":[{"name":"box3D","coordinate_system":"CAM_LEFT","val":[-10.0,499.0,-1.0,0,-1.0,0,-1000.0,-1000.0,-1000.0]}],"num":[{"name":"truncated","val":-1.0},{"name":"occluded","val":-1},{"name":"alpha","val":-10.0}]}},"0":{"object_data":{"bbox":[{"name":"box2D_left","coordinate_system":"CAM_LEFT","val":[188.405,186.54,73.87,36.52]},{"name":"box2D_right","coordinate_system":"CAM_RIGHT","val":[177,186,74,36]}],"cuboid":[{"name":"box3D","coordinate_system":"CAM_LEFT","val":[-20.98,0.66,36.0,0,-1.57,0,3.54,1.71,1.62]}],"num":[{"name":"truncated","val":0.0},{"name":"occluded","val":0},{"name":"alpha","val":-1.05}]}},"1":{"object_data":{"bbox":[{"name":"box2D_left","coordinate_system":"CAM_LEFT","val":[285.85,184.69,48.58,24.56]},{"name":"box2D_right","coordinate_system":"CAM_RIGHT","val":[277,184,49,24]}],"cuboid":[{"name":"box3D","coordinate_system":"CAM_LEFT","val":[-21.03,0.75,46.89,0,-1.54,0,3.5,1.52,1.5]}],"num":[{"name":"truncated","val":0.0},{"name":"occluded","val":0},{"name":"alpha","val":-1.12}]}},"31":{"object_data":{"bbox":[{"name":"box2D_left","coordinate_system":"CAM_LEFT","val":[592.44,190.775,37.7,37.55]},{"name":"box2D_right","coordinate_system":"CAM_RIGHT","val":[580,191,37,37]}],"cuboid":[{"name":"box3D","coordinate_system":"CAM_LEFT","val":[-0.84,0.8,33.74,0,-1.59,0,4.5,1.62,1.62]}],"num":[{"name":"truncated","val":0.0},{"name":"occluded","val":0},{"name":"alpha","val":-1.56}]}},"-2":{}}},"7":{"frame_properties":{"transforms":{"vehicle-iso8855_to_odom":{"src":"vehicle-iso8855","dst":"odom","transform_src_to_dst":{"matrix4x4":[0.9999670533870489,-0.00798231667708149,0.0014747070519230765,12.606269774755624,0.007969413972091608,0.9999316282241717,0.008557296179203411,0.10134716791615722,-0.001542913271585097,-0.008545261694293949,0.9999622982498952,0.10543373194279455,0.0,0.0,0.0,1.0]}}}},"objects":{"-1":{"object_data":{"bbox":[{"name":"box2D0_left","coordinate_system":"CAM_LEFT","val":[490.245,173.415,34.37,13.53]},{"name":"box2D1_left","coordinate_system":"CAM_LEFT","val":[400.145,182.795,31.25,17.71]},{"name":"box2D2_left","coordinate_system":"CAM_LEFT","val":[441.99,175.38000000000002,37.84,14.54]}],"cuboid":[{"name":"box3D","coordinate_system":"CAM_LEFT","val":[-10.0,499.0,-1.0,0,-1.0,0,-1000.0,-1000.0,-1000.0]}],"num":[{"name":"truncated","val":-1.0},{"name":"occluded","val":-1},{"name":"alpha","val":-10.0}]}},"0":{"object_data":{"bbox":[{"name":"box2D_left","coordinate_system":"CAM_LEFT","val":[167.185,187.415,79.49,38.49]},{"name":"box2D_right","coordinate_system":"CAM_RIGHT","val":[156,187,80,38]}],"cuboid":[{"name":"box3D","coordinate_system":"CAM_LEFT","val":[-20.95,0.67,34.24,0,-1.58,0,3.54,1.71,1.62]}],"num":[{"name":"truncated","val":0.0},{"name":"occluded","val":0},{"name":"alpha","val":-1.03}]}},"1":{"object_data":{"bbox":[{"name":"box2D_left","coordinate_system":"CAM_LEFT","val":[274.12,185.94,51.46,25.54]},{"name":"box2D_right","coordinate_system":"CAM_RIGHT","val":[265,186,51,25]}],"cuboid":[{"name":"box3D","coordinate_system":"CAM_LEFT","val":[-20.98,0.8,45.15,0,-1.54,0,3.5,1.52,1.5]}],"num":[{"name":"truncated","val":0.0},{"name":"occluded","val":0},{"name":"alpha","val":-1.1}]}},"31":{"object_data":{"bbox":[{"name":"box2D_left","coordinate_system":"CAM_LEFT","val":[592.57,191.06,37.9,37.76]},{"name":"box2D_right","coordinate_system":"CAM_RIGHT","val":[580,191,37,37]}],"cuboid":[{"name":"box3D","coordinate_system":"CAM_LEFT","val":[-0.83,0.81,33.57,0,-1.59,0,4.5,1.62,1.62]}],"num":[{"name":"truncated","val":0.0},{"name":"occluded","val":0},{"name":"alpha","val":-1.56}]}},"-2":{}}},"8":{"frame_properties":{"transforms":{"vehicle-iso8855_to_odom":{"src":"vehicle-iso8855","dst":"odom","transform_src_to_dst":{"matrix4x4":[0.9999597144768397,-0.008970363541559903,-0.0003193764691457054,14.343658816003515,0.008972835865514025,0.999920697761052,0.008836651265133154,0.12192179453245978,0.00024008316753840485,-0.008839160988650903,0.9999609050323364,0.12165971290991125,0.0,0.0,0.0,1.0]}}}},"objects":{"-1":{"object_data":{"bbox":[{"name":"box2D0_left","coordinate_system":"CAM_LEFT","val":[400.145,182.795,31.25,17.71]},{"name":"box2D1_left","coordinate_system":"CAM_LEFT","val":[438.595,177.32000000000002,38.81,18.42]},{"name":"box2D2_left","coordinate_system":"CAM_LEFT","val":[484.685,176.835,32.01,13.57]}],"cuboid":[{"name":"box3D","coordinate_system":"CAM_LEFT","val":[-10.0,499.0,-1.0,0,-1.0,0,-1000.0,-1000.0,-1000.0]}],"num":[{"name":"truncated","val":-1.0},{"name":"occluded","val":-1},{"name":"alpha","val":-10.0}]}},"0":{"object_data":{"bbox":[{"name":"box2D_left","coordinate_system":"CAM_LEFT","val":[143.645,188.39,85.99,40.7]},{"name":"box2D_right","coordinate_system":"CAM_RIGHT","val":[131,188,87,40]}],"cuboid":[{"name":"box3D","coordinate_system":"CAM_LEFT","val":[-20.93,0.67,32.49,0,-1.58,0,3.54,1.71,1.62]}],"num":[{"name":"truncated","val":0.0},{"name":"occluded","val":0},{"name":"alpha","val":-1.02}]}},"1":{"object_data":{"bbox":[{"name":"box2D_left","coordinate_system":"CAM_LEFT","val":[261.45,187.24,54.64,26.6]},{"name":"box2D_right","coordinate_system":"CAM_RIGHT","val":[252,187,55,26]}],"cuboid":[{"name":"box3D","coordinate_system":"CAM_LEFT","val":[-20.93,0.85,43.41,0,-1.54,0,3.5,1.52,1.5]}],"num":[{"name":"truncated","val":0.0},{"name":"occluded","val":0},{"name":"alpha","val":-1.09}]}},"31":{"object_data":{"bbox":[{"name":"box2D_left","coordinate_system":"CAM_LEFT","val":[592.9599999999999,192.34,38.12,37.98]},{"name":"box2D_right","coordinate_system":"CAM_RIGHT","val":[580,192,37,37]}],"cuboid":[{"name":"box3D","coordinate_system":"CAM_LEFT","val":[-0.81,0.85,33.39,0,-1.59,0,4.5,1.62,1.62]}],"num":[{"name":"truncated","val":0.0},{"name":"occluded","val":0},{"name":"alpha","val":-1.56}]}},"-2":{}}},"9":{"frame_properties":{"transforms":{"vehicle-iso8855_to_odom":{"src":"vehicle-iso8855","dst":"odom","transform_src_to_dst":{"matrix4x4":[0.9999464354567109,-0.010173338336257451,-0.0019050996072264284,16.25161982387372,0.010190156044453638,0.999907246626594,0.009036529389855786,0.14600551253000135,0.0018129912319426549,-0.009055458614563966,0.9999573549567363,0.1434883518223946,0.0,0.0,0.0,1.0]}}}},"objects":{"-1":{"object_data":{"bbox":[{"name":"box2D0_left","coordinate_system":"CAM_LEFT","val":[438.595,177.32000000000002,38.81,18.42]},{"name":"box2D1_left","coordinate_system":"CAM_LEFT","val":[484.685,176.835,32.01,13.57]},{"name":"box2D2_left","coordinate_system":"CAM_LEFT","val":[390.56500000000005,184.12,26.19,14.56]}],"cuboid":[{"name":"box3D","coordinate_system":"CAM_LEFT","val":[-10.0,499.0,-1.0,0,-1.0,0,-1000.0,-1000.0,-1000.0]}],"num":[{"name":"truncated","val":-1.0},{"name":"occluded","val":-1},{"name":"alpha","val":-10.0}]}},"0":{"object_data":{"bbox":[{"name":"box2D_left","coordinate_system":"CAM_LEFT","val":[117.525,189.905,94.15,43.21]},{"name":"box2D_right","coordinate_system":"CAM_RIGHT","val":[105,190,95,42]}],"cuboid":[{"name":"box3D","coordinate_system":"CAM_LEFT","val":[-20.88,0.7,30.71,0,-1.58,0,3.54,1.71,1.62]}],"num":[{"name":"truncated","val":0.0},{"name":"occluded","val":0},{"name":"alpha","val":-0.99}]}},"1":{"object_data":{"bbox":[{"name":"box2D_left","coordinate_system":"CAM_LEFT","val":[247.71999999999997,189.345,58.16,27.75]},{"name":"box2D_right","coordinate_system":"CAM_RIGHT","val":[238,189,59,27]}],"cuboid":[{"name":"box3D","coordinate_system":"CAM_LEFT","val":[-20.88,0.93,41.67,0,-1.53,0,3.5,1.52,1.5]}],"num":[{"name":"truncated","val":0.0},{"name":"occluded","val":0},{"name":"alpha","val":-1.07}]}},"31":{"object_data":{"bbox":[{"name":"box2D_left","coordinate_system":"CAM_LEFT","val":[593.355,193.63,38.33,38.2]},{"name":"box2D_right","coordinate_system":"CAM_RIGHT","val":[581,193,37,38]}],"cuboid":[{"name":"box3D","coordinate_system":"CAM_LEFT","val":[-0.78,0.9,33.21,0,-1.59,0,4.5,1.62,1.62]}],"num":[{"name":"truncated","val":0.0},{"name":"occluded","val":0},{"name":"alpha","val":-1.56}]}},"-2":{}}},"10":{"frame_properties":{"transforms":{"vehicle-iso8855_to_odom":{"src":"vehicle-iso8855","dst":"odom","transform_src_to_dst":{"matrix4x4":[0.9999332549853671,-0.011296780299358239,-0.002422463464420877,17.982404820226062,0.011318153917957425,0.9998954552414333,0.008998776551105866,0.17054264131246136,0.002320553006901992,-0.00902559374198422,0.9999565759028474,0.16678259498244932,0.0,0.0,0.0,1.0]}}}},"objects":{"-1":{"object_data":{"bbox":[{"name":"box2D0_left","coordinate_system":"CAM_LEFT","val":[484.685,176.835,32.01,13.57]},{"name":"box2D1_left","coordinate_system":"CAM_LEFT","val":[435.68499999999995,179.26500000000001,38.81,20.37]}],"cuboid":[{"name":"box3D","coordinate_system":"CAM_LEFT","val":[-10.0,499.0,-1.0,0,-1.0,0,-1000.0,-1000.0,-1000.0]}],"num":[{"name":"truncated","val":-1.0},{"name":"occluded","val":-1},{"name":"alpha","val":-10.0}]}},"0":{"object_data":{"bbox":[{"name":"box2D_left","coordinate_system":"CAM_LEFT","val":[88.145,191.625,103.69,46.05]},{"name":"box2D_right","coordinate_system":"CAM_RIGHT","val":[74,192,105,45]}],"cuboid":[{"name":"box3D","coordinate_system":"CAM_LEFT","val":[-20.83,0.72,28.92,0,-1.58,0,3.54,1.71,1.62]}],"num":[{"name":"truncated","val":0.0},{"name":"occluded","val":0},{"name":"alpha","val":-0.96}]}},"1":{"object_data":{"bbox":[{"name":"box2D_left","coordinate_system":"CAM_LEFT","val":[232.38,190.35500000000002,61.68,29.05]},{"name":"box2D_right","coordinate_system":"CAM_RIGHT","val":[222,190,62,29]}],"cuboid":[{"name":"box3D","coordinate_system":"CAM_LEFT","val":[-20.83,0.94,39.89,0,-1.54,0,3.5,1.52,1.5]}],"num":[{"name":"truncated","val":0.0},{"name":"occluded","val":0},{"name":"alpha","val":-1.06}]}},"2":{"object_data":{"bbox":[{"name":"box2D_left","coordinate_system":"CAM_LEFT","val":[386.72999999999996,185.12,28.92,15.54]},{"name":"box2D_right","coordinate_system":"CAM_RIGHT","val":[381,185,28,15]}],"cuboid":[{"name":"box3D","coordinate_system":"CAM_LEFT","val":[-21.86,1.18,70.72,0,1.59,0,3.02,1.47,1.82]}],"num":[{"name":"truncated","val":0.0},{"name":"occluded","val":0},{"name":"alpha","val":1.89}]}},"31":{"object_data":{"bbox":[{"name":"box2D_left","coordinate_system":"CAM_LEFT","val":[593.755,194.94,38.55,38.42]},{"name":"box2D_right","coordinate_system":"CAM_RIGHT","val":[581,195,38,38]}],"cuboid":[{"name":"box3D","coordinate_system":"CAM_LEFT","val":[-0.76,0.96,33.04,0,-1.58,0,4.5,1.62,1.62]}],"num":[{"name":"truncated","val":0.0},{"name":"occluded","val":0},{"name":"alpha","val":-1.56}]}},"-2":{}}},"11":{"frame_properties":{"transforms":{"vehicle-iso8855_to_odom":{"src":"vehicle-iso8855","dst":"odom","transform_src_to_dst":{"matrix4x4":[0.9999175289083041,-0.012334159895187748,-0.003578251191629797,19.709569747418605,0.012365318264652831,0.9998846435479857,0.008820345862349133,0.19629385399894797,0.0034690468610708396,-0.008863864653612103,0.9999546977824937,0.19178440720985954,0.0,0.0,0.0,1.0]}}}},"objects":{"-1":{"object_data":{"bbox":[{"name":"box2D0_left","coordinate_system":"CAM_LEFT","val":[484.685,176.835,32.01,13.57]},{"name":"box2D1_left","coordinate_system":"CAM_LEFT","val":[435.68499999999995,179.26500000000001,38.81,20.37]}],"cuboid":[{"name":"box3D","coordinate_system":"CAM_LEFT","val":[-10.0,499.0,-1.0,0,-1.0,0,-1000.0,-1000.0,-1000.0]}],"num":[{"name":"truncated","val":-1.0},{"name":"occluded","val":-1},{"name":"alpha","val":-10.0}]}},"0":{"object_data":{"bbox":[{"name":"box2D_left","coordinate_system":"CAM_LEFT","val":[56.175,193.57,112.35,49.26]},{"name":"box2D_right","coordinate_system":"CAM_RIGHT","val":[40,193,116,48]}],"cuboid":[{"name":"box3D","coordinate_system":"CAM_LEFT","val":[-20.78,0.74,27.14,0,-1.58,0,3.54,1.71,1.62]}],"num":[{"name":"truncated","val":0.0},{"name":"occluded","val":0},{"name":"alpha","val":-0.93}]}},"1":{"object_data":{"bbox":[{"name":"box2D_left","coordinate_system":"CAM_LEFT","val":[215.595,191.465,65.67,30.49]},{"name":"box2D_right","coordinate_system":"CAM_RIGHT","val":[205,191,66,30]}],"cuboid":[{"name":"box3D","coordinate_system":"CAM_LEFT","val":[-20.78,0.95,38.11,0,-1.55,0,3.5,1.52,1.5]}],"num":[{"name":"truncated","val":0.0},{"name":"occluded","val":0},{"name":"alpha","val":-1.05}]}},"2":{"object_data":{"bbox":[{"name":"box2D_left","coordinate_system":"CAM_LEFT","val":[381.78000000000003,185.55,29.84,15.94]},{"name":"box2D_right","coordinate_system":"CAM_RIGHT","val":[376,185,29,15]}],"cuboid":[{"name":"box3D","coordinate_system":"CAM_LEFT","val":[-21.78,1.19,68.94,0,1.59,0,3.02,1.47,1.82]}],"num":[{"name":"truncated","val":0.0},{"name":"occluded","val":0},{"name":"alpha","val":1.9}]}},"31":{"object_data":{"bbox":[{"name":"box2D_left","coordinate_system":"CAM_LEFT","val":[594.13,195.1,38.78,38.64]},{"name":"box2D_right","coordinate_system":"CAM_RIGHT","val":[581,195,38,38]}],"cuboid":[{"name":"box3D","coordinate_system":"CAM_LEFT","val":[-0.74,0.96,32.86,0,-1.58,0,4.5,1.62,1.62]}],"num":[{"name":"truncated","val":0.0},{"name":"occluded","val":0},{"name":"alpha","val":-1.56}]}},"-2":{}}},"12":{"frame_properties":{"transforms":{"vehicle-iso8855_to_odom":{"src":"vehicle-iso8855","dst":"odom","transform_src_to_dst":{"matrix4x4":[0.9999044654148463,-0.013312883807273673,-0.003718490040859837,21.605281511699534,0.013343390629061784,0.9998764957674121,0.008303441358901252,0.22724090292021343,0.003607488041589391,-0.008352265358241144,0.9999586119902238,0.22053486584040974,0.0,0.0,0.0,1.0]}}}},"objects":{"-1":{"object_data":{"bbox":[{"name":"box2D0_left","coordinate_system":"CAM_LEFT","val":[430.345,180.24,41.71,16.5]},{"name":"box2D1_left","coordinate_system":"CAM_LEFT","val":[475.945,178.775,24.25,13.57]},{"name":"box2D2_left","coordinate_system":"CAM_LEFT","val":[397.355,176.83999999999997,20.37,21.34]}],"cuboid":[{"name":"box3D","coordinate_system":"CAM_LEFT","val":[-10.0,499.0,-1.0,0,-1.0,0,-1000.0,-1000.0,-1000.0]}],"num":[{"name":"truncated","val":-1.0},{"name":"occluded","val":-1},{"name":"alpha","val":-10.0}]}},"0":{"object_data":{"bbox":[{"name":"box2D_left","coordinate_system":"CAM_LEFT","val":[40.535,195.57500000000002,81.07,52.49]},{"name":"box2D_right","coordinate_system":"CAM_RIGHT","val":[1,196,130,52]}],"cuboid":[{"name":"box3D","coordinate_system":"CAM_LEFT","val":[-20.73,0.76,25.35,0,-1.58,0,3.54,1.71,1.62]}],"num":[{"name":"truncated","val":0.0},{"name":"occluded","val":0},{"name":"alpha","val":-0.89}]}},"1":{"object_data":{"bbox":[{"name":"box2D_left","coordinate_system":"CAM_LEFT","val":[197.15,192.69,70.2,32.06]},{"name":"box2D_right","coordinate_system":"CAM_RIGHT","val":[186,192,71,32]}],"cuboid":[{"name":"box3D","coordinate_system":"CAM_LEFT","val":[-20.73,0.96,36.32,0,-1.56,0,3.5,1.52,1.5]}],"num":[{"name":"truncated","val":0.0},{"name":"occluded","val":0},{"name":"alpha","val":-1.04}]}},"2":{"object_data":{"bbox":[{"name":"box2D_left","coordinate_system":"CAM_LEFT","val":[376.59000000000003,185.37,30.82,16.38]},{"name":"box2D_right","coordinate_system":"CAM_RIGHT","val":[370,185,30,16]}],"cuboid":[{"name":"box3D","coordinate_system":"CAM_LEFT","val":[-21.71,1.15,67.17,0,1.59,0,3.02,1.47,1.82]}],"num":[{"name":"truncated","val":0.0},{"name":"occluded","val":0},{"name":"alpha","val":1.9}]}},"31":{"object_data":{"bbox":[{"name":"box2D_left","coordinate_system":"CAM_LEFT","val":[594.51,195.26000000000002,39.0,38.86]},{"name":"box2D_right","coordinate_system":"CAM_RIGHT","val":[581,195,38,38]}],"cuboid":[{"name":"box3D","coordinate_system":"CAM_LEFT","val":[-0.72,0.97,32.69,0,-1.58,0,4.5,1.62,1.62]}],"num":[{"name":"truncated","val":0.0},{"name":"occluded","val":0},{"name":"alpha","val":-1.56}]}},"-2":{}}},"13":{"frame_properties":{"transforms":{"vehicle-iso8855_to_odom":{"src":"vehicle-iso8855","dst":"odom","transform_src_to_dst":{"matrix4x4":[0.9998971451326721,-0.01405584621312727,-0.0028517262779709073,23.325166456136053,0.014080475089025801,0.9998620658196328,0.00880849341054727,0.25696051184768787,0.0027275220986961225,-0.008847741074943852,0.999957138131966,0.24560762934320113,0.0,0.0,0.0,1.0]}}}},"objects":{"-1":{"object_data":{"bbox":[{"name":"box2D0_left","coordinate_system":"CAM_LEFT","val":[430.345,180.24,41.71,16.5]},{"name":"box2D1_left","coordinate_system":"CAM_LEFT","val":[475.945,178.775,24.25,13.57]},{"name":"box2D2_left","coordinate_system":"CAM_LEFT","val":[394.935,176.83999999999997,21.35,21.34]}],"cuboid":[{"name":"box3D","coordinate_system":"CAM_LEFT","val":[-10.0,499.0,-1.0,0,-1.0,0,-1000.0,-1000.0,-1000.0]}],"num":[{"name":"truncated","val":-1.0},{"name":"occluded","val":-1},{"name":"alpha","val":-10.0}]}},"0":{"object_data":{"bbox":[{"name":"box2D_left","coordinate_system":"CAM_LEFT","val":[22.69,196.91500000000002,45.38,52.79]},{"name":"box2D_right","coordinate_system":"CAM_RIGHT","val":[-43,199,147,56]}],"cuboid":[{"name":"box3D","coordinate_system":"CAM_LEFT","val":[-20.68,0.79,23.57,0,-1.57,0,3.54,1.71,1.62]}],"num":[{"name":"truncated","val":1.0},{"name":"occluded","val":0},{"name":"alpha","val":-0.86}]}},"1":{"object_data":{"bbox":[{"name":"box2D_left","coordinate_system":"CAM_LEFT","val":[176.78500000000003,194.045,75.41,33.81]},{"name":"box2D_right","coordinate_system":"CAM_RIGHT","val":[165,194,76,33]}],"cuboid":[{"name":"box3D","coordinate_system":"CAM_LEFT","val":[-20.68,0.98,34.54,0,-1.57,0,3.5,1.52,1.5]}],"num":[{"name":"truncated","val":0.0},{"name":"occluded","val":0},{"name":"alpha","val":-1.03}]}},"2":{"object_data":{"bbox":[{"name":"box2D_left","coordinate_system":"CAM_LEFT","val":[371.12,185.185,31.86,16.83]},{"name":"box2D_right","coordinate_system":"CAM_RIGHT","val":[365,185,31,16]}],"cuboid":[{"name":"box3D","coordinate_system":"CAM_LEFT","val":[-21.63,1.1,65.4,0,1.59,0,3.02,1.47,1.82]}],"num":[{"name":"truncated","val":0.0},{"name":"occluded","val":0},{"name":"alpha","val":1.91}]}},"31":{"object_data":{"bbox":[{"name":"box2D_left","coordinate_system":"CAM_LEFT","val":[594.895,195.425,39.23,39.09]},{"name":"box2D_right","coordinate_system":"CAM_RIGHT","val":[582,195,38,39]}],"cuboid":[{"name":"box3D","coordinate_system":"CAM_LEFT","val":[-0.7,0.97,32.51,0,-1.58,0,4.5,1.62,1.62]}],"num":[{"name":"truncated","val":0.0},{"name":"occluded","val":0},{"name":"alpha","val":-1.56}]}},"-2":{}}},"14":{"frame_properties":{"transforms":{"vehicle-iso8855_to_odom":{"src":"vehicle-iso8855","dst":"odom","transform_src_to_dst":{"matrix4x4":[0.9998926925901515,-0.014602739507105039,-0.0011676059713322615,25.042049227376413,0.01461268986283745,0.999852510755454,0.009023637347961817,0.2881184475428844,0.0010356639364107595,-0.009039730908751665,0.9999586044758593,0.2705820566219774,0.0,0.0,0.0,1.0]}}}},"objects":{"-1":{"object_data":{"bbox":[{"name":"box2D0_left","coordinate_system":"CAM_LEFT","val":[475.945,178.775,24.25,13.57]},{"name":"box2D1_left","coordinate_system":"CAM_LEFT","val":[425.985,178.29000000000002,40.75,18.42]},{"name":"box2D2_left","coordinate_system":"CAM_LEFT","val":[390.565,173.93,22.31,25.22]}],"cuboid":[{"name":"box3D","coordinate_system":"CAM_LEFT","val":[-10.0,499.0,-1.0,0,-1.0,0,-1000.0,-1000.0,-1000.0]}],"num":[{"name":"truncated","val":-1.0},{"name":"occluded","val":-1},{"name":"alpha","val":-10.0}]}},"1":{"object_data":{"bbox":[{"name":"box2D_left","coordinate_system":"CAM_LEFT","val":[153.26,194.27,82.38,35.74]},{"name":"box2D_right","coordinate_system":"CAM_RIGHT","val":[141,194,83,35]}],"cuboid":[{"name":"box3D","coordinate_system":"CAM_LEFT","val":[-20.68,0.93,32.76,0,-1.56,0,3.5,1.52,1.5]}],"num":[{"name":"truncated","val":0.0},{"name":"occluded","val":0},{"name":"alpha","val":-1.0}]}},"2":{"object_data":{"bbox":[{"name":"box2D_left","coordinate_system":"CAM_LEFT","val":[365.345,184.98000000000002,32.99,17.3]},{"name":"box2D_right","coordinate_system":"CAM_RIGHT","val":[359,184,33,17]}],"cuboid":[{"name":"box3D","coordinate_system":"CAM_LEFT","val":[-21.56,1.05,63.63,0,1.59,0,3.02,1.47,1.82]}],"num":[{"name":"truncated","val":0.0},{"name":"occluded","val":0},{"name":"alpha","val":1.91}]}},"31":{"object_data":{"bbox":[{"name":"box2D_left","coordinate_system":"CAM_LEFT","val":[594.96,194.345,39.46,39.31]},{"name":"box2D_right","coordinate_system":"CAM_RIGHT","val":[582,194,39,39]}],"cuboid":[{"name":"box3D","coordinate_system":"CAM_LEFT","val":[-0.69,0.92,32.33,0,-1.58,0,4.5,1.62,1.62]}],"num":[{"name":"truncated","val":0.0},{"name":"occluded","val":0},{"name":"alpha","val":-1.56}]}},"-2":{}}},"15":{"frame_properties":{"transforms":{"vehicle-iso8855_to_odom":{"src":"vehicle-iso8855","dst":"odom","transform_src_to_dst":{"matrix4x4":[0.999891189459396,-0.014746206256995348,-0.00039829951029317004,26.926215274308554,0.014749423816181904,0.9998423545265609,0.009885372621891618,0.32532016412443937,0.00025246497656862565,-0.009890171677435652,0.9999510591852117,0.29474695120457917,0.0,0.0,0.0,1.0]}}}},"objects":{"-1":{"object_data":{"bbox":[{"name":"box2D0_left","coordinate_system":"CAM_LEFT","val":[475.945,178.775,24.25,13.57]},{"name":"box2D1_left","coordinate_system":"CAM_LEFT","val":[425.985,178.29000000000002,40.75,18.42]},{"name":"box2D2_left","coordinate_system":"CAM_LEFT","val":[386.68499999999995,175.86999999999998,22.31,21.34]}],"cuboid":[{"name":"box3D","coordinate_system":"CAM_LEFT","val":[-10.0,499.0,-1.0,0,-1.0,0,-1000.0,-1000.0,-1000.0]}],"num":[{"name":"truncated","val":-1.0},{"name":"occluded","val":-1},{"name":"alpha","val":-10.0}]}},"1":{"object_data":{"bbox":[{"name":"box2D_left","coordinate_system":"CAM_LEFT","val":[127.02000000000001,194.51,90.42,37.9]},{"name":"box2D_right","coordinate_system":"CAM_RIGHT","val":[114,194,91,37]}],"cuboid":[{"name":"box3D","coordinate_system":"CAM_LEFT","val":[-20.67,0.88,30.99,0,-1.55,0,3.5,1.52,1.5]}],"num":[{"name":"truncated","val":0.0},{"name":"occluded","val":0},{"name":"alpha","val":-0.97}]}},"2":{"object_data":{"bbox":[{"name":"box2D_left","coordinate_system":"CAM_LEFT","val":[358.415,184.115,34.35,17.75]},{"name":"box2D_right","coordinate_system":"CAM_RIGHT","val":[352,184,34,17]}],"cuboid":[{"name":"box3D","coordinate_system":"CAM_LEFT","val":[-21.63,0.95,62.09,0,1.59,0,3.02,1.47,1.82]}],"num":[{"name":"truncated","val":0.0},{"name":"occluded","val":0},{"name":"alpha","val":1.93}]}},"31":{"object_data":{"bbox":[{"name":"box2D_left","coordinate_system":"CAM_LEFT","val":[595.025,193.25,39.69,39.54]},{"name":"box2D_right","coordinate_system":"CAM_RIGHT","val":[582,193,39,39]}],"cuboid":[{"name":"box3D","coordinate_system":"CAM_LEFT","val":[-0.68,0.86,32.15,0,-1.58,0,4.5,1.62,1.62]}],"num":[{"name":"truncated","val":0.0},{"name":"occluded","val":0},{"name":"alpha","val":-1.56}]}},"-2":{}}},"16":{"frame_properties":{"transforms":{"vehicle-iso8855_to_odom":{"src":"vehicle-iso8855","dst":"odom","transform_src_to_dst":{"matrix4x4":[0.9998914934566379,-0.014721948762165493,0.0005153035007878808,28.636602917153137,0.014715988298021633,0.999840587932653,0.010111301147678968,0.3593236818266493,-0.0006640794126064636,-0.010102620805055014,0.9999487467122516,0.31708448691842556,0.0,0.0,0.0,1.0]}}}},"objects":{"-1":{"object_data":{"bbox":[{"name":"box2D0_left","coordinate_system":"CAM_LEFT","val":[475.945,178.775,24.25,13.57]},{"name":"box2D1_left","coordinate_system":"CAM_LEFT","val":[418.705,177.32000000000002,39.79,16.48]},{"name":"box2D2_left","coordinate_system":"CAM_LEFT","val":[382.795,173.935,30.07,29.11]}],"cuboid":[{"name":"box3D","coordinate_system":"CAM_LEFT","val":[-10.0,499.0,-1.0,0,-1.0,0,-1000.0,-1000.0,-1000.0]}],"num":[{"name":"truncated","val":-1.0},{"name":"occluded","val":-1},{"name":"alpha","val":-10.0}]}},"1":{"object_data":{"bbox":[{"name":"box2D_left","coordinate_system":"CAM_LEFT","val":[97.56,194.79000000000002,99.8,40.34]},{"name":"box2D_right","coordinate_system":"CAM_RIGHT","val":[84,195,101,40]}],"cuboid":[{"name":"box3D","coordinate_system":"CAM_LEFT","val":[-20.67,0.85,29.22,0,-1.55,0,3.5,1.52,1.5]}],"num":[{"name":"truncated","val":0.0},{"name":"occluded","val":0},{"name":"alpha","val":-0.94}]}},"2":{"object_data":{"bbox":[{"name":"box2D_left","coordinate_system":"CAM_LEFT","val":[351.135,184.69,35.79,18.22]},{"name":"box2D_right","coordinate_system":"CAM_RIGHT","val":[344,184,35,18]}],"cuboid":[{"name":"box3D","coordinate_system":"CAM_LEFT","val":[-21.7,0.98,60.54,0,1.6,0,3.02,1.47,1.82]}],"num":[{"name":"truncated","val":0.0},{"name":"occluded","val":0},{"name":"alpha","val":1.95}]}},"31":{"object_data":{"bbox":[{"name":"box2D_left","coordinate_system":"CAM_LEFT","val":[594.94,193.41500000000002,39.94,39.79]},{"name":"box2D_right","coordinate_system":"CAM_RIGHT","val":[582,193,39,39]}],"cuboid":[{"name":"box3D","coordinate_system":"CAM_LEFT","val":[-0.68,0.86,31.97,0,-1.58,0,4.5,1.62,1.62]}],"num":[{"name":"truncated","val":0.0},{"name":"occluded","val":0},{"name":"alpha","val":-1.56}]}},"-2":{}}},"17":{"frame_properties":{"transforms":{"vehicle-iso8855_to_odom":{"src":"vehicle-iso8855","dst":"odom","transform_src_to_dst":{"matrix4x4":[0.9998916114564923,-0.014711490664943982,0.0005808453787654556,30.34324024261967,0.014704881883640185,0.9998409350763888,0.01009311618685660