{"openlabel":{"metadata":{"schema_version":"1.0.0"},"coordinate_systems":{"odom":{"type":"scene_cs","parent":"","children":["vehicle-iso8855"]},"vehicle-iso8855":{"type":"local_cs","parent":"odom","children":["VELO_TOP","IMU"]},"VELO_TOP":{"type":"sensor_cs","parent":"vehicle-iso8855","children":["CAM_LEFT","CAM_RIGHT"],"pose_wrt_parent":{"matrix4x4":[1.0,0.0,0.0,0.76,0.0,1.0,0.0,0.0,0.0,0.0,1.0,1.73,0.0,0.0,0.0,1.0]}},"IMU":{"type":"sensor_cs","parent":"vehicle-iso8855","children":[],"pose_wrt_parent":{"matrix4x4":[1.0,0.0,0.0,-0.05,0.0,1.0,0.0,0.32,0.0,0.0,1.0,0.93,0.0,0.0,0.0,1.0]}},"CAM_LEFT":{"type":"sensor_cs","parent":"VELO_TOP","children":[],"pose_wrt_parent":{"matrix4x4":[0.00023477336244722335,0.010449405831956193,0.9999453632367953,0.2729034268115415,-0.9999442001630205,0.010565354842876283,0.00012436569234822647,-0.001969265862949749,-0.010563477335159157,-0.9998895968819285,0.010451304556842098,-0.07228590051542844,0.0,0.0,0.0,1.0]}},"CAM_RIGHT":{"type":"sensor_cs","parent":"VELO_TOP","children":[],"pose_wrt_parent":{"matrix4x4":[0.00023477336244722335,0.010449405831956193,0.9999453632367953,0.2729034268115415,-0.9999442001630205,0.010565354842876283,0.00012436569234822647,-0.001969265862949749,-0.010563477335159157,-0.9998895968819285,0.010451304556842098,-0.07228590051542844,0.0,0.0,0.0,1.0]}}},"frames":{"0":{"frame_properties":{"transforms":{"vehicle-iso8855_to_odom":{"src":"vehicle-iso8855","dst":"odom","transform_src_to_dst":{"matrix4x4":[1.0,1.634434775021898e-17,5.670584748366715e-35,2.2832790040716966e-26,1.2739375526704677e-16,1.0,3.469446951953614e-18,1.3969838619232178e-09,-2.6020852139652106e-18,-4.252938561275036e-35,1.0,-2.9103830456733704e-11,0.0,0.0,0.0,1.0]}}}},"objects":{"-1":{"object_data":{"bbox":[{"name":"box2D0_left","coordinate_system":"CAM_LEFT","val":[737.645,177.055,39.59,14.57]}],"cuboid":[{"name":"box3D","coordinate_system":"CAM_LEFT","val":[-10.0,499.0,-1.0,0,-1.0,0,-1000.0,-1000.0,-1000.0]}],"num":[{"name":"truncated","val":-1.0},{"name":"occluded","val":-1},{"name":"alpha","val":-10.0}]}},"10":{"object_data":{"bbox":[{"name":"box2D_left","coordinate_system":"CAM_LEFT","val":[55.73,209.485,111.46,54.11]},{"name":"box2D_right","coordinate_system":"CAM_RIGHT","val":[25,209,137,54]}],"cuboid":[{"name":"box3D","coordinate_system":"CAM_LEFT","val":[-16.68,1.03,21.38,0,1.59,0,3.27,1.46,1.4]}],"num":[{"name":"truncated","val":0.0},{"name":"occluded","val":0},{"name":"alpha","val":2.25}]}},"11":{"object_data":{"bbox":[{"name":"box2D_left","coordinate_system":"CAM_LEFT","val":[156.14,198.01500000000001,124.82,54.35]},{"name":"box2D_right","coordinate_system":"CAM_RIGHT","val":[141,198,125,53]}],"cuboid":[{"name":"box3D","coordinate_system":"CAM_LEFT","val":[-16.16,0.85,25.91,0,1.62,0,4.28,1.77,1.59]}],"num":[{"name":"truncated","val":0.0},{"name":"occluded","val":1},{"name":"alpha","val":2.18}]}},"12":{"object_data":{"bbox":[{"name":"box2D_left","coordinate_system":"CAM_LEFT","val":[243.865,198.125,82.41,37.51]},{"name":"box2D_right","coordinate_system":"CAM_RIGHT","val":[231,198,83,38]}],"cuboid":[{"name":"box3D","coordinate_system":"CAM_LEFT","val":[-15.63,1.04,30.94,0,1.65,0,3.61,1.5,1.47]}],"num":[{"name":"truncated","val":0.0},{"name":"occluded","val":1},{"name":"alpha","val":2.11}]}},"13":{"object_data":{"bbox":[{"name":"box2D_left","coordinate_system":"CAM_LEFT","val":[334.195,186.51,54.97,41.62]},{"name":"box2D_right","coordinate_system":"CAM_RIGHT","val":[324,186,55,41]}],"cuboid":[{"name":"box3D","coordinate_system":"CAM_LEFT","val":[-14.3,0.7,37.46,0,1.67,0,2.71,2.06,1.61]}],"num":[{"name":"truncated","val":0.0},{"name":"occluded","val":0},{"name":"alpha","val":2.03}]}},"-2":{}}},"1":{"frame_properties":{"transforms":{"vehicle-iso8855_to_odom":{"src":"vehicle-iso8855","dst":"odom","transform_src_to_dst":{"matrix4x4":[0.9999902101780258,0.0043062663116572334,-0.0010176534581696822,1.1938900421863499,-0.004305844729430993,0.9999906432382799,0.00041609741321789137,-0.00397421467203065,0.0010194357625016675,-0.00041171148191904426,0.9999993956220081,0.008693101905864644,0.0,0.0,0.0,1.0]}}}},"objects":{"-1":{"object_data":{"bbox":[{"name":"box2D0_left","coordinate_system":"CAM_LEFT","val":[730.9100000000001,176.81,30.92,19.24]}],"cuboid":[{"name":"box3D","coordinate_system":"CAM_LEFT","val":[-10.0,499.0,-1.0,0,-1.0,0,-1000.0,-1000.0,-1000.0]}],"num":[{"name":"truncated","val":-1.0},{"name":"occluded","val":-1},{"name":"alpha","val":-10.0}]}},"10":{"object_data":{"bbox":[{"name":"box2D_left","coordinate_system":"CAM_LEFT","val":[39.09,211.9,78.18,56.1]},{"name":"box2D_right","coordinate_system":"CAM_RIGHT","val":[-15,212,152,58]}],"cuboid":[{"name":"box3D","coordinate_system":"CAM_LEFT","val":[-16.8,1.05,20.12,0,1.58,0,3.27,1.46,1.4]}],"num":[{"name":"truncated","val":0.0},{"name":"occluded","val":0},{"name":"alpha","val":2.27}]}},"11":{"object_data":{"bbox":[{"name":"box2D_left","coordinate_system":"CAM_LEFT","val":[129.91,199.815,135.5,57.43]},{"name":"box2D_right","coordinate_system":"CAM_RIGHT","val":[114,200,136,56]}],"cuboid":[{"name":"box3D","coordinate_system":"CAM_LEFT","val":[-16.23,0.86,24.64,0,1.62,0,4.28,1.77,1.59]}],"num":[{"name":"truncated","val":0.0},{"name":"occluded","val":1},{"name":"alpha","val":2.2}]}},"12":{"object_data":{"bbox":[{"name":"box2D_left","coordinate_system":"CAM_LEFT","val":[226.585,200.055,87.75,39.17]},{"name":"box2D_right","coordinate_system":"CAM_RIGHT","val":[213,200,88,39]}],"cuboid":[{"name":"box3D","coordinate_system":"CAM_LEFT","val":[-15.75,1.07,29.76,0,1.65,0,3.61,1.5,1.47]}],"num":[{"name":"truncated","val":0.0},{"name":"occluded","val":1},{"name":"alpha","val":2.13}]}},"13":{"object_data":{"bbox":[{"name":"box2D_left","coordinate_system":"CAM_LEFT","val":[321.575,188.37,57.61,43.12]},{"name":"box2D_right","coordinate_system":"CAM_RIGHT","val":[311,188,57,42]}],"cuboid":[{"name":"box3D","coordinate_system":"CAM_LEFT","val":[-14.45,0.76,36.2,0,1.66,0,2.71,2.06,1.61]}],"num":[{"name":"truncated","val":0.0},{"name":"occluded","val":0},{"name":"alpha","val":2.04}]}},"-2":{}}},"2":{"frame_properties":{"transforms":{"vehicle-iso8855_to_odom":{"src":"vehicle-iso8855","dst":"odom","transform_src_to_dst":{"matrix4x4":[0.9999614867541643,0.008512200086920151,-0.002137161220284888,2.386266298137974,-0.008514410055049635,0.9999632242601966,-0.0010271068915036344,-0.013628605270933942,0.0021283396852288003,0.001045264001266679,0.9999971887927245,0.019187491842750953,0.0,0.0,0.0,1.0]}}}},"objects":{"-1":{"object_data":{"bbox":[{"name":"box2D0_left","coordinate_system":"CAM_LEFT","val":[731.075,175.86499999999998,40.49,21.27]},{"name":"box2D1_left","coordinate_system":"CAM_LEFT","val":[779.9100000000001,174.33,32.66,29.16]}],"cuboid":[{"name":"box3D","coordinate_system":"CAM_LEFT","val":[-10.0,499.0,-1.0,0,-1.0,0,-1000.0,-1000.0,-1000.0]}],"num":[{"name":"truncated","val":-1.0},{"name":"occluded","val":-1},{"name":"alpha","val":-10.0}]}},"10":{"object_data":{"bbox":[{"name":"box2D_left","coordinate_system":"CAM_LEFT","val":[20.4,213.26,40.8,55.62]},{"name":"box2D_right","coordinate_system":"CAM_RIGHT","val":[-63,217,169,63]}],"cuboid":[{"name":"box3D","coordinate_system":"CAM_LEFT","val":[-16.91,1.08,18.85,0,1.56,0,3.27,1.46,1.4]}],"num":[{"name":"truncated","val":2.0},{"name":"occluded","val":0},{"name":"alpha","val":2.29}]}},"11":{"object_data":{"bbox":[{"name":"box2D_left","coordinate_system":"CAM_LEFT","val":[100.74499999999999,201.82999999999998,147.89,60.88]},{"name":"box2D_right","coordinate_system":"CAM_RIGHT","val":[84,202,149,60]}],"cuboid":[{"name":"box3D","coordinate_system":"CAM_LEFT","val":[-16.32,0.87,23.36,0,1.62,0,4.28,1.77,1.59]}],"num":[{"name":"truncated","val":0.0},{"name":"occluded","val":1},{"name":"alpha","val":2.22}]}},"12":{"object_data":{"bbox":[{"name":"box2D_left","coordinate_system":"CAM_LEFT","val":[207.87,202.135,93.7,41.03]},{"name":"box2D_right","coordinate_system":"CAM_RIGHT","val":[194,202,94,41]}],"cuboid":[{"name":"box3D","coordinate_system":"CAM_LEFT","val":[-15.86,1.11,28.59,0,1.65,0,3.61,1.5,1.47]}],"num":[{"name":"truncated","val":0.0},{"name":"occluded","val":1},{"name":"alpha","val":2.15}]}},"13":{"object_data":{"bbox":[{"name":"box2D_left","coordinate_system":"CAM_LEFT","val":[308.04,190.375,60.5,44.73]},{"name":"box2D_right","coordinate_system":"CAM_RIGHT","val":[297,190,60,44]}],"cuboid":[{"name":"box3D","coordinate_system":"CAM_LEFT","val":[-14.6,0.83,34.94,0,1.66,0,2.71,2.06,1.61]}],"num":[{"name":"truncated","val":0.0},{"name":"occluded","val":0},{"name":"alpha","val":2.05}]}},"-2":{}}},"3":{"frame_properties":{"transforms":{"vehicle-iso8855_to_odom":{"src":"vehicle-iso8855","dst":"odom","transform_src_to_dst":{"matrix4x4":[0.9999127894889001,0.012738030321507072,-0.0034865455761970456,3.693886415844059,-0.012745340634375595,0.9999166060694707,-0.0020825942053299545,-0.04257660724335852,0.003459726671322587,0.0021268497922307837,0.9999917533666568,0.03396579067651631,0.0,0.0,0.0,1.0]}}}},"objects":{"-1":{"object_data":{"bbox":[{"name":"box2D0_left","coordinate_system":"CAM_LEFT","val":[728.71,178.13,37.98,20.34]}],"cuboid":[{"name":"box3D","coordinate_system":"CAM_LEFT","val":[-10.0,499.0,-1.0,0,-1.0,0,-1000.0,-1000.0,-1000.0]}],"num":[{"name":"truncated","val":-1.0},{"name":"occluded","val":-1},{"name":"alpha","val":-10.0}]}},"11":{"object_data":{"bbox":[{"name":"box2D_left","coordinate_system":"CAM_LEFT","val":[74.65,204.06,149.3,64.68]},{"name":"box2D_right","coordinate_system":"CAM_RIGHT","val":[50,204,164,64]}],"cuboid":[{"name":"box3D","coordinate_system":"CAM_LEFT","val":[-16.39,0.88,22.09,0,1.62,0,4.28,1.77,1.59]}],"num":[{"name":"truncated","val":0.0},{"name":"occluded","val":1},{"name":"alpha","val":2.25}]}},"12":{"object_data":{"bbox":[{"name":"box2D_left","coordinate_system":"CAM_LEFT","val":[187.53500000000003,204.385,100.35,43.07]},{"name":"box2D_right","coordinate_system":"CAM_RIGHT","val":[173,204,101,43]}],"cuboid":[{"name":"box3D","coordinate_system":"CAM_LEFT","val":[-15.97,1.13,27.42,0,1.65,0,3.61,1.5,1.47]}],"num":[{"name":"truncated","val":0.0},{"name":"occluded","val":1},{"name":"alpha","val":2.17}]}},"13":{"object_data":{"bbox":[{"name":"box2D_left","coordinate_system":"CAM_LEFT","val":[293.96000000000004,190.68,63.72,46.5]},{"name":"box2D_right","coordinate_system":"CAM_RIGHT","val":[282,191,64,46]}],"cuboid":[{"name":"box3D","coordinate_system":"CAM_LEFT","val":[-14.72,0.81,33.65,0,1.65,0,2.71,2.06,1.61]}],"num":[{"name":"truncated","val":0.0},{"name":"occluded","val":0},{"name":"alpha","val":2.06}]}},"-2":{}}},"4":{"frame_properties":{"transforms":{"vehicle-iso8855_to_odom":{"src":"vehicle-iso8855","dst":"odom","transform_src_to_dst":{"matrix4x4":[0.9998509819457542,0.016915025076499734,-0.0034490330199715394,4.884449827027875,-0.01692569209934494,0.9998519835474622,-0.003087384518201859,-0.08087291419100397,0.0033962993197930538,0.003145301713104771,0.9999892860566378,0.05115068259014434,0.0,0.0,0.0,1.0]}}}},"objects":{"-1":{"object_data":{"bbox":[{"name":"box2D0_left","coordinate_system":"CAM_LEFT","val":[729.83,176.015,44.78,27.09]}],"cuboid":[{"name":"box3D","coordinate_system":"CAM_LEFT","val":[-10.0,499.0,-1.0,0,-1.0,0,-1000.0,-1000.0,-1000.0]}],"num":[{"name":"truncated","val":-1.0},{"name":"occluded","val":-1},{"name":"alpha","val":-10.0}]}},"11":{"object_data":{"bbox":[{"name":"box2D_left","coordinate_system":"CAM_LEFT","val":[60.54,206.485,121.08,68.79]},{"name":"box2D_right","coordinate_system":"CAM_RIGHT","val":[12,207,181,68]}],"cuboid":[{"name":"box3D","coordinate_system":"CAM_LEFT","val":[-16.47,0.89,20.81,0,1.61,0,4.28,1.77,1.59]}],"num":[{"name":"truncated","val":0.0},{"name":"occluded","val":1},{"name":"alpha","val":2.28}]}},"12":{"object_data":{"bbox":[{"name":"box2D_left","coordinate_system":"CAM_LEFT","val":[164.21,205.19,108.26,45.3]},{"name":"box2D_right","coordinate_system":"CAM_RIGHT","val":[149,205,109,46]}],"cuboid":[{"name":"box3D","coordinate_system":"CAM_LEFT","val":[-16.05,1.11,26.13,0,1.65,0,3.61,1.5,1.47]}],"num":[{"name":"truncated","val":0.0},{"name":"occluded","val":1},{"name":"alpha","val":2.2}]}},"13":{"object_data":{"bbox":[{"name":"box2D_left","coordinate_system":"CAM_LEFT","val":[278.745,191.005,67.29,48.43]},{"name":"box2D_right","coordinate_system":"CAM_RIGHT","val":[267,191,67,48]}],"cuboid":[{"name":"box3D","coordinate_system":"CAM_LEFT","val":[-14.83,0.8,32.36,0,1.65,0,2.71,2.06,1.61]}],"num":[{"name":"truncated","val":0.0},{"name":"occluded","val":0},{"name":"alpha","val":2.08}]}},"-2":{}}},"5":{"frame_properties":{"transforms":{"vehicle-iso8855_to_odom":{"src":"vehicle-iso8855","dst":"odom","transform_src_to_dst":{"matrix4x4":[0.9997819087260907,0.020782481788222933,-0.002055099690211204,6.073710331529763,-0.020787716046688724,0.9997806364350156,-0.002559271606728666,-0.12812455614008822,0.0020014608606588043,0.0026014342807314343,0.9999946133325452,0.07123508584235229,0.0,0.0,0.0,1.0]}}}},"objects":{"-1":{"object_data":{"bbox":[{"name":"box2D0_left","coordinate_system":"CAM_LEFT","val":[728.045,178.385,35.01,23.81]}],"cuboid":[{"name":"box3D","coordinate_system":"CAM_LEFT","val":[-10.0,499.0,-1.0,0,-1.0,0,-1000.0,-1000.0,-1000.0]}],"num":[{"name":"truncated","val":-1.0},{"name":"occluded","val":-1},{"name":"alpha","val":-10.0}]}},"11":{"object_data":{"bbox":[{"name":"box2D_left","coordinate_system":"CAM_LEFT","val":[44.775,207.435,89.55,68.81]},{"name":"box2D_right","coordinate_system":"CAM_RIGHT","val":[-30,210,202,73]}],"cuboid":[{"name":"box3D","coordinate_system":"CAM_LEFT","val":[-16.55,0.9,19.53,0,1.61,0,4.28,1.77,1.59]}],"num":[{"name":"truncated","val":1.0},{"name":"occluded","val":1},{"name":"alpha","val":2.31}]}},"12":{"object_data":{"bbox":[{"name":"box2D_left","coordinate_system":"CAM_LEFT","val":[138.42000000000002,206.085,117.34,47.79]},{"name":"box2D_right","coordinate_system":"CAM_RIGHT","val":[123,206,119,48]}],"cuboid":[{"name":"box3D","coordinate_system":"CAM_LEFT","val":[-16.13,1.08,24.84,0,1.65,0,3.61,1.5,1.47]}],"num":[{"name":"truncated","val":0.0},{"name":"occluded","val":1},{"name":"alpha","val":2.22}]}},"13":{"object_data":{"bbox":[{"name":"box2D_left","coordinate_system":"CAM_LEFT","val":[262.27,191.365,71.28,50.53]},{"name":"box2D_right","coordinate_system":"CAM_RIGHT","val":[250,191,71,50]}],"cuboid":[{"name":"box3D","coordinate_system":"CAM_LEFT","val":[-14.95,0.78,31.09,0,1.65,0,2.71,2.06,1.61]}],"num":[{"name":"truncated","val":0.0},{"name":"occluded","val":0},{"name":"alpha","val":2.09}]}},"-2":{}}},"6":{"frame_properties":{"transforms":{"vehicle-iso8855_to_odom":{"src":"vehicle-iso8855","dst":"odom","transform_src_to_dst":{"matrix4x4":[0.9996773763696233,0.025398523011871423,-0.00024125414416064928,7.382170304573123,-0.025398646419356505,0.9996772655212864,-0.0005230295860721617,-0.17603854856484497,0.00022789210415244767,0.000528988373073052,0.9999998341182315,0.0909568042165905,0.0,0.0,0.0,1.0]}}}},"objects":{"-1":{"object_data":{"bbox":[{"name":"box2D0_left","coordinate_system":"CAM_LEFT","val":[725.065,179.20000000000002,41.45,22.48]}],"cuboid":[{"name":"box3D","coordinate_system":"CAM_LEFT","val":[-10.0,499.0,-1.0,0,-1.0,0,-1000.0,-1000.0,-1000.0]}],"num":[{"name":"truncated","val":-1.0},{"name":"occluded","val":-1},{"name":"alpha","val":-10.0}]}},"11":{"object_data":{"bbox":[{"name":"box2D_left","coordinate_system":"CAM_LEFT","val":[25.85,207.375,51.7,68.61]},{"name":"box2D_right","coordinate_system":"CAM_RIGHT","val":[-82,212,229,79]}],"cuboid":[{"name":"box3D","coordinate_system":"CAM_LEFT","val":[-16.66,0.89,18.21,0,1.61,0,4.28,1.77,1.59]}],"num":[{"name":"truncated","val":1.0},{"name":"occluded","val":1},{"name":"alpha","val":2.34}]}},"12":{"object_data":{"bbox":[{"name":"box2D_left","coordinate_system":"CAM_LEFT","val":[109.735,207.09,127.85,50.56]},{"name":"box2D_right","coordinate_system":"CAM_RIGHT","val":[93,207,129,51]}],"cuboid":[{"name":"box3D","coordinate_system":"CAM_LEFT","val":[-16.21,1.05,23.54,0,1.64,0,3.61,1.5,1.47]}],"num":[{"name":"truncated","val":0.0},{"name":"occluded","val":0},{"name":"alpha","val":2.24}]}},"13":{"object_data":{"bbox":[{"name":"box2D_left","coordinate_system":"CAM_LEFT","val":[244.35500000000002,191.755,75.73,52.81]},{"name":"box2D_right","coordinate_system":"CAM_RIGHT","val":[231,192,76,52]}],"cuboid":[{"name":"box3D","coordinate_system":"CAM_LEFT","val":[-15.07,0.76,29.8,0,1.64,0,2.71,2.06,1.61]}],"num":[{"name":"truncated","val":0.0},{"name":"occluded","val":1},{"name":"alpha","val":2.11}]}},"-2":{}}},"7":{"frame_properties":{"transforms":{"vehicle-iso8855_to_odom":{"src":"vehicle-iso8855","dst":"odom","transform_src_to_dst":{"matrix4x4":[0.9995657274374072,0.02946521381248366,0.00039712405060366866,8.577341281252004,-0.02946602096261312,0.9995633426205828,0.002208551063046142,-0.2305653396379605,-0.00033187521416798833,-0.0022192936155162302,0.9999974822941756,0.10630673892759014,0.0,0.0,0.0,1.0]}}}},"objects":{"-1":{"object_data":{"bbox":[{"name":"box2D0_left","coordinate_system":"CAM_LEFT","val":[725.395,175.825,47.43,16.03]}],"cuboid":[{"name":"box3D","coordinate_system":"CAM_LEFT","val":[-10.0,499.0,-1.0,0,-1.0,0,-1000.0,-1000.0,-1000.0]}],"num":[{"name":"truncated","val":-1.0},{"name":"occluded","val":-1},{"name":"alpha","val":-10.0}]}},"12":{"object_data":{"bbox":[{"name":"box2D_left","coordinate_system":"CAM_LEFT","val":[77.66,208.22,140.12,53.68]},{"name":"box2D_right","coordinate_system":"CAM_RIGHT","val":[60,208,142,54]}],"cuboid":[{"name":"box3D","coordinate_system":"CAM_LEFT","val":[-16.29,1.02,22.25,0,1.64,0,3.61,1.5,1.47]}],"num":[{"name":"truncated","val":0.0},{"name":"occluded","val":0},{"name":"alpha","val":2.27}]}},"13":{"object_data":{"bbox":[{"name":"box2D_left","coordinate_system":"CAM_LEFT","val":[225.01,192.705,80.72,55.31]},{"name":"box2D_right","coordinate_system":"CAM_RIGHT","val":[211,193,81,54]}],"cuboid":[{"name":"box3D","coordinate_system":"CAM_LEFT","val":[-15.18,0.76,28.51,0,1.64,0,2.71,2.06,1.61]}],"num":[{"name":"truncated","val":0.0},{"name":"occluded","val":1},{"name":"alpha","val":2.12}]}},"-2":{}}},"8":{"frame_properties":{"transforms":{"vehicle-iso8855_to_odom":{"src":"vehicle-iso8855","dst":"odom","transform_src_to_dst":{"matrix4x4":[0.9994495573843907,0.03316633110059374,-0.0007594244342855191,9.770185093438792,-0.033163066665089364,0.9994420721969147,0.003969298691696867,-0.28245457418688247,0.0008906478049252557,-0.0039419289774015615,0.9999918339378702,0.11686428129496107,0.0,0.0,0.0,1.0]}}}},"objects":{"-1":{"object_data":{"bbox":[{"name":"box2D0_left","coordinate_system":"CAM_LEFT","val":[721.59,181.63,47.52,17.9]},{"name":"box2D1_left","coordinate_system":"CAM_LEFT","val":[657.41,179.0,21.0,17.5]}],"cuboid":[{"name":"box3D","coordinate_system":"CAM_LEFT","val":[-10.0,499.0,-1.0,0,-1.0,0,-1000.0,-1000.0,-1000.0]}],"num":[{"name":"truncated","val":-1.0},{"name":"occluded","val":-1},{"name":"alpha","val":-10.0}]}},"12":{"object_data":{"bbox":[{"name":"box2D_left","coordinate_system":"CAM_LEFT","val":[59.415,209.42,118.83,57.02]},{"name":"box2D_right","coordinate_system":"CAM_RIGHT","val":[23,209,156,58]}],"cuboid":[{"name":"box3D","coordinate_system":"CAM_LEFT","val":[-16.37,0.99,20.96,0,1.64,0,3.61,1.5,1.47]}],"num":[{"name":"truncated","val":0.0},{"name":"occluded","val":0},{"name":"alpha","val":2.3}]}},"13":{"object_data":{"bbox":[{"name":"box2D_left","coordinate_system":"CAM_LEFT","val":[203.82,193.74,86.38,58.06]},{"name":"box2D_right","coordinate_system":"CAM_RIGHT","val":[189,194,87,57]}],"cuboid":[{"name":"box3D","coordinate_system":"CAM_LEFT","val":[-15.29,0.76,27.23,0,1.63,0,2.71,2.06,1.61]}],"num":[{"name":"truncated","val":0.0},{"name":"occluded","val":1},{"name":"alpha","val":2.14}]}},"-2":{}}},"9":{"frame_properties":{"transforms":{"vehicle-iso8855_to_odom":{"src":"vehicle-iso8855","dst":"odom","transform_src_to_dst":{"matrix4x4":[0.9993248315456775,0.036686635262938826,-0.0019929498957663903,11.082985327020532,-0.03667277708103399,0.9993055699565645,0.006594336581499936,-0.345953652432214,0.0022334899524502454,-0.006516797286201813,0.9999762711563525,0.12979503600854755,0.0,0.0,0.0,1.0]}}}},"objects":{"-1":{"object_data":{"bbox":[{"name":"box2D0_left","coordinate_system":"CAM_LEFT","val":[722.84,179.29500000000002,47.2,22.87]},{"name":"box2D1_left","coordinate_system":"CAM_LEFT","val":[657.535,182.015,26.77,17.33]}],"cuboid":[{"name":"box3D","coordinate_system":"CAM_LEFT","val":[-10.0,499.0,-1.0,0,-1.0,0,-1000.0,-1000.0,-1000.0]}],"num":[{"name":"truncated","val":-1.0},{"name":"occluded","val":-1},{"name":"alpha","val":-10.0}]}},"12":{"object_data":{"bbox":[{"name":"box2D_left","coordinate_system":"CAM_LEFT","val":[43.23,209.525,86.46,58.29]},{"name":"box2D_right","coordinate_system":"CAM_RIGHT","val":[-18,211,174,62]}],"cuboid":[{"name":"box3D","coordinate_system":"CAM_LEFT","val":[-16.45,0.96,19.67,0,1.64,0,3.61,1.5,1.47]}],"num":[{"name":"truncated","val":2.0},{"name":"occluded","val":0},{"name":"alpha","val":2.33}]}},"13":{"object_data":{"bbox":[{"name":"box2D_left","coordinate_system":"CAM_LEFT","val":[180.51000000000002,194.89000000000001,92.8,61.1]},{"name":"box2D_right","coordinate_system":"CAM_RIGHT","val":[165,195,93,60]}],"cuboid":[{"name":"box3D","coordinate_system":"CAM_LEFT","val":[-15.4,0.77,25.94,0,1.63,0,2.71,2.06,1.61]}],"num":[{"name":"truncated","val":0.0},{"name":"occluded","val":1},{"name":"alpha","val":2.16}]}},"-2":{}}},"10":{"frame_properties":{"transforms":{"vehicle-iso8855_to_odom":{"src":"vehicle-iso8855","dst":"odom","transform_src_to_dst":{"matrix4x4":[0.9992241455317151,0.039108143133992475,-0.004654044158091142,12.276108368158155,-0.03908523944656263,0.999223794733533,0.004914478174029286,-0.4069450783255064,0.004842627780364081,-0.004728760823864811,0.9999770936262747,0.14374864831263157,0.0,0.0,0.0,1.0]}}}},"objects":{"-1":{"object_data":{"bbox":[{"name":"box2D0_left","coordinate_system":"CAM_LEFT","val":[723.06,180.185,50.0,16.67]},{"name":"box2D1_left","coordinate_system":"CAM_LEFT","val":[654.315,183.82999999999998,18.75,19.78]}],"cuboid":[{"name":"box3D","coordinate_system":"CAM_LEFT","val":[-10.0,499.0,-1.0,0,-1.0,0,-1000.0,-1000.0,-1000.0]}],"num":[{"name":"truncated","val":-1.0},{"name":"occluded","val":-1},{"name":"alpha","val":-10.0}]}},"12":{"object_data":{"bbox":[{"name":"box2D_left","coordinate_system":"CAM_LEFT","val":[24.97,208.9,49.94,58.26]},{"name":"box2D_right","coordinate_system":"CAM_RIGHT","val":[-67,212,196,66]}],"cuboid":[{"name":"box3D","coordinate_system":"CAM_LEFT","val":[-16.53,0.93,18.37,0,1.64,0,3.61,1.5,1.47]}],"num":[{"name":"truncated","val":2.0},{"name":"occluded","val":0},{"name":"alpha","val":2.36}]}},"13":{"object_data":{"bbox":[{"name":"box2D_left","coordinate_system":"CAM_LEFT","val":[154.74,196.16500000000002,100.18,64.47]},{"name":"box2D_right","coordinate_system":"CAM_RIGHT","val":[139,196,101,63]}],"cuboid":[{"name":"box3D","coordinate_system":"CAM_LEFT","val":[-15.51,0.77,24.65,0,1.63,0,2.71,2.06,1.61]}],"num":[{"name":"truncated","val":0.0},{"name":"occluded","val":0},{"name":"alpha","val":2.18}]}},"-2":{}}},"11":{"frame_properties":{"transforms":{"vehicle-iso8855_to_odom":{"src":"vehicle-iso8855","dst":"odom","transform_src_to_dst":{"matrix4x4":[0.9991026371537316,0.04148008951996543,-0.008562862014244036,13.588342905520786,-0.04144549564577939,0.999132027830901,0.004178738228980931,-0.4790644320680835,0.008728764124146467,-0.0038200963242231937,0.9999546067401951,0.15924802724060141,0.0,0.0,0.0,1.0]}}}},"objects":{"-1":{"object_data":{"bbox":[{"name":"box2D0_left","coordinate_system":"CAM_LEFT","val":[725.105,182.70999999999998,55.81,17.4]},{"name":"box2D1_left","coordinate_system":"CAM_LEFT","val":[654.24,182.91500000000002,23.68,16.79]}],"cuboid":[{"name":"box3D","coordinate_system":"CAM_LEFT","val":[-10.0,499.0,-1.0,0,-1.0,0,-1000.0,-1000.0,-1000.0]}],"num":[{"name":"truncated","val":-1.0},{"name":"occluded","val":-1},{"name":"alpha","val":-10.0}]}},"13":{"object_data":{"bbox":[{"name":"box2D_left","coordinate_system":"CAM_LEFT","val":[128.06,198.44,108.62,68.16]},{"name":"box2D_right","coordinate_system":"CAM_RIGHT","val":[111,199,110,67]}],"cuboid":[{"name":"box3D","coordinate_system":"CAM_LEFT","val":[-15.57,0.8,23.39,0,1.63,0,2.71,2.06,1.61]}],"num":[{"name":"truncated","val":0.0},{"name":"occluded","val":0},{"name":"alpha","val":2.21}]}},"-2":{}}},"12":{"frame_properties":{"transforms":{"vehicle-iso8855_to_odom":{"src":"vehicle-iso8855","dst":"odom","transform_src_to_dst":{"matrix4x4":[0.9989936070060523,0.044042237350767066,-0.008488491631361787,14.780412264562917,-0.044038394940558244,0.9990296348346808,0.0006391346836519162,-0.5463135182137997,0.008508403616213104,-0.00026467191607256005,0.999963767851956,0.1812103608995777,0.0,0.0,0.0,1.0]}}}},"objects":{"-1":{"object_data":{"bbox":[{"name":"box2D0_left","coordinate_system":"CAM_LEFT","val":[718.335,181.84,51.43,17.62]},{"name":"box2D1_left","coordinate_system":"CAM_LEFT","val":[650.47,183.58,25.14,16.06]}],"cuboid":[{"name":"box3D","coordinate_system":"CAM_LEFT","val":[-10.0,499.0,-1.0,0,-1.0,0,-1000.0,-1000.0,-1000.0]}],"num":[{"name":"truncated","val":-1.0},{"name":"occluded","val":-1},{"name":"alpha","val":-10.0}]}},"13":{"object_data":{"bbox":[{"name":"box2D_left","coordinate_system":"CAM_LEFT","val":[98.3,200.985,118.38,72.29]},{"name":"box2D_right","coordinate_system":"CAM_RIGHT","val":[80,201,120,71]}],"cuboid":[{"name":"box3D","coordinate_system":"CAM_LEFT","val":[-15.63,0.83,22.12,0,1.63,0,2.71,2.06,1.61]}],"num":[{"name":"truncated","val":0.0},{"name":"occluded","val":0},{"name":"alpha","val":2.24}]}},"-2":{}}},"13":{"frame_properties":{"transforms":{"vehicle-iso8855_to_odom":{"src":"vehicle-iso8855","dst":"odom","transform_src_to_dst":{"matrix4x4":[0.9989147918056168,0.04606020589266509,-0.006906239574944263,15.97176450909343,-0.046074103847569256,0.9989362801077769,-0.0018668795034343757,-0.6156057894888242,0.00681290441622295,0.0021830523498715033,0.9999744089804763,0.2037904944061291,0.0,0.0,0.0,1.0]}}}},"objects":{"-1":{"object_data":{"bbox":[{"name":"box2D0_left","coordinate_system":"CAM_LEFT","val":[721.2950000000001,179.66,48.95,16.12]},{"name":"box2D1_left","coordinate_system":"CAM_LEFT","val":[652.225,183.825,14.57,13.53]}],"cuboid":[{"name":"box3D","coordinate_system":"CAM_LEFT","val":[-10.0,499.0,-1.0,0,-1.0,0,-1000.0,-1000.0,-1000.0]}],"num":[{"name":"truncated","val":-1.0},{"name":"occluded","val":-1},{"name":"alpha","val":-10.0}]}},"13":{"object_data":{"bbox":[{"name":"box2D_left","coordinate_system":"CAM_LEFT","val":[64.88,203.865,129.76,76.97]},{"name":"box2D_right","coordinate_system":"CAM_RIGHT","val":[46,204,131,76]}],"cuboid":[{"name":"box3D","coordinate_system":"CAM_LEFT","val":[-15.69,0.84,20.86,0,1.63,0,2.71,2.06,1.61]}],"num":[{"name":"truncated","val":0.0},{"name":"occluded","val":0},{"name":"alpha","val":2.27}]}},"-2":{}}},"14":{"frame_properties":{"transforms":{"vehicle-iso8855_to_odom":{"src":"vehicle-iso8855","dst":"odom","transform_src_to_dst":{"matrix4x4":[0.9987955377000196,0.0488863113262446,-0.004195525645451325,17.283027923302203,-0.04890655580501295,0.9987915029735952,-0.004866455284681589,-0.6963215770618256,0.003952552317082401,0.00506578253186728,0.9999793573757012,0.22818171992444586,0.0,0.0,0.0,1.0]}}}},"objects":{"-1":{"object_data":{"bbox":[{"name":"box2D0_left","coordinate_system":"CAM_LEFT","val":[716.46,178.245,42.38,15.47]},{"name":"box2D1_left","coordinate_system":"CAM_LEFT","val":[649.1,179.665,12.5,9.37]},{"name":"box2D2_left","coordinate_system":"CAM_LEFT","val":[1063.6950000000002,171.32999999999998,39.59,23.96]}],"cuboid":[{"name":"box3D","coordinate_system":"CAM_LEFT","val":[-10.0,499.0,-1.0,0,-1.0,0,-1000.0,-1000.0,-1000.0]}],"num":[{"name":"truncated","val":-1.0},{"name":"occluded","val":-1},{"name":"alpha","val":-10.0}]}},"13":{"object_data":{"bbox":[{"name":"box2D_left","coordinate_system":"CAM_LEFT","val":[49.33,207.04,98.66,82.08]},{"name":"box2D_right","coordinate_system":"CAM_RIGHT","val":[7,207,145,81]}],"cuboid":[{"name":"box3D","coordinate_system":"CAM_LEFT","val":[-15.75,0.87,19.59,0,1.63,0,2.71,2.06,1.61]}],"num":[{"name":"truncated","val":0.0},{"name":"occluded","val":0},{"name":"alpha","val":2.3}]}},"-2":{}}},"15":{"frame_properties":{"transforms":{"vehicle-iso8855_to_odom":{"src":"vehicle-iso8855","dst":"odom","transform_src_to_dst":{"matrix4x4":[0.9986348637682109,0.05216418947314785,-0.002702998937610278,18.473150768516216,-0.05217591935145039,0.998627914983803,-0.004467757259967464,-0.768769018472405,0.00246623325704021,0.004602689617232836,0.9999863663779669,0.24570997185105478,0.0,0.0,0.0,1.0]}}}},"objects":{"-1":{"object_data":{"bbox":[{"name":"box2D0_left","coordinate_system":"CAM_LEFT","val":[645.735,179.385,21.95,16.99]},{"name":"box2D1_left","coordinate_system":"CAM_LEFT","val":[716.81,178.105,50.0,20.83]},{"name":"box2D2_left","coordinate_system":"CAM_LEFT","val":[1108.995,166.65,42.81,25.0]},{"name":"box2D3_left","coordinate_system":"CAM_LEFT","val":[1059.55,169.765,37.5,16.65]}],"cuboid":[{"name":"box3D","coordinate_system":"CAM_LEFT","val":[-10.0,499.0,-1.0,0,-1.0,0,-1000.0,-1000.0,-1000.0]}],"num":[{"name":"truncated","val":-1.0},{"name":"occluded","val":-1},{"name":"alpha","val":-10.0}]}},"13":{"object_data":{"bbox":[{"name":"box2D_left","coordinate_system":"CAM_LEFT","val":[31.775,209.365,63.55,84.09]},{"name":"box2D_right","coordinate_system":"CAM_RIGHT","val":[-37,211,161,87]}],"cuboid":[{"name":"box3D","coordinate_system":"CAM_LEFT","val":[-15.81,0.9,18.32,0,1.63,0,2.71,2.06,1.61]}],"num":[{"name":"truncated","val":1.0},{"name":"occluded","val":0},{"name":"alpha","val":2.34}]}},"-2":{}}},"16":{"frame_properties":{"transforms":{"vehicle-iso8855_to_odom":{"src":"vehicle-iso8855","dst":"odom","transform_src_to_dst":{"matrix4x4":[0.9984199817220146,0.0561167741127649,-0.0029065032923945608,19.662275475305435,-0.05613418742538124,0.9984033376723475,-0.006303041076207319,-0.846543099508302,0.0025481562557853913,0.006456236356667784,0.9999759116657778,0.2619360625902108,0.0,0.0,0.0,1.0]}}}},"objects":{"-1":{"object_data":{"bbox":[{"name":"box2D0_left","coordinate_system":"CAM_LEFT","val":[714.92,177.065,42.04,20.29]},{"name":"box2D1_left","coordinate_system":"CAM_LEFT","val":[644.41,179.665,19.78,17.71]},{"name":"box2D2_left","coordinate_system":"CAM_LEFT","val":[1124.095,167.69,43.79,25.0]},{"name":"box2D3_left","coordinate_system":"CAM_LEFT","val":[1050.7,166.65,34.4,25.0]}],"cuboid":[{"name":"box3D","coordinate_system":"CAM_LEFT","val":[-10.0,499.0,-1.0,0,-1.0,0,-1000.0,-1000.0,-1000.0]}],"num":[{"name":"truncated","val":-1.0},{"name":"occluded","val":-1},{"name":"alpha","val":-10.0}]}},"-2":{}}},"17":{"frame_properties":{"transforms":{"vehicle-iso8855_to_odom":{"src":"vehicle-iso8855","dst":"odom","transform_src_to_dst":{"matrix4x4":[0.9981919226706534,0.059931145151761185,-0.004598190498789442,20.849828817884145,-0.059956975580250836,0.9981846776218047,-0.005701792728872297,-0.9262285802027131,0.0042481283330184786,0.0059671770421518425,0.9999731727420559,0.2745725551760584,0.0,0.0,0.0,1.0]}}}},"objects":{"-1":{"object_data":{"bbox":[{"name":"box2D0_left","coordinate_system":"CAM_LEFT","val":[642.855,181.75,18.75,15.62]},{"name":"box2D1_left","coordinate_system":"CAM_LEFT","val":[720.1,179.725,60.44,18.31]},{"name":"box2D2_left","coordinate_system":"CAM_LEFT","val":[819.41,178.1,15.62,10.4]},{"name":"box2D3_left","coordinate_system":"CAM_LEFT","val":[1138.195,169.245,55.21,26.05]},{"name":"box2D4_left","coordinate_system":"CAM_LEFT","val":[1049.095,169.76500000000001,43.79,22.91]}],"cuboid":[{"name":"box3D","coordinate_system":"CAM_LEFT","val":[-10.0,499.0,-1.0,0,-1.0,0,-1000.0,-1000.0,-1000.0]}],"num":[{"name":"truncated","val":-1.0},{"name":"occluded","val":-1},{"name":"alpha","val":-10.0}]}},"-2":{}}},"18":{"frame_properties":{"transforms":{"vehicle-iso8855_to_odom":{"src":"vehicle-iso8855","dst":"odom","transform_src_to_dst":{"matrix4x4":[0.9979243075154345,0.06421275030671957,-0.004878439083082431,22.155418330304254,-0.06424088374066447,0.9979172901990163,-0.0058472880954063096,-1.019745328650212,0.004492808259748815,0.006148546161423789,0.9999710046066546,0.2914316883399288,0.0,0.0,0.0,1.0]}}}},"objects":{"-1":{"object_data":{"bbox":[{"name":"box2D0_left","coordinate_system":"CAM_LEFT","val":[640.245,183.31,21.89,12.5]},{"name":"box2D1_left","coordinate_system":"CAM_LEFT","val":[713.685,179.665,58.33,21.87]},{"name":"box2D2_left","coordinate_system":"CAM_LEFT","val":[823.575,175.5,23.95,19.8]},{"name":"box2D3_left","coordinate_system":"CAM_LEFT","val":[1150.645,169.245,53.11,23.95]},{"name":"box2D4_left","coordinate_system":"CAM_LEFT","val":[1034.0,170.285,42.8,13.53]}],"cuboid":[{"name":"box3D","coordinate_system":"CAM_LEFT","val":[-10.0,499.0,-1.0,0,-1.0,0,-1000.0,-1000.0,-1000.0]}],"num":[{"name":"truncated","val":-1.0},{"name":"occluded","val":-1},{"name":"alpha","val":-10.0}]}},"-2":{}}},"19":{"frame_properties":{"transforms":{"vehicle-iso8855_to_odom":{"src":"vehicle-iso8855","dst":"odom","transform_src_to_dst":{"matrix4x4":[0.9976840108090517,0.0679479940371771,-0.003112022218375974,23.341130173135646,-0.06796881455510069,0.9976617466528237,-0.007160971554932783,-1.1095072697524604,0.0026181718694924033,0.007355907283267022,0.9999695174374577,0.3081744533072185,0.0,0.0,0.0,1.0]}}}},"objects":{"-1":{"object_data":{"bbox":[{"name":"box2D0_left","coordinate_system":"CAM_LEFT","val":[634.0,178.105,17.7,18.75]},{"name":"box2D1_left","coordinate_system":"CAM_LEFT","val":[716.29,178.625,61.46,19.79]},{"name":"box2D2_left","coordinate_system":"CAM_LEFT","val":[825.1400000000001,173.94,22.9,12.5]},{"name":"box2D3_left","coordinate_system":"CAM_LEFT","val":[1161.595,167.685,58.39,29.17]},{"name":"box2D4_left","coordinate_system":"CAM_LEFT","val":[1031.395,167.16000000000003,45.79,19.78]}],"cuboid":[{"name":"box3D","coordinate_system":"CAM_LEFT","val":[-10.0,499.0,-1.0,0,-1.0,0,-1000.0,-1000.0,-1000.0]}],"num":[{"name":"truncated","val":-1.0},{"name":"occluded","val":-1},{"name":"alpha","val":-10.0}]}},"-2":{}}},"20":{"frame_properties":{"transforms":{"vehicle-iso8855_to_odom":{"src":"vehicle-iso8855","dst":"odom","transform_src_to_dst":{"matrix4x4":[0.9973893828760392,0.07220967052609911,-0.00042709327496752273,24.644010332596647,-0.07221085822872868,0.9973623536485553,-0.007343533106376791,-1.2136493982206338,-0.00010430735215989314,0.00735520272502803,0.9999729446904302,0.3250103636973328,0.0,0.0,0.0,1.0]}}}},"objects":{"-1":{"object_data":{"bbox":[{"name":"box2D0_left","coordinate_system":"CAM_LEFT","val":[713.165,176.025,59.37,18.75]},{"name":"box2D1_left","coordinate_system":"CAM_LEFT","val":[634.0,178.62,17.7,15.62]},{"name":"box2D2_left","coordinate_system":"CAM_LEFT","val":[824.625,174.45499999999998,28.13,13.53]},{"name":"box2D3_left","coordinate_system":"CAM_LEFT","val":[1175.15,166.12,60.5,19.8]},{"name":"box2D4_left","coordinate_system":"CAM_LEFT","val":[1037.59,167.685,25.0,16.67]}],"cuboid":[{"name":"box3D","coordinate_system":"CAM_LEFT","val":[-10.0,499.0,-1.0,0,-1.0,0,-1000.0,-1000.0,-1000.0]}],"num":[{"name":"truncated","val":-1.0},{"name":"occluded","val":-1},{"name":"alpha","val":-10.0}]}},"-2":{}}},"21":{"frame_properties":{"transforms":{"vehicle-iso8855_to_odom":{"src":"vehicle-iso8855","dst":"odom","transform_src_to_dst":{"matrix4x4":[0.9971573142333428,0.07533992033676337,-0.0010895295297476194,25.82610401616272,-0.07534639909245092,0.9971226628540908,-0.008325585058573825,-1.3098072156923302,0.0004591456708902133,0.008384010163200116,0.9999647481580718,0.33634393957504694,0.0,0.0,0.0,1.0]}}}},"objects":{"-1":{"object_data":{"bbox":[{"name":"box2D0_left","coordinate_system":"CAM_LEFT","val":[706.39,176.85999999999999,52.28,19.52]},{"name":"box2D1_left","coordinate_system":"CAM_LEFT","val":[631.395,176.54,18.75,15.62]},{"name":"box2D2_left","coordinate_system":"CAM_LEFT","val":[827.745,173.415,28.11,17.71]},{"name":"box2D3_left","coordinate_system":"CAM_LEFT","val":[1188.145,166.64,53.11,22.9]}],"cuboid":[{"name":"box3D","coordinate_system":"CAM_LEFT","val":[-10.0,499.0,-1.0,0,-1.0,0,-1000.0,-1000.0,-1000.0]}],"num":[{"name":"truncated","val":-1.0},{"name":"occluded","val":-1},{"name":"alpha","val":-10.0}]}},"-2":{}}},"22":{"frame_properties":{"transforms":{"vehicle-iso8855_to_odom":{"src":"vehicle-iso8855","dst":"odom","transform_src_to_dst":{"matrix4x4":[0.9969760524916065,0.07763450277605509,-0.0034109730237454313,27.010485624086883,-0.07766292662744982,0.9969373227342571,-0.009189361626947197,-1.4076814566978642,0.002687114793474135,0.009426479627423018,0.9999519592940055,0.34422702483829326,0.0,0.0,0.0,1.0]}}}},"objects":{"-1":{"object_data":{"bbox":[{"name":"box2D0_left","coordinate_system":"CAM_LEFT","val":[703.83,180.7,50.5,20.34]},{"name":"box2D1_left","coordinate_system":"CAM_LEFT","val":[628.7900000000001,179.14000000000001,17.7,16.66]},{"name":"box2D2_left","coordinate_system":"CAM_LEFT","val":[824.62,175.5,32.28,13.54]},{"name":"box2D3_left","coordinate_system":"CAM_LEFT","val":[1206.945,166.12,57.29,19.8]}],"cuboid":[{"name":"box3D","coordinate_system":"CAM_LEFT","val":[-10.0,499.0,-1.0,0,-1.0,0,-1000.0,-1000.0,-1000.0]}],"num":[{"name":"truncated","val":-1.0},{"name":"occluded","val":-1},{"name":"alpha","val":-10.0}]}},"-2":{}}},"23":{"frame_properties":{"transforms":{"vehicle-iso8855_to_odom":{"src":"vehicle-iso8855","dst":"odom","transform_src_to_dst":{"matrix4x4":[0.9968462252855655,0.0792136495941449,-0.004775023758596819,28.31486990764158,-0.07925411947498312,0.996813962434496,-0.008983809987074666,-1.5167656063493058,0.004048169977189246,0.009333917377757874,0.9999482438137591,0.3555345620856208,0.0,0.0,0.0,1.0]}}}},"objects":{"-1":{"object_data":{"bbox":[{"name":"box2D0_left","coordinate_system":"CAM_LEFT","val":[705.3549999999999,179.665,52.09,17.71]},{"name":"box2D1_left","coordinate_system":"CAM_LEFT","val":[626.6999999999999,180.185,19.8,16.67]},{"name":"box2D2_left","coordinate_system":"CAM_LEFT","val":[829.8349999999999,175.5,34.37,13.54]},{"name":"box2D3_left","coordinate_system":"CAM_LEFT","val":[1216.3,167.16500000000002,51.0,26.03]},{"name":"box2D4_left","coordinate_system":"CAM_LEFT","val":[1087.645,163.525,31.29,18.75]}],"cuboid":[{"name":"box3D","coordinate_system":"CAM_LEFT","val":[-10.0,499.0,-1.0,0,-1.0,0,-1000.0,-1000.0,-1000.0]}],"num":[{"name":"truncated","val":-1.0},{"name":"occluded","val":-1},{"name":"alpha","val":-10.0}]}},"-2":{}}},"24":{"frame_properties":{"transforms":{"vehicle-iso8855_to_odom":{"src":"vehicle-iso8855","dst":"odom","transform_src_to_dst":{"matrix4x4":[0.9967796294631481,0.08004108617216592,-0.004877992588026319,29.4965248095126,-0.08008040022652917,0.996752322349018,-0.008481591324641683,-1.618465715728675,0.004183274658423797,0.008844909056585373,0.9999521327528198,0.3690405400965816,0.0,0.0,0.0,1.0]}}}},"objects":{"-1":{"object_data":{"bbox":[{"name":"box2D0_left","coordinate_system":"CAM_LEFT","val":[717.47,180.4,81.76,21.3]},{"name":"box2D1_left","coordinate_system":"CAM_LEFT","val":[627.225,180.70499999999998,18.75,17.71]},{"name":"box2D2_left","coordinate_system":"CAM_LEFT","val":[830.875,174.98,30.21,20.84]},{"name":"box2D3_left","coordinate_system":"CAM_LEFT","val":[1102.2,164.56,50.0,22.92]},{"name":"box2D4_left","coordinate_system":"CAM_LEFT","val":[1223.6950000000002,166.125,36.59,34.37]}],"cuboid":[{"name":"box3D","coordinate_system":"CAM_LEFT","val":[-10.0,499.0,-1.0,0,-1.0,0,-1000.0,-1000.0,-1000.0]}],"num":[{"name":"truncated","val":-1.0},{"name":"occluded","val":-1},{"name":"alpha","val":-10.0}]}},"-2":{}}},"25":{"frame_properties":{"transforms":{"vehicle-iso8855_to_odom":{"src":"vehicle-iso8855","dst":"odom","transform_src_to_dst":{"matrix4x4":[0.9967004963390419,0.08085689448602855,-0.007091065616855945,30.675005262222918,-0.08089985497131837,0.9967041984128294,-0.005996193113877896,-1.7153584289973198,0.006582861317614508,0.006550074832742602,0.999956880298625,0.3827612555531934,0.0,0.0,0.0,1.0]}}}},"objects":{"-1":{"object_data":{"bbox":[