{"vcd":{"metadata":{"schema_version":"4.3.1"},"coordinate_systems":{"odom":{"type":"scene_cs","parent":"","pose_wrt_parent":[],"children":["vehicle-iso8855"]},"vehicle-iso8855":{"type":"local_cs","parent":"odom","pose_wrt_parent":[],"children":["VELO_TOP","IMU"]},"VELO_TOP":{"type":"sensor_cs","parent":"vehicle-iso8855","pose_wrt_parent":[1.0,0.0,0.0,0.76,0.0,1.0,0.0,0.0,0.0,0.0,1.0,1.73,0.0,0.0,0.0,1.0],"children":["CAM_LEFT","CAM_RIGHT"]},"IMU":{"type":"sensor_cs","parent":"vehicle-iso8855","pose_wrt_parent":[1.0,0.0,0.0,-0.05,0.0,1.0,0.0,0.32,0.0,0.0,1.0,0.93,0.0,0.0,0.0,1.0],"children":[]},"CAM_LEFT":{"type":"sensor_cs","parent":"VELO_TOP","pose_wrt_parent":[0.00023477336244722357,0.010449405831956193,0.9999453632367953,0.2729034268115415,-0.9999442001630205,0.010565354842876283,0.00012436569234822658,-0.001969265862949749,-0.010563477335159157,-0.9998895968819285,0.0104513045568421,-0.07228590051542844,0.0,0.0,0.0,1.0],"children":[]},"CAM_RIGHT":{"type":"sensor_cs","parent":"VELO_TOP","pose_wrt_parent":[0.00023477336244722357,0.010449405831956193,0.9999453632367953,0.2729034268115415,-0.9999442001630205,0.010565354842876283,0.00012436569234822658,-0.001969265862949749,-0.010563477335159157,-0.9998895968819285,0.0104513045568421,-0.07228590051542844,0.0,0.0,0.0,1.0],"children":[]}},"frames":{"0":{"frame_properties":{"transforms":{"vehicle-iso8855_to_odom":{"src":"vehicle-iso8855","dst":"odom","transform_src_to_dst_4x4":[0.9999999999999998,-4.780546787589867e-17,3.3667952409479075e-18,4.6566128730773915e-10,-3.2784363205746277e-17,1.0,-2.123481939347621e-18,-1.1641532182693484e-10,9.085338492486076e-19,-2.128066709989504e-18,1.0,7.275957614183426e-12,0.0,0.0,0.0,1.0]}}},"objects":{"-1":{"object_data":{"bbox":[{"name":"box2D0","coordinate_system":"CAM_LEFT","val":[481.28999999999996,200.60999999999999,48.52,30.08]},{"name":"box2D1","coordinate_system":"CAM_LEFT","val":[574.4350000000001,187.51,44.63,19.4]}],"cuboid":[{"name":"box3D","coordinate_system":"CAM_LEFT","val":[-10.0,499.0,-1.0,0,-1.0,0,-1000.0,-1000.0,-1000.0]}],"num":[{"name":"truncated","val":-1.0},{"name":"occluded","val":-1},{"name":"alpha","val":-10.0}]}},"0":{"object_data":{"bbox":[{"name":"box2D","coordinate_system":"CAM_LEFT","val":[226.74,236.66,166.66,78.08]}],"cuboid":[{"name":"box3D","coordinate_system":"CAM_LEFT","val":[-8.27,1.3,15.93,0,1.53,0,3.9,1.39,1.72]}],"num":[{"name":"truncated","val":0.0},{"name":"occluded","val":1},{"name":"alpha","val":2.0}]}},"1":{"object_data":{"bbox":[{"name":"box2D","coordinate_system":"CAM_LEFT","val":[414.905,200.395,66.27,40.87]}],"cuboid":[{"name":"box3D","coordinate_system":"CAM_LEFT","val":[-8.44,1.14,31.45,0,1.55,0,4.08,1.64,1.83]}],"num":[{"name":"truncated","val":0.0},{"name":"occluded","val":2},{"name":"alpha","val":1.81}]}},"2":{"object_data":{"bbox":[{"name":"box2D","coordinate_system":"CAM_LEFT","val":[1007.095,206.125,370.35,231.31]}],"cuboid":[{"name":"box3D","coordinate_system":"CAM_LEFT","val":[5.26,0.39,10.93,0,-1.56,0,5.59,2.58,2.5]}],"num":[{"name":"truncated","val":0.0},{"name":"occluded","val":3},{"name":"alpha","val":-2.0}]}},"3":{"object_data":{"bbox":[{"name":"box2D","coordinate_system":"CAM_LEFT","val":[1102.405,249.95,277.17,248.1]}],"cuboid":[{"name":"box3D","coordinate_system":"CAM_LEFT","val":[5.24,0.68,4.93,0,-1.57,0,6.21,1.97,2.65]}],"num":[{"name":"truncated","val":1.0},{"name":"occluded","val":3},{"name":"alpha","val":-2.35}]}},"6":{"object_data":{"bbox":[{"name":"box2D","coordinate_system":"CAM_LEFT","val":[522.78,182.475,30.52,32.55]}],"cuboid":[{"name":"box3D","coordinate_system":"CAM_LEFT","val":[-9.61,1.05,80.26,0,1.52,0,7.02,3.43,2.81]}],"num":[{"name":"truncated","val":0.0},{"name":"occluded","val":1},{"name":"alpha","val":1.64}]}},"8":{"object_data":{"bbox":[{"name":"box2D","coordinate_system":"CAM_LEFT","val":[622.48,188.42499999999998,18.82,14.09]}],"cuboid":[{"name":"box3D","coordinate_system":"CAM_LEFT","val":[1.12,1.43,67.26,0,-1.59,0,3.55,1.25,1.59]}],"num":[{"name":"truncated","val":0.0},{"name":"occluded","val":0},{"name":"alpha","val":-1.61}]}},"-2":{}}},"1":{"frame_properties":{"transforms":{"vehicle-iso8855_to_odom":{"src":"vehicle-iso8855","dst":"odom","transform_src_to_dst_4x4":[0.9999907133128791,0.004221230324482548,0.0008686210604718884,1.4877505946540306,-0.004221328154259293,0.999991084013581,0.00011082399387430757,0.0002505089986949244,-0.0008681455022546831,-0.0001144896992245026,0.9999996166076743,0.012187325899968314,0.0,0.0,0.0,1.0]}}},"objects":{"-1":{"object_data":{"bbox":[{"name":"box2D0","coordinate_system":"CAM_LEFT","val":[473.04499999999996,196.245,51.43,27.17]},{"name":"box2D1","coordinate_system":"CAM_LEFT","val":[566.195,187.515,49.49,15.53]}],"cuboid":[{"name":"box3D","coordinate_system":"CAM_LEFT","val":[-10.0,499.0,-1.0,0,-1.0,0,-1000.0,-1000.0,-1000.0]}],"num":[{"name":"truncated","val":-1.0},{"name":"occluded","val":-1},{"name":"alpha","val":-10.0}]}},"0":{"object_data":{"bbox":[{"name":"box2D","coordinate_system":"CAM_LEFT","val":[125.07000000000001,252.84500000000003,243.56,103.03]}],"cuboid":[{"name":"box3D","coordinate_system":"CAM_LEFT","val":[-8.24,1.26,12.69,0,1.54,0,3.9,1.39,1.72]}],"num":[{"name":"truncated","val":0.0},{"name":"occluded","val":3},{"name":"alpha","val":2.11}]}},"1":{"object_data":{"bbox":[{"name":"box2D","coordinate_system":"CAM_LEFT","val":[391.06,203.675,76.74,45.61]}],"cuboid":[{"name":"box3D","coordinate_system":"CAM_LEFT","val":[-8.55,1.14,28.42,0,1.55,0,4.08,1.64,1.83]}],"num":[{"name":"truncated","val":0.0},{"name":"occluded","val":2},{"name":"alpha","val":1.84}]}},"2":{"object_data":{"bbox":[{"name":"box2D","coordinate_system":"CAM_LEFT","val":[1043.0249999999999,213.64000000000001,395.95,284.1]}],"cuboid":[{"name":"box3D","coordinate_system":"CAM_LEFT","val":[5.22,0.38,9.4,0,-1.57,0,5.59,2.58,2.5]}],"num":[{"name":"truncated","val":0.0},{"name":"occluded","val":3},{"name":"alpha","val":-2.06}]}},"3":{"object_data":{"bbox":[{"name":"box2D","coordinate_system":"CAM_LEFT","val":[1145.755,249.615,190.49,248.77]}],"cuboid":[{"name":"box3D","coordinate_system":"CAM_LEFT","val":[5.26,0.65,3.37,0,-1.57,0,6.21,1.97,2.65]}],"num":[{"name":"truncated","val":1.0},{"name":"occluded","val":3},{"name":"alpha","val":-2.53}]}},"6":{"object_data":{"bbox":[{"name":"box2D","coordinate_system":"CAM_LEFT","val":[516.555,181.675,32.35,33.93]}],"cuboid":[{"name":"box3D","coordinate_system":"CAM_LEFT","val":[-9.9,0.93,77.12,0,1.52,0,7.02,3.43,2.81]}],"num":[{"name":"truncated","val":0.0},{"name":"occluded","val":1},{"name":"alpha","val":1.65}]}},"8":{"object_data":{"bbox":[{"name":"box2D","coordinate_system":"CAM_LEFT","val":[618.67,188.14000000000001,18.6,14.04]}],"cuboid":[{"name":"box3D","coordinate_system":"CAM_LEFT","val":[0.77,1.4,67.38,0,-1.59,0,3.55,1.25,1.59]}],"num":[{"name":"truncated","val":0.0},{"name":"occluded","val":0},{"name":"alpha","val":-1.6}]}},"-2":{}}},"2":{"frame_properties":{"transforms":{"vehicle-iso8855_to_odom":{"src":"vehicle-iso8855","dst":"odom","transform_src_to_dst_4x4":[0.999963279508878,0.008497204704981318,0.0011122706735180604,2.981621452325859,-0.008496990521435207,0.9999638804899916,-0.00019714836149132197,-0.006002496977260492,-0.0011139057088311738,0.0001876901687365105,0.9999993619930325,0.022695240700938642,0.0,0.0,0.0,1.0]}}},"objects":{"-1":{"object_data":{"bbox":[{"name":"box2D0","coordinate_system":"CAM_LEFT","val":[563.7650000000001,184.115,44.63,24.25]}],"cuboid":[{"name":"box3D","coordinate_system":"CAM_LEFT","val":[-10.0,499.0,-1.0,0,-1.0,0,-1000.0,-1000.0,-1000.0]}],"num":[{"name":"truncated","val":-1.0},{"name":"occluded","val":-1},{"name":"alpha","val":-10.0}]}},"0":{"object_data":{"bbox":[{"name":"box2D","coordinate_system":"CAM_LEFT","val":[73.725,270.06,147.45,125.76]}],"cuboid":[{"name":"box3D","coordinate_system":"CAM_LEFT","val":[-8.21,1.23,9.44,0,1.56,0,3.9,1.39,1.72]}],"num":[{"name":"truncated","val":1.0},{"name":"occluded","val":3},{"name":"alpha","val":2.26}]}},"1":{"object_data":{"bbox":[{"name":"box2D","coordinate_system":"CAM_LEFT","val":[361.4,207.73999999999998,90.66,51.7]}],"cuboid":[{"name":"box3D","coordinate_system":"CAM_LEFT","val":[-8.66,1.14,25.4,0,1.55,0,4.08,1.64,1.83]}],"num":[{"name":"truncated","val":0.0},{"name":"occluded","val":2},{"name":"alpha","val":1.87}]}},"2":{"object_data":{"bbox":[{"name":"box2D","coordinate_system":"CAM_LEFT","val":[1057.93,207.93,366.14,332.14]}],"cuboid":[{"name":"box3D","coordinate_system":"CAM_LEFT","val":[5.18,0.38,7.87,0,-1.58,0,5.59,2.58,2.5]}],"num":[{"name":"truncated","val":1.0},{"name":"occluded","val":3},{"name":"alpha","val":-2.14}]}},"4":{"object_data":{"bbox":[{"name":"box2D","coordinate_system":"CAM_LEFT","val":[451.15000000000003,199.35999999999999,42.96,28.94]}],"cuboid":[{"name":"box3D","coordinate_system":"CAM_LEFT","val":[-9.26,1.49,42.26,0,1.52,0,4.37,1.56,1.73]}],"num":[{"name":"truncated","val":0.0},{"name":"occluded","val":1},{"name":"alpha","val":1.73}]}},"5":{"object_data":{"bbox":[{"name":"box2D","coordinate_system":"CAM_LEFT","val":[483.415,195.09,27.85,21.86]}],"cuboid":[{"name":"box3D","coordinate_system":"CAM_LEFT","val":[-9.66,1.67,55.15,0,1.56,0,2.65,1.59,1.67]}],"num":[{"name":"truncated","val":0.0},{"name":"occluded","val":1},{"name":"alpha","val":1.73}]}},"6":{"object_data":{"bbox":[{"name":"box2D","coordinate_system":"CAM_LEFT","val":[510.395,181.67,34.27,35.4]}],"cuboid":[{"name":"box3D","coordinate_system":"CAM_LEFT","val":[-10.14,0.89,74.06,0,1.52,0,7.02,3.43,2.81]}],"num":[{"name":"truncated","val":0.0},{"name":"occluded","val":1},{"name":"alpha","val":1.66}]}},"8":{"object_data":{"bbox":[{"name":"box2D","coordinate_system":"CAM_LEFT","val":[614.875,187.86,18.39,14.0]}],"cuboid":[{"name":"box3D","coordinate_system":"CAM_LEFT","val":[0.42,1.38,67.51,0,-1.59,0,3.55,1.25,1.59]}],"num":[{"name":"truncated","val":0.0},{"name":"occluded","val":0},{"name":"alpha","val":-1.6}]}},"-2":{}}},"3":{"frame_properties":{"transforms":{"vehicle-iso8855_to_odom":{"src":"vehicle-iso8855","dst":"odom","transform_src_to_dst_4x4":[0.9999122911045688,0.013177551686912958,0.001327489943587431,4.630675954320148,-0.013176082695747474,0.9999125762977219,-0.0011093270247270852,-0.020031005437144967,-0.0013419921037078524,0.0010917386096045915,0.9999985035808814,0.033066031188160636,0.0,0.0,0.0,1.0]}}},"objects":{"-1":{"object_data":{"bbox":[{"name":"box2D0","coordinate_system":"CAM_LEFT","val":[562.46,191.23000000000002,74.46,27.78]}],"cuboid":[{"name":"box3D","coordinate_system":"CAM_LEFT","val":[-10.0,499.0,-1.0,0,-1.0,0,-1000.0,-1000.0,-1000.0]}],"num":[{"name":"truncated","val":-1.0},{"name":"occluded","val":-1},{"name":"alpha","val":-10.0}]}},"1":{"object_data":{"bbox":[{"name":"box2D","coordinate_system":"CAM_LEFT","val":[323.485,212.99499999999998,109.83,59.65]}],"cuboid":[{"name":"box3D","coordinate_system":"CAM_LEFT","val":[-8.77,1.16,22.37,0,1.55,0,4.08,1.64,1.83]}],"num":[{"name":"truncated","val":0.0},{"name":"occluded","val":2},{"name":"alpha","val":1.92}]}},"2":{"object_data":{"bbox":[{"name":"box2D","coordinate_system":"CAM_LEFT","val":[1077.87,200.32500000000002,326.26,347.35]}],"cuboid":[{"name":"box3D","coordinate_system":"CAM_LEFT","val":[5.15,0.37,6.34,0,-1.59,0,5.59,2.58,2.5]}],"num":[{"name":"truncated","val":1.0},{"name":"occluded","val":3},{"name":"alpha","val":-2.25}]}},"4":{"object_data":{"bbox":[{"name":"box2D","coordinate_system":"CAM_LEFT","val":[436.515,201.66,48.41,31.26]}],"cuboid":[{"name":"box3D","coordinate_system":"CAM_LEFT","val":[-9.44,1.51,39.45,0,1.53,0,4.37,1.56,1.73]}],"num":[{"name":"truncated","val":0.0},{"name":"occluded","val":1},{"name":"alpha","val":1.76}]}},"5":{"object_data":{"bbox":[{"name":"box2D","coordinate_system":"CAM_LEFT","val":[473.85,194.87,29.82,23.02]}],"cuboid":[{"name":"box3D","coordinate_system":"CAM_LEFT","val":[-9.86,1.57,52.36,0,1.56,0,2.65,1.59,1.67]}],"num":[{"name":"truncated","val":0.0},{"name":"occluded","val":1},{"name":"alpha","val":1.74}]}},"6":{"object_data":{"bbox":[{"name":"box2D","coordinate_system":"CAM_LEFT","val":[503.7,181.675,36.4,36.99]}],"cuboid":[{"name":"box3D","coordinate_system":"CAM_LEFT","val":[-10.37,0.85,71.03,0,1.52,0,7.02,3.43,2.81]}],"num":[{"name":"truncated","val":0.0},{"name":"occluded","val":1},{"name":"alpha","val":1.67}]}},"8":{"object_data":{"bbox":[{"name":"box2D","coordinate_system":"CAM_LEFT","val":[611.09,187.57999999999998,18.18,13.96]}],"cuboid":[{"name":"box3D","coordinate_system":"CAM_LEFT","val":[0.06,1.36,67.64,0,-1.59,0,3.55,1.25,1.59]}],"num":[{"name":"truncated","val":0.0},{"name":"occluded","val":0},{"name":"alpha","val":-1.59}]}},"-2":{}}},"4":{"frame_properties":{"transforms":{"vehicle-iso8855_to_odom":{"src":"vehicle-iso8855","dst":"odom","transform_src_to_dst_4x4":[0.9998476480413696,0.017433997319085223,0.0008581629329308917,6.133089962418861,-0.017433313111195493,0.9998477094635004,-0.0007984200392309313,-0.03945692327762853,-0.000871951895660888,0.0007833377752639396,0.9999993130406749,0.04340453671692203,0.0,0.0,0.0,1.0]}}},"objects":{"-1":{"object_data":{"bbox":[{"name":"box2D0","coordinate_system":"CAM_LEFT","val":[556.97,184.60000000000002,46.56,29.1]}],"cuboid":[{"name":"box3D","coordinate_system":"CAM_LEFT","val":[-10.0,499.0,-1.0,0,-1.0,0,-1000.0,-1000.0,-1000.0]}],"num":[{"name":"truncated","val":-1.0},{"name":"occluded","val":-1},{"name":"alpha","val":-10.0}]}},"1":{"object_data":{"bbox":[{"name":"box2D","coordinate_system":"CAM_LEFT","val":[274.38,216.9,138.9,70.94]}],"cuboid":[{"name":"box3D","coordinate_system":"CAM_LEFT","val":[-8.69,1.06,19.04,0,1.54,0,4.08,1.64,1.83]}],"num":[{"name":"truncated","val":0.0},{"name":"occluded","val":2},{"name":"alpha","val":1.97}]}},"2":{"object_data":{"bbox":[{"name":"box2D","coordinate_system":"CAM_LEFT","val":[1105.905,199.775,270.19,348.45]}],"cuboid":[{"name":"box3D","coordinate_system":"CAM_LEFT","val":[5.11,0.36,4.8,0,-1.6,0,5.59,2.58,2.5]}],"num":[{"name":"truncated","val":2.0},{"name":"occluded","val":3},{"name":"alpha","val":-2.38}]}},"4":{"object_data":{"bbox":[{"name":"box2D","coordinate_system":"CAM_LEFT","val":[419.59499999999997,204.33,54.93,33.98]}],"cuboid":[{"name":"box3D","coordinate_system":"CAM_LEFT","val":[-9.61,1.53,36.64,0,1.54,0,4.37,1.56,1.73]}],"num":[{"name":"truncated","val":0.0},{"name":"occluded","val":0},{"name":"alpha","val":1.79}]}},"5":{"object_data":{"bbox":[{"name":"box2D","coordinate_system":"CAM_LEFT","val":[463.495,195.745,32.17,24.49]}],"cuboid":[{"name":"box3D","coordinate_system":"CAM_LEFT","val":[-10.0,1.54,49.31,0,1.55,0,2.65,1.59,1.67]}],"num":[{"name":"truncated","val":0.0},{"name":"occluded","val":0},{"name":"alpha","val":1.75}]}},"6":{"object_data":{"bbox":[{"name":"box2D","coordinate_system":"CAM_LEFT","val":[496.4,181.68,38.8,38.74]}],"cuboid":[{"name":"box3D","coordinate_system":"CAM_LEFT","val":[-10.61,0.82,67.98,0,1.52,0,7.02,3.43,2.81]}],"num":[{"name":"truncated","val":0.0},{"name":"occluded","val":1},{"name":"alpha","val":1.68}]}},"8":{"object_data":{"bbox":[{"name":"box2D","coordinate_system":"CAM_LEFT","val":[607.32,187.3,17.98,13.94]}],"cuboid":[{"name":"box3D","coordinate_system":"CAM_LEFT","val":[-0.28,1.33,67.77,0,-1.59,0,3.55,1.25,1.59]}],"num":[{"name":"truncated","val":0.0},{"name":"occluded","val":0},{"name":"alpha","val":-1.59}]}},"-2":{}}},"5":{"frame_properties":{"transforms":{"vehicle-iso8855_to_odom":{"src":"vehicle-iso8855","dst":"odom","transform_src_to_dst_4x4":[0.9997522371360769,0.022253577805312123,0.0004925609328976814,7.790993524244085,-0.0222532642405504,0.9997521649446973,-0.0006331816732894723,-0.06834195959578056,-0.0005065294166630754,0.0006220637057903655,0.9999996782322963,0.055491796933641105,0.0,0.0,0.0,1.0]}}},"objects":{"-1":{"object_data":{"bbox":[{"name":"box2D0","coordinate_system":"CAM_LEFT","val":[553.57,186.055,51.42,30.07]}],"cuboid":[{"name":"box3D","coordinate_system":"CAM_LEFT","val":[-10.0,499.0,-1.0,0,-1.0,0,-1000.0,-1000.0,-1000.0]}],"num":[{"name":"truncated","val":-1.0},{"name":"occluded","val":-1},{"name":"alpha","val":-10.0}]}},"1":{"object_data":{"bbox":[{"name":"box2D","coordinate_system":"CAM_LEFT","val":[208.215,225.345,180.97,86.57]}],"cuboid":[{"name":"box3D","coordinate_system":"CAM_LEFT","val":[-8.69,1.04,16.01,0,1.53,0,4.08,1.64,1.83]}],"num":[{"name":"truncated","val":0.0},{"name":"occluded","val":2},{"name":"alpha","val":2.03}]}},"2":{"object_data":{"bbox":[{"name":"box2D","coordinate_system":"CAM_LEFT","val":[1148.2150000000001,198.725,185.55,350.55]}],"cuboid":[{"name":"box3D","coordinate_system":"CAM_LEFT","val":[5.07,0.36,3.28,0,-1.6,0,5.59,2.58,2.5]}],"num":[{"name":"truncated","val":2.0},{"name":"occluded","val":3},{"name":"alpha","val":-2.56}]}},"4":{"object_data":{"bbox":[{"name":"box2D","coordinate_system":"CAM_LEFT","val":[400.65,206.45,61.66,37.28]}],"cuboid":[{"name":"box3D","coordinate_system":"CAM_LEFT","val":[-9.69,1.51,33.64,0,1.53,0,4.37,1.56,1.73]}],"num":[{"name":"truncated","val":0.0},{"name":"occluded","val":0},{"name":"alpha","val":1.81}]}},"5":{"object_data":{"bbox":[{"name":"box2D","coordinate_system":"CAM_LEFT","val":[451.775,196.74,34.91,26.16]}],"cuboid":[{"name":"box3D","coordinate_system":"CAM_LEFT","val":[-10.14,1.5,46.27,0,1.55,0,2.65,1.59,1.67]}],"num":[{"name":"truncated","val":0.0},{"name":"occluded","val":0},{"name":"alpha","val":1.77}]}},"6":{"object_data":{"bbox":[{"name":"box2D","coordinate_system":"CAM_LEFT","val":[488.40500000000003,181.68,41.49,40.66]}],"cuboid":[{"name":"box3D","coordinate_system":"CAM_LEFT","val":[-10.84,0.78,64.94,0,1.52,0,7.02,3.43,2.81]}],"num":[{"name":"truncated","val":0.0},{"name":"occluded","val":1},{"name":"alpha","val":1.69}]}},"8":{"object_data":{"bbox":[{"name":"box2D","coordinate_system":"CAM_LEFT","val":[602.935,187.305,17.85,13.91]}],"cuboid":[{"name":"box3D","coordinate_system":"CAM_LEFT","val":[-0.69,1.34,67.89,0,-1.6,0,3.55,1.25,1.59]}],"num":[{"name":"truncated","val":0.0},{"name":"occluded","val":0},{"name":"alpha","val":-1.58}]}},"-2":{}}},"6":{"frame_properties":{"transforms":{"vehicle-iso8855_to_odom":{"src":"vehicle-iso8855","dst":"odom","transform_src_to_dst_4x4":[0.9996441996778322,0.02659476837222293,0.0020475218420387417,9.303381129476463,-0.02659544441103231,0.9996462324899987,0.00030365297842320434,-0.10041538434353915,-0.0020387219147083037,-0.0003579996919259797,0.9999978577222929,0.0665656214067386,0.0,0.0,0.0,1.0]}}},"objects":{"-1":{"object_data":{"bbox":[{"name":"box2D0","coordinate_system":"CAM_LEFT","val":[546.7800000000001,187.025,51.42,30.07]}],"cuboid":[{"name":"box3D","coordinate_system":"CAM_LEFT","val":[-10.0,499.0,-1.0,0,-1.0,0,-1000.0,-1000.0,-1000.0]}],"num":[{"name":"truncated","val":-1.0},{"name":"occluded","val":-1},{"name":"alpha","val":-10.0}]}},"1":{"object_data":{"bbox":[{"name":"box2D","coordinate_system":"CAM_LEFT","val":[117.71,238.305,235.42,110.73]}],"cuboid":[{"name":"box3D","coordinate_system":"CAM_LEFT","val":[-8.69,1.02,12.97,0,1.53,0,4.08,1.64,1.83]}],"num":[{"name":"truncated","val":0.0},{"name":"occluded","val":3},{"name":"alpha","val":2.11}]}},"4":{"object_data":{"bbox":[{"name":"box2D","coordinate_system":"CAM_LEFT","val":[377.93,209.01500000000001,70.24,41.31]}],"cuboid":[{"name":"box3D","coordinate_system":"CAM_LEFT","val":[-9.77,1.47,30.64,0,1.52,0,4.37,1.56,1.73]}],"num":[{"name":"truncated","val":0.0},{"name":"occluded","val":0},{"name":"alpha","val":1.83}]}},"5":{"object_data":{"bbox":[{"name":"box2D","coordinate_system":"CAM_LEFT","val":[438.4,197.88,38.14,28.06]}],"cuboid":[{"name":"box3D","coordinate_system":"CAM_LEFT","val":[-10.27,1.47,43.22,0,1.55,0,2.65,1.59,1.67]}],"num":[{"name":"truncated","val":0.0},{"name":"occluded","val":0},{"name":"alpha","val":1.78}]}},"6":{"object_data":{"bbox":[{"name":"box2D","coordinate_system":"CAM_LEFT","val":[479.615,181.68,44.53,42.78]}],"cuboid":[{"name":"box3D","coordinate_system":"CAM_LEFT","val":[-11.08,0.74,61.89,0,1.52,0,7.02,3.43,2.81]}],"num":[{"name":"truncated","val":0.0},{"name":"occluded","val":1},{"name":"alpha","val":1.7}]}},"8":{"object_data":{"bbox":[{"name":"box2D","coordinate_system":"CAM_LEFT","val":[598.57,187.32,17.72,13.88]}],"cuboid":[{"name":"box3D","coordinate_system":"CAM_LEFT","val":[-1.11,1.34,68.02,0,-1.6,0,3.55,1.25,1.59]}],"num":[{"name":"truncated","val":0.0},{"name":"occluded","val":0},{"name":"alpha","val":-1.58}]}},"-2":{}}},"7":{"frame_properties":{"transforms":{"vehicle-iso8855_to_odom":{"src":"vehicle-iso8855","dst":"odom","transform_src_to_dst_4x4":[0.9995146817955078,0.030976757686106433,0.0032926218247015106,10.817939295907546,-0.030979132498453143,0.9995198051167291,0.0006727028018915315,-0.13896447985767882,-0.0032702025728597807,-0.0007743788947502935,0.9999943530402856,0.0773941029652017,0.0,0.0,0.0,1.0]}}},"objects":{"-1":{"object_data":{"bbox":[{"name":"box2D0","coordinate_system":"CAM_LEFT","val":[541.4499999999999,184.60000000000002,54.34,23.28]}],"cuboid":[{"name":"box3D","coordinate_system":"CAM_LEFT","val":[-10.0,499.0,-1.0,0,-1.0,0,-1000.0,-1000.0,-1000.0]}],"num":[{"name":"truncated","val":-1.0},{"name":"occluded","val":-1},{"name":"alpha","val":-10.0}]}},"1":{"object_data":{"bbox":[{"name":"box2D","coordinate_system":"CAM_LEFT","val":[70.15,250.08999999999997,140.3,131.66]}],"cuboid":[{"name":"box3D","coordinate_system":"CAM_LEFT","val":[-8.69,1.0,9.94,0,1.52,0,4.08,1.64,1.83]}],"num":[{"name":"truncated","val":1.0},{"name":"occluded","val":3},{"name":"alpha","val":2.22}]}},"4":{"object_data":{"bbox":[{"name":"box2D","coordinate_system":"CAM_LEFT","val":[350.175,212.175,81.51,46.29]}],"cuboid":[{"name":"box3D","coordinate_system":"CAM_LEFT","val":[-9.86,1.43,27.64,0,1.52,0,4.37,1.56,1.73]}],"num":[{"name":"truncated","val":0.0},{"name":"occluded","val":1},{"name":"alpha","val":1.86}]}},"5":{"object_data":{"bbox":[{"name":"box2D","coordinate_system":"CAM_LEFT","val":[422.985,199.2,41.99,30.28]}],"cuboid":[{"name":"box3D","coordinate_system":"CAM_LEFT","val":[-10.4,1.43,40.18,0,1.55,0,2.65,1.59,1.67]}],"num":[{"name":"truncated","val":0.0},{"name":"occluded","val":0},{"name":"alpha","val":1.8}]}},"6":{"object_data":{"bbox":[{"name":"box2D","coordinate_system":"CAM_LEFT","val":[471.27000000000004,181.865,47.82,45.11]}],"cuboid":[{"name":"box3D","coordinate_system":"CAM_LEFT","val":[-11.21,0.72,58.88,0,1.52,0,7.02,3.43,2.81]}],"num":[{"name":"truncated","val":0.0},{"name":"occluded","val":1},{"name":"alpha","val":1.71}]}},"8":{"object_data":{"bbox":[{"name":"box2D","coordinate_system":"CAM_LEFT","val":[594.2149999999999,187.33,17.59,13.86]}],"cuboid":[{"name":"box3D","coordinate_system":"CAM_LEFT","val":[-1.52,1.34,68.14,0,-1.6,0,3.55,1.25,1.59]}],"num":[{"name":"truncated","val":0.0},{"name":"occluded","val":0},{"name":"alpha","val":-1.58}]}},"-2":{}}},"8":{"frame_properties":{"transforms":{"vehicle-iso8855_to_odom":{"src":"vehicle-iso8855","dst":"odom","transform_src_to_dst_4x4":[0.9993537243444275,0.0358333230970062,0.0028472082374690283,12.487768991903716,-0.03583670252828191,0.9993570032619725,0.0011448943835111042,-0.1908309919924901,-0.0028043521215035524,-0.0012461890207850828,0.9999952912999656,0.08682884621820447,0.0,0.0,0.0,1.0]}}},"objects":{"-1":{"object_data":{"bbox":[{"name":"box2D0","coordinate_system":"CAM_LEFT","val":[537.565,186.055,52.39,24.25]}],"cuboid":[{"name":"box3D","coordinate_system":"CAM_LEFT","val":[-10.0,499.0,-1.0,0,-1.0,0,-1000.0,-1000.0,-1000.0]}],"num":[{"name":"truncated","val":-1.0},{"name":"occluded","val":-1},{"name":"alpha","val":-10.0}]}},"4":{"object_data":{"bbox":[{"name":"box2D","coordinate_system":"CAM_LEFT","val":[315.48499999999996,216.165,96.79,52.65]}],"cuboid":[{"name":"box3D","coordinate_system":"CAM_LEFT","val":[-9.94,1.39,24.65,0,1.51,0,4.37,1.56,1.73]}],"num":[{"name":"truncated","val":0.0},{"name":"occluded","val":1},{"name":"alpha","val":1.89}]}},"5":{"object_data":{"bbox":[{"name":"box2D","coordinate_system":"CAM_LEFT","val":[405.03,200.74,46.66,32.88]}],"cuboid":[{"name":"box3D","coordinate_system":"CAM_LEFT","val":[-10.53,1.4,37.13,0,1.55,0,2.65,1.59,1.67]}],"num":[{"name":"truncated","val":0.0},{"name":"occluded","val":0},{"name":"alpha","val":1.82}]}},"6":{"object_data":{"bbox":[{"name":"box2D","coordinate_system":"CAM_LEFT","val":[462.02000000000004,182.075,51.58,47.71]}],"cuboid":[{"name":"box3D","coordinate_system":"CAM_LEFT","val":[-11.34,0.7,55.87,0,1.52,0,7.02,3.43,2.81]}],"num":[{"name":"truncated","val":0.0},{"name":"occluded","val":1},{"name":"alpha","val":1.72}]}},"8":{"object_data":{"bbox":[{"name":"box2D","coordinate_system":"CAM_LEFT","val":[589.875,187.33499999999998,17.47,13.83]}],"cuboid":[{"name":"box3D","coordinate_system":"CAM_LEFT","val":[-1.93,1.35,68.27,0,-1.61,0,3.55,1.25,1.59]}],"num":[{"name":"truncated","val":0.0},{"name":"occluded","val":0},{"name":"alpha","val":-1.58}]}},"-2":{}}},"9":{"frame_properties":{"transforms":{"vehicle-iso8855_to_odom":{"src":"vehicle-iso8855","dst":"odom","transform_src_to_dst_4x4":[0.9991945381505712,0.040078133456612694,0.002004532040256191,14.007942050808456,-0.04008118666292439,0.9991952900992835,0.0015068905404449439,-0.24467640059976925,-0.001942525613292633,-0.001586020820480668,0.9999968555611557,0.09403789231723096,0.0,0.0,0.0,1.0]}}},"objects":{"-1":{"object_data":{"bbox":[{"name":"box2D0","coordinate_system":"CAM_LEFT","val":[535.145,184.60000000000002,51.43,25.22]}],"cuboid":[{"name":"box3D","coordinate_system":"CAM_LEFT","val":[-10.0,499.0,-1.0,0,-1.0,0,-1000.0,-1000.0,-1000.0]}],"num":[{"name":"truncated","val":-1.0},{"name":"occluded","val":-1},{"name":"alpha","val":-10.0}]}},"4":{"object_data":{"bbox":[{"name":"box2D","coordinate_system":"CAM_LEFT","val":[270.88,221.37,118.38,61.02]}],"cuboid":[{"name":"box3D","coordinate_system":"CAM_LEFT","val":[-10.02,1.36,21.65,0,1.5,0,4.37,1.56,1.73]}],"num":[{"name":"truncated","val":0.0},{"name":"occluded","val":1},{"name":"alpha","val":1.93}]}},"5":{"object_data":{"bbox":[{"name":"box2D","coordinate_system":"CAM_LEFT","val":[386.265,203.585,51.99,36.07]}],"cuboid":[{"name":"box3D","coordinate_system":"CAM_LEFT","val":[-10.54,1.41,34.04,0,1.54,0,2.65,1.59,1.67]}],"num":[{"name":"truncated","val":0.0},{"name":"occluded","val":0},{"name":"alpha","val":1.84}]}},"6":{"object_data":{"bbox":[{"name":"box2D","coordinate_system":"CAM_LEFT","val":[451.69,182.305,55.9,50.61]}],"cuboid":[{"name":"box3D","coordinate_system":"CAM_LEFT","val":[-11.47,0.67,52.86,0,1.52,0,7.02,3.43,2.81]}],"num":[{"name":"truncated","val":0.0},{"name":"occluded","val":1},{"name":"alpha","val":1.74}]}},"8":{"object_data":{"bbox":[{"name":"box2D","coordinate_system":"CAM_LEFT","val":[585.515,187.345,17.43,13.81]}],"cuboid":[{"name":"box3D","coordinate_system":"CAM_LEFT","val":[-2.34,1.35,68.39,0,-1.61,0,3.55,1.25,1.59]}],"num":[{"name":"truncated","val":0.0},{"name":"occluded","val":0},{"name":"alpha","val":-1.57}]}},"-2":{}}},"10":{"frame_properties":{"transforms":{"vehicle-iso8855_to_odom":{"src":"vehicle-iso8855","dst":"odom","transform_src_to_dst_4x4":[0.9990225831374953,0.04418478007318831,0.0012584081890352236,15.530499655515806,-0.04418721506627161,0.9990213102902666,0.00197777921060784,-0.30474830043778134,-0.0011697888584359347,-0.002031451649147151,0.9999972523953372,0.10523729129616641,0.0,0.0,0.0,1.0]}}},"objects":{"-1":{"object_data":{"bbox":[{"name":"box2D0","coordinate_system":"CAM_LEFT","val":[530.775,185.57000000000002,58.21,27.16]}],"cuboid":[{"name":"box3D","coordinate_system":"CAM_LEFT","val":[-10.0,499.0,-1.0,0,-1.0,0,-1000.0,-1000.0,-1000.0]}],"num":[{"name":"truncated","val":-1.0},{"name":"occluded","val":-1},{"name":"alpha","val":-10.0}]}},"4":{"object_data":{"bbox":[{"name":"box2D","coordinate_system":"CAM_LEFT","val":[215.17499999999998,228.20999999999998,151.51,72.6]}],"cuboid":[{"name":"box3D","coordinate_system":"CAM_LEFT","val":[-10.0,1.3,18.62,0,1.5,0,4.37,1.56,1.73]}],"num":[{"name":"truncated","val":0.0},{"name":"occluded","val":1},{"name":"alpha","val":1.99}]}},"5":{"object_data":{"bbox":[{"name":"box2D","coordinate_system":"CAM_LEFT","val":[363.73,207.015,58.7,39.97]}],"cuboid":[{"name":"box3D","coordinate_system":"CAM_LEFT","val":[-10.55,1.42,30.97,0,1.53,0,2.65,1.59,1.67]}],"num":[{"name":"truncated","val":0.0},{"name":"occluded","val":0},{"name":"alpha","val":1.86}]}},"6":{"object_data":{"bbox":[{"name":"box2D","coordinate_system":"CAM_LEFT","val":[440.09,182.57,60.92,53.9]}],"cuboid":[{"name":"box3D","coordinate_system":"CAM_LEFT","val":[-11.6,0.65,49.85,0,1.52,0,7.02,3.43,2.81]}],"num":[{"name":"truncated","val":0.0},{"name":"occluded","val":1},{"name":"alpha","val":1.75}]}},"8":{"object_data":{"bbox":[{"name":"box2D","coordinate_system":"CAM_LEFT","val":[581.1650000000001,187.35999999999999,17.39,13.78]}],"cuboid":[{"name":"box3D","coordinate_system":"CAM_LEFT","val":[-2.76,1.36,68.52,0,-1.61,0,3.55,1.25,1.59]}],"num":[{"name":"truncated","val":0.0},{"name":"occluded","val":0},{"name":"alpha","val":-1.57}]}},"-2":{}}},"11":{"frame_properties":{"transforms":{"vehicle-iso8855_to_odom":{"src":"vehicle-iso8855","dst":"odom","transform_src_to_dst_4x4":[0.9988191358035725,0.048565061108768987,0.0013299594376533332,17.20807518872976,-0.048566804891923276,0.9988190749938148,0.0013118273860427258,-0.3768096518223742,-0.0012646798781288666,-0.0013748701765733454,0.9999982551568796,0.12054487847867168,0.0,0.0,0.0,1.0]}}},"objects":{"-1":{"object_data":{"bbox":[{"name":"box2D0","coordinate_system":"CAM_LEFT","val":[538.535,187.03,32.99,16.5]}],"cuboid":[{"name":"box3D","coordinate_system":"CAM_LEFT","val":[-10.0,499.0,-1.0,0,-1.0,0,-1000.0,-1000.0,-1000.0]}],"num":[{"name":"truncated","val":-1.0},{"name":"occluded","val":-1},{"name":"alpha","val":-10.0}]}},"4":{"object_data":{"bbox":[{"name":"box2D","coordinate_system":"CAM_LEFT","val":[136.4,238.105,204.08,89.57]}],"cuboid":[{"name":"box3D","coordinate_system":"CAM_LEFT","val":[-9.96,1.26,15.58,0,1.51,0,4.37,1.56,1.73]}],"num":[{"name":"truncated","val":0.0},{"name":"occluded","val":2},{"name":"alpha","val":2.07}]}},"5":{"object_data":{"bbox":[{"name":"box2D","coordinate_system":"CAM_LEFT","val":[336.17,211.225,67.4,44.81]}],"cuboid":[{"name":"box3D","coordinate_system":"CAM_LEFT","val":[-10.55,1.44,27.88,0,1.52,0,2.65,1.59,1.67]}],"num":[{"name":"truncated","val":0.0},{"name":"occluded","val":1},{"name":"alpha","val":1.88}]}},"6":{"object_data":{"bbox":[{"name":"box2D","coordinate_system":"CAM_LEFT","val":[426.96500000000003,182.875,66.83,57.65]}],"cuboid":[{"name":"box3D","coordinate_system":"CAM_LEFT","val":[-11.73,0.63,46.84,0,1.52,0,7.02,3.43,2.81]}],"num":[{"name":"truncated","val":0.0},{"name":"occluded","val":1},{"name":"alpha","val":1.77}]}},"7":{"object_data":{"bbox":[{"name":"box2D","coordinate_system":"CAM_LEFT","val":[508.58000000000004,186.455,22.72,25.81]}],"cuboid":[{"name":"box3D","coordinate_system":"CAM_LEFT","val":[-11.11,1.47,79.38,0,1.52,0,5.77,2.71,1.89]}],"num":[{"name":"truncated","val":0.0},{"name":"occluded","val":3},{"name":"alpha","val":1.66}]}},"8":{"object_data":{"bbox":[{"name":"box2D","coordinate_system":"CAM_LEFT","val":[577.37,187.5,17.58,13.76]}],"cuboid":[{"name":"box3D","coordinate_system":"CAM_LEFT","val":[-3.13,1.37,68.63,0,-1.63,0,3.55,1.25,1.59]}],"num":[{"name":"truncated","val":0.0},{"name":"occluded","val":0},{"name":"alpha","val":-1.58}]}},"-2":{}}},"12":{"frame_properties":{"transforms":{"vehicle-iso8855_to_odom":{"src":"vehicle-iso8855","dst":"odom","transform_src_to_dst_4x4":[0.9986483491644262,0.05194996937797939,0.0016356627991847726,18.733096491468583,-0.05195281005623372,0.9986480164362688,0.0017449341441514595,-0.44891393040580985,-0.001542802134609204,-0.0018275528811796096,0.99999713990193,0.13700698155383165,0.0,0.0,0.0,1.0]}}},"objects":{"-1":{"object_data":{"bbox":[{"name":"box2D0","coordinate_system":"CAM_LEFT","val":[535.625,186.54,34.93,19.4]}],"cuboid":[{"name":"box3D","coordinate_system":"CAM_LEFT","val":[-10.0,499.0,-1.0,0,-1.0,0,-1000.0,-1000.0,-1000.0]}],"num":[{"name":"truncated","val":-1.0},{"name":"occluded","val":-1},{"name":"alpha","val":-10.0}]}},"4":{"object_data":{"bbox":[{"name":"box2D","coordinate_system":"CAM_LEFT","val":[82.2,251.82,164.4,113.02]}],"cuboid":[{"name":"box3D","coordinate_system":"CAM_LEFT","val":[-9.92,1.22,12.55,0,1.51,0,4.37,1.56,1.73]}],"num":[{"name":"truncated","val":0.0},{"name":"occluded","val":3},{"name":"alpha","val":2.17}]}},"5":{"object_data":{"bbox":[{"name":"box2D","coordinate_system":"CAM_LEFT","val":[301.68,216.515,79.04,50.97]}],"cuboid":[{"name":"box3D","coordinate_system":"CAM_LEFT","val":[-10.56,1.45,24.8,0,1.52,0,2.65,1.59,1.67]}],"num":[{"name":"truncated","val":0.0},{"name":"occluded","val":1},{"name":"alpha","val":1.92}]}},"6":{"object_data":{"bbox":[{"name":"box2D","coordinate_system":"CAM_LEFT","val":[412.0,183.22,73.84,61.94]}],"cuboid":[{"name":"box3D","coordinate_system":"CAM_LEFT","val":[-11.86,0.61,43.83,0,1.52,0,7.02,3.43,2.81]}],"num":[{"name":"truncated","val":0.0},{"name":"occluded","val":1},{"name":"alpha","val":1.79}]}},"7":{"object_data":{"bbox":[{"name":"box2D","coordinate_system":"CAM_LEFT","val":[504.57,186.29500000000002,23.42,26.29]}],"cuboid":[{"name":"box3D","coordinate_system":"CAM_LEFT","val":[-11.35,1.42,78.0,0,1.52,0,5.77,2.71,1.89]}],"num":[{"name":"truncated","val":0.0},{"name":"occluded","val":3},{"name":"alpha","val":1.67}]}},"8":{"object_data":{"bbox":[{"name":"box2D","coordinate_system":"CAM_LEFT","val":[573.5,187.64000000000001,17.96,13.74]}],"cuboid":[{"name":"box3D","coordinate_system":"CAM_LEFT","val":[-3.5,1.39,68.73,0,-1.64,0,3.55,1.25,1.59]}],"num":[{"name":"truncated","val":0.0},{"name":"occluded","val":0},{"name":"alpha","val":-1.59}]}},"-2":{}}},"13":{"frame_properties":{"transforms":{"vehicle-iso8855_to_odom":{"src":"vehicle-iso8855","dst":"odom","transform_src_to_dst_4x4":[0.9985009543112953,0.054713913674298724,0.0014939510948679202,20.258463900496192,-0.05471644257809645,0.9985004727714178,0.00170786031427237,-0.5267364889371027,-0.0013982671527201283,-0.0017870438429281803,0.999997425658323,0.15147072272944845,0.0,0.0,0.0,1.0]}}},"objects":{"-1":{"object_data":{"bbox":[{"name":"box2D0","coordinate_system":"CAM_LEFT","val":[535.625,186.54,34.93,19.4]}],"cuboid":[{"name":"box3D","coordinate_system":"CAM_LEFT","val":[-10.0,499.0,-1.0,0,-1.0,0,-1000.0,-1000.0,-1000.0]}],"num":[{"name":"truncated","val":-1.0},{"name":"occluded","val":-1},{"name":"alpha","val":-10.0}]}},"4":{"object_data":{"bbox":[{"name":"box2D","coordinate_system":"CAM_LEFT","val":[26.03,251.98000000000002,52.06,107.3]}],"cuboid":[{"name":"box3D","coordinate_system":"CAM_LEFT","val":[-9.89,1.18,9.51,0,1.51,0,4.37,1.56,1.73]}],"num":[{"name":"truncated","val":2.0},{"name":"occluded","val":3},{"name":"alpha","val":2.3}]}},"5":{"object_data":{"bbox":[{"name":"box2D","coordinate_system":"CAM_LEFT","val":[261.575,220.22,94.25,58.44]}],"cuboid":[{"name":"box3D","coordinate_system":"CAM_LEFT","val":[-10.48,1.37,21.81,0,1.51,0,2.65,1.59,1.67]}],"num":[{"name":"truncated","val":0.0},{"name":"occluded","val":1},{"name":"alpha","val":1.95}]}},"6":{"object_data":{"bbox":[{"name":"box2D","coordinate_system":"CAM_LEFT","val":[397.41999999999996,183.755,80.66,67.05]}],"cuboid":[{"name":"box3D","coordinate_system":"CAM_LEFT","val":[-11.83,0.59,40.76,0,1.51,0,7.02,3.43,2.81]}],"num":[{"name":"truncated","val":0.0},{"name":"occluded","val":1},{"name":"alpha","val":1.79}]}},"7":{"object_data":{"bbox":[{"name":"box2D","coordinate_system":"CAM_LEFT","val":[500.41499999999996,186.14,24.15,26.78]}],"cuboid":[{"name":"box3D","coordinate_system":"CAM_LEFT","val":[-11.58,1.38,76.62,0,1.52,0,5.77,2.71,1.89]}],"num":[{"name":"truncated","val":0.0},{"name":"occluded","val":3},{"name":"alpha","val":1.67}]}},"8":{"object_data":{"bbox":[{"name":"box2D","coordinate_system":"CAM_LEFT","val":[569.645,187.79000000000002,18.33,13.72]}],"cuboid":[{"name":"box3D","coordinate_system":"CAM_LEFT","val":[-3.88,1.4,68.84,0,-1.66,0,3.55,1.25,1.59]}],"num":[{"name":"truncated","val":0.0},{"name":"occluded","val":0},{"name":"alpha","val":-1.6}]}},"-2":{}}},"14":{"frame_properties":{"transforms":{"vehicle-iso8855_to_odom":{"src":"vehicle-iso8855","dst":"odom","transform_src_to_dst_4x4":[0.9983466851722754,0.05745626123210372,0.001635313657247962,21.936247101729247,-0.05745895689583303,0.9983465023841801,0.001652104632637081,-0.6158149907866953,-0.0015376859146590206,-0.0017433366004939693,0.9999972981461126,0.16671776923878512,0.0,0.0,0.0,1.0]}}},"objects":{"-1":{"object_data":{"bbox":[{"name":"box2D0","coordinate_system":"CAM_LEFT","val":[528.835,186.54,32.99,19.4]}],"cuboid":[{"name":"box3D","coordinate_system":"CAM_LEFT","val":[-10.0,499.0,-1.0,0,-1.0,0,-1000.0,-1000.0,-1000.0]}],"num":[{"name":"truncated","val":-1.0},{"name":"occluded","val":-1},{"name":"alpha","val":-10.0}]}},"5":{"object_data":{"bbox":[{"name":"box2D","coordinate_system":"CAM_LEFT","val":[208.48000000000002,225.205,116.24,68.49]}],"cuboid":[{"name":"box3D","coordinate_system":"CAM_LEFT","val":[-10.4,1.3,18.82,0,1.5,0,2.65,1.59,1.67]}],"num":[{"name":"truncated","val":0.0},{"name":"occluded","val":1},{"name":"alpha","val":2.0}]}},"6":{"object_data":{"bbox":[{"name":"box2D","coordinate_system":"CAM_LEFT","val":[380.4,184.395,89.06,73.07]}],"cuboid":[{"name":"box3D","coordinate_system":"CAM_LEFT","val":[-11.79,0.57,37.69,0,1.5,0,7.02,3.43,2.81]}],"num":[{"name":"truncated","val":0.0},{"name":"occluded","val":1},{"name":"alpha","val":1.8}]}},"7":{"object_data":{"bbox":[{"name":"box2D","coordinate_system":"CAM_LEFT","val":[496.10499999999996,185.965,24.93,27.29]}],"cuboid":[{"name":"box3D","coordinate_system":"CAM_LEFT","val":[-11.82,1.34,75.23,0,1.52,0,5.77,2.71,1.89]}],"num":[{"name":"truncated","val":0.0},{"name":"occluded","val":3},{"name":"alpha","val":1.68}]}},"8":{"object_data":{"bbox":[{"name":"box2D","coordinate_system":"CAM_LEFT","val":[566.84,187.92,17.98,13.7]}],"cuboid":[{"name":"box3D","coordinate_system":"CAM_LEFT","val":[-4.15,1.42,68.95,0,-1.66,0,3.55,1.25,1.59]}],"num":[{"name":"truncated","val":0.0},{"name":"occluded","val":0},{"name":"alpha","val":-1.6}]}},"-2":{}}},"15":{"frame_properties":{"transforms":{"vehicle-iso8855_to_odom":{"src":"vehicle-iso8855","dst":"odom","transform_src_to_dst_4x4":[0.9982317317428688,0.05943098980244225,0.0011692701719493296,23.461832383671503,-0.059432884423310524,0.9982309261229825,0.0016584272000869404,-0.700726310202408,-0.001068639676616493,-0.001724987754901353,0.9999979412111244,0.17970632185482593,0.0,0.0,0.0,1.0]}}},"objects":{"-1":{"object_data":{"bbox":[{"name":"box2D0","coordinate_system":"CAM_LEFT","val":[528.835,186.54,32.99,19.4]}],"cuboid":[{"name":"box3D","coordinate_system":"CAM_LEFT","val":[-10.0,499.0,-1.0,0,-1.0,0,-1000.0,-1000.0,-1000.0]}],"num":[{"name":"truncated","val":-1.0},{"name":"occluded","val":-1},{"name":"alpha","val":-10.0}]}},"5":{"object_data":{"bbox":[{"name":"box2D","coordinate_system":"CAM_LEFT","val":[134.79,232.265,150.22,82.69]}],"cuboid":[{"name":"box3D","coordinate_system":"CAM_LEFT","val":[-10.33,1.22,15.82,0,1.49,0,2.65,1.59,1.67]}],"num":[{"name":"truncated","val":0.0},{"name":"occluded","val":2},{"name":"alpha","val":2.06}]}},"6":{"object_data":{"bbox":[{"name":"box2D","coordinate_system":"CAM_LEFT","val":[360.245,185.165,99.61,80.27]}],"cuboid":[{"name":"box3D","coordinate_system":"CAM_LEFT","val":[-11.76,0.56,34.61,0,1.49,0,7.02,3.43,2.81]}],"num":[{"name":"truncated","val":0.0},{"name":"occluded","val":1},{"name":"alpha","val":1.81}]}},"7":{"object_data":{"bbox":[{"name":"box2D","coordinate_system":"CAM_LEFT","val":[493.025,186.04,25.77,27.96]}],"cuboid":[{"name":"box3D","coordinate_system":"CAM_LEFT","val":[-11.86,1.32,73.51,0,1.52,0,5.77,2.71,1.89]}],"num":[{"name":"truncated","val":0.0},{"name":"occluded","val":3},{"name":"alpha","val":1.68}]}},"8":{"object_data":{"bbox":[{"name":"box2D","coordinate_system":"CAM_LEFT","val":[564.0350000000001,188.05,17.63,13.68]}],"cuboid":[{"name":"box3D","coordinate_system":"CAM_LEFT","val":[-4.43,1.43,69.06,0,-1.65,0,3.55,1.25,1.59]}],"num":[{"name":"truncated","val":0.0},{"name":"occluded","val":0},{"