{"vcd":{"metadata":{"schema_version":"4.3.0"},"coordinate_systems":{"odom":{"type":"scene_cs","parent":"","pose_wrt_parent":[],"children":["vehicle-iso8855"]},"vehicle-iso8855":{"type":"local_cs","parent":"odom","pose_wrt_parent":[],"children":["VELO_TOP","IMU"]},"VELO_TOP":{"type":"sensor_cs","parent":"vehicle-iso8855","pose_wrt_parent":[1.0,0.0,0.0,0.76,0.0,1.0,0.0,0.0,0.0,0.0,1.0,1.73,0.0,0.0,0.0,1.0],"children":["CAM_LEFT","CAM_RIGHT"]},"IMU":{"type":"sensor_cs","parent":"vehicle-iso8855","pose_wrt_parent":[1.0,0.0,0.0,-0.05,0.0,1.0,0.0,0.32,0.0,0.0,1.0,0.93,0.0,0.0,0.0,1.0],"children":[]},"CAM_LEFT":{"type":"sensor_cs","parent":"VELO_TOP","pose_wrt_parent":[0.00023477336244722335,0.010449405831956193,0.9999453632367953,0.2729034268115415,-0.9999442001630205,0.010565354842876283,0.00012436569234822647,-0.001969265862949749,-0.010563477335159157,-0.9998895968819285,0.010451304556842098,-0.07228590051542844,0.0,0.0,0.0,1.0],"children":[]},"CAM_RIGHT":{"type":"sensor_cs","parent":"VELO_TOP","pose_wrt_parent":[0.00023477336244722335,0.010449405831956193,0.9999453632367953,0.2729034268115415,-0.9999442001630205,0.010565354842876283,0.00012436569234822647,-0.001969265862949749,-0.010563477335159157,-0.9998895968819285,0.010451304556842098,-0.07228590051542844,0.0,0.0,0.0,1.0],"children":[]}},"frames":{"0":{"frame_properties":{"transforms":{"vehicle-iso8855_to_odom":{"src":"vehicle-iso8855","dst":"odom","transform_src_to_dst_4x4":[1.0000000000000002,-7.041893110293354e-17,3.469446951953615e-18,9.313225746154787e-10,-1.4961989980299967e-17,1.0000000000000002,-3.469446951953615e-18,-1.4035413225692248e-26,-3.469446951953615e-18,2.443147458749043e-34,1.0,2.91038304567337e-11,0.0,0.0,0.0,1.0]}}},"objects":{"0":{"object_data":{"bbox":[{"name":"box2D","coordinate_system":"CAM_LEFT","val":[171.15,216.765,201.58,67.85]}],"cuboid":[{"name":"box3D","coordinate_system":"CAM_LEFT","val":[-11.06,1.02,18.3,0,2.34,0,4.09,1.49,1.58]}],"num":[{"name":"truncated","val":0.0},{"name":"occluded","val":0},{"name":"alpha","val":2.88}]}},"1":{"object_data":{"bbox":[{"name":"box2D","coordinate_system":"CAM_LEFT","val":[503.575,196.665,146.77,49.37]}],"cuboid":[{"name":"box3D","coordinate_system":"CAM_LEFT","val":[-3.53,0.73,23.79,0,2.73,0,4.5,1.49,1.66]}],"num":[{"name":"truncated","val":0.0},{"name":"occluded","val":0},{"name":"alpha","val":2.88}]}},"2":{"object_data":{"bbox":[{"name":"box2D","coordinate_system":"CAM_LEFT","val":[883.1600000000001,206.715,154.86,89.99]}],"cuboid":[{"name":"box3D","coordinate_system":"CAM_LEFT","val":[5.75,0.63,15.09,0,-0.78,0,3.63,1.64,1.66]}],"num":[{"name":"truncated","val":0.0},{"name":"occluded","val":1},{"name":"alpha","val":-1.14}]}},"3":{"object_data":{"bbox":[{"name":"box2D","coordinate_system":"CAM_LEFT","val":[990.685,174.3,139.25,57.18]}],"cuboid":[{"name":"box3D","coordinate_system":"CAM_LEFT","val":[14.0,0.04,26.7,0,3.03,0,4.34,2.0,1.65]}],"num":[{"name":"truncated","val":0.0},{"name":"occluded","val":1},{"name":"alpha","val":2.55}]}},"40":{"object_data":{"bbox":[{"name":"box2D","coordinate_system":"CAM_LEFT","val":[1185.065,193.03,111.85,60.58]}],"cuboid":[{"name":"box3D","coordinate_system":"CAM_LEFT","val":[16.2,0.5,19.09,0,-0.15,0,4.05,1.5,1.61]}],"num":[{"name":"truncated","val":0.0},{"name":"occluded","val":1},{"name":"alpha","val":-0.84}]}},"-2":{}}},"1":{"frame_properties":{"transforms":{"vehicle-iso8855_to_odom":{"src":"vehicle-iso8855","dst":"odom","transform_src_to_dst_4x4":[0.9999852904568914,0.005305049346898936,0.0011293012324894202,0.7605676802871051,-0.005305000044543224,0.9999859273002057,-4.6648417859960295e-05,0.0072992427103309955,-0.0011295328123308995,4.065678859439275e-05,0.9999993612511219,0.01662831256825418,0.0,0.0,0.0,1.0]}}},"objects":{"0":{"object_data":{"bbox":[{"name":"box2D","coordinate_system":"CAM_LEFT","val":[110.265,219.515,220.53,74.45]}],"cuboid":[{"name":"box3D","coordinate_system":"CAM_LEFT","val":[-11.65,0.98,16.86,0,2.31,0,4.09,1.49,1.58]}],"num":[{"name":"truncated","val":0.0},{"name":"occluded","val":0},{"name":"alpha","val":2.91}]}},"1":{"object_data":{"bbox":[{"name":"box2D","coordinate_system":"CAM_LEFT","val":[476.11,196.73,154.82,51.94]}],"cuboid":[{"name":"box3D","coordinate_system":"CAM_LEFT","val":[-4.22,0.69,22.67,0,2.7,0,4.5,1.49,1.66]}],"num":[{"name":"truncated","val":0.0},{"name":"occluded","val":0},{"name":"alpha","val":2.88}]}},"2":{"object_data":{"bbox":[{"name":"box2D","coordinate_system":"CAM_LEFT","val":[910.91,206.06,161.46,91.84]}],"cuboid":[{"name":"box3D","coordinate_system":"CAM_LEFT","val":[6.2,0.61,14.79,0,-0.74,0,3.63,1.64,1.66]}],"num":[{"name":"truncated","val":0.0},{"name":"occluded","val":1},{"name":"alpha","val":-1.13}]}},"3":{"object_data":{"bbox":[{"name":"box2D","coordinate_system":"CAM_LEFT","val":[986.09,174.04500000000002,142.4,58.85]}],"cuboid":[{"name":"box3D","coordinate_system":"CAM_LEFT","val":[13.44,0.03,25.95,0,3.01,0,4.34,2.0,1.65]}],"num":[{"name":"truncated","val":0.0},{"name":"occluded","val":2},{"name":"alpha","val":2.54}]}},"40":{"object_data":{"bbox":[{"name":"box2D","coordinate_system":"CAM_LEFT","val":[1208.8300000000002,192.68,64.32,61.92]}],"cuboid":[{"name":"box3D","coordinate_system":"CAM_LEFT","val":[17.07,0.47,18.57,0,-0.14,0,4.05,1.5,1.61]}],"num":[{"name":"truncated","val":1.0},{"name":"occluded","val":1},{"name":"alpha","val":-0.88}]}},"-2":{}}},"2":{"frame_properties":{"transforms":{"vehicle-iso8855_to_odom":{"src":"vehicle-iso8855","dst":"odom","transform_src_to_dst_4x4":[0.9999170126431696,0.012406944530612661,0.003469229622533754,1.5782479217827048,-0.01241133871242829,0.9999221975969514,0.001247968048009635,0.010587147390036774,-0.0034534762377847646,-0.0012909222663563867,0.9999932034876923,0.03113363363264356,0.0,0.0,0.0,1.0]}}},"objects":{"0":{"object_data":{"bbox":[{"name":"box2D","coordinate_system":"CAM_LEFT","val":[80.165,219.825,160.33,76.37]}],"cuboid":[{"name":"box3D","coordinate_system":"CAM_LEFT","val":[-12.24,0.95,15.41,0,2.27,0,4.09,1.49,1.58]}],"num":[{"name":"truncated","val":0.0},{"name":"occluded","val":0},{"name":"alpha","val":2.95}]}},"1":{"object_data":{"bbox":[{"name":"box2D","coordinate_system":"CAM_LEFT","val":[445.78000000000003,196.815,163.98,54.77]}],"cuboid":[{"name":"box3D","coordinate_system":"CAM_LEFT","val":[-4.91,0.66,21.56,0,2.67,0,4.5,1.49,1.66]}],"num":[{"name":"truncated","val":0.0},{"name":"occluded","val":0},{"name":"alpha","val":2.89}]}},"2":{"object_data":{"bbox":[{"name":"box2D","coordinate_system":"CAM_LEFT","val":[939.8249999999999,205.37,168.55,93.72]}],"cuboid":[{"name":"box3D","coordinate_system":"CAM_LEFT","val":[6.65,0.57,14.5,0,-0.7,0,3.63,1.64,1.66]}],"num":[{"name":"truncated","val":0.0},{"name":"occluded","val":1},{"name":"alpha","val":-1.12}]}},"3":{"object_data":{"bbox":[{"name":"box2D","coordinate_system":"CAM_LEFT","val":[981.215,173.775,145.71,60.61]}],"cuboid":[{"name":"box3D","coordinate_system":"CAM_LEFT","val":[12.89,0.02,25.2,0,2.99,0,4.34,2.0,1.65]}],"num":[{"name":"truncated","val":0.0},{"name":"occluded","val":2},{"name":"alpha","val":2.53}]}},"4":{"object_data":{"bbox":[{"name":"box2D","coordinate_system":"CAM_LEFT","val":[1223.155,171.92000000000002,35.69,44.48]}],"cuboid":[{"name":"box3D","coordinate_system":"CAM_LEFT","val":[24.41,-0.04,26.67,0,2.96,0,3.93,1.59,1.54]}],"num":[{"name":"truncated","val":2.0},{"name":"occluded","val":3},{"name":"alpha","val":2.23}]}},"40":{"object_data":{"bbox":[{"name":"box2D","coordinate_system":"CAM_LEFT","val":[1233.915,191.345,14.17,59.39]}],"cuboid":[{"name":"box3D","coordinate_system":"CAM_LEFT","val":[17.97,0.43,18.05,0,-0.14,0,4.05,1.5,1.61]}],"num":[{"name":"truncated","val":2.0},{"name":"occluded","val":0},{"name":"alpha","val":-0.92}]}},"-2":{}}},"3":{"frame_properties":{"transforms":{"vehicle-iso8855_to_odom":{"src":"vehicle-iso8855","dst":"odom","transform_src_to_dst_4x4":[0.9997808547109722,0.020109152159283317,0.0058193258057024425,2.3036513402891488,-0.020116473258501952,0.9997969203990796,0.0012022745763116875,0.0030625093665493353,-0.00579396729694791,-0.0013190754154550964,0.9999823448356532,0.039222555972793685,0.0,0.0,0.0,1.0]}}},"objects":{"0":{"object_data":{"bbox":[{"name":"box2D","coordinate_system":"CAM_LEFT","val":[44.445,219.76500000000001,88.89,77.79]}],"cuboid":[{"name":"box3D","coordinate_system":"CAM_LEFT","val":[-12.83,0.91,13.96,0,2.25,0,4.09,1.49,1.58]}],"num":[{"name":"truncated","val":1.0},{"name":"occluded","val":0},{"name":"alpha","val":2.99}]}},"1":{"object_data":{"bbox":[{"name":"box2D","coordinate_system":"CAM_LEFT","val":[412.09999999999997,196.93,174.54,57.92]}],"cuboid":[{"name":"box3D","coordinate_system":"CAM_LEFT","val":[-5.61,0.62,20.45,0,2.64,0,4.5,1.49,1.66]}],"num":[{"name":"truncated","val":0.0},{"name":"occluded","val":0},{"name":"alpha","val":2.9}]}},"2":{"object_data":{"bbox":[{"name":"box2D","coordinate_system":"CAM_LEFT","val":[969.985,204.645,176.23,95.67]}],"cuboid":[{"name":"box3D","coordinate_system":"CAM_LEFT","val":[7.1,0.55,14.2,0,-0.65,0,3.63,1.64,1.66]}],"num":[{"name":"truncated","val":0.0},{"name":"occluded","val":1},{"name":"alpha","val":-1.11}]}},"3":{"object_data":{"bbox":[{"name":"box2D","coordinate_system":"CAM_LEFT","val":[971.9100000000001,172.87,149.18,62.52]}],"cuboid":[{"name":"box3D","coordinate_system":"CAM_LEFT","val":[12.18,0.0,24.44,0,2.97,0,4.34,2.0,1.65]}],"num":[{"name":"truncated","val":0.0},{"name":"occluded","val":2},{"name":"alpha","val":2.52}]}},"4":{"object_data":{"bbox":[{"name":"box2D","coordinate_system":"CAM_LEFT","val":[1222.76,172.49,36.48,45.48]}],"cuboid":[{"name":"box3D","coordinate_system":"CAM_LEFT","val":[23.93,-0.02,26.08,0,2.99,0,3.93,1.59,1.54]}],"num":[{"name":"truncated","val":1.0},{"name":"occluded","val":1},{"name":"alpha","val":2.26}]}},"-2":{}}},"4":{"frame_properties":{"transforms":{"vehicle-iso8855_to_odom":{"src":"vehicle-iso8855","dst":"odom","transform_src_to_dst_4x4":[0.9995414064649873,0.02905198662084494,0.008541594428281193,3.0110227237413665,-0.02907358921491827,0.9995743543748381,0.002415882093280337,-0.009297924587024971,-0.008467772561729377,-0.002663108993019283,0.999960601563049,0.04852376327470429,0.0,0.0,0.0,1.0]}}},"objects":{"1":{"object_data":{"bbox":[{"name":"box2D","coordinate_system":"CAM_LEFT","val":[371.78000000000003,197.955,187.36,61.73]}],"cuboid":[{"name":"box3D","coordinate_system":"CAM_LEFT","val":[-6.36,0.6,19.29,0,2.6,0,4.5,1.49,1.66]}],"num":[{"name":"truncated","val":0.0},{"name":"occluded","val":0},{"name":"alpha","val":2.92}]}},"2":{"object_data":{"bbox":[{"name":"box2D","coordinate_system":"CAM_LEFT","val":[1001.475,203.88500000000002,184.57,97.67]}],"cuboid":[{"name":"box3D","coordinate_system":"CAM_LEFT","val":[7.55,0.53,13.9,0,-0.61,0,3.63,1.64,1.66]}],"num":[{"name":"truncated","val":0.0},{"name":"occluded","val":1},{"name":"alpha","val":-1.1}]}},"3":{"object_data":{"bbox":[{"name":"box2D","coordinate_system":"CAM_LEFT","val":[962.005,171.915,152.85,64.55]}],"cuboid":[{"name":"box3D","coordinate_system":"CAM_LEFT","val":[11.47,-0.04,23.67,0,2.96,0,4.34,2.0,1.65]}],"num":[{"name":"truncated","val":0.0},{"name":"occluded","val":2},{"name":"alpha","val":2.51}]}},"4":{"object_data":{"bbox":[{"name":"box2D","coordinate_system":"CAM_LEFT","val":[1222.385,173.075,37.23,46.53]}],"cuboid":[{"name":"box3D","coordinate_system":"CAM_LEFT","val":[23.45,0.0,25.49,0,3.02,0,3.93,1.59,1.54]}],"num":[{"name":"truncated","val":2.0},{"name":"occluded","val":1},{"name":"alpha","val":2.29}]}},"-2":{}}},"5":{"frame_properties":{"transforms":{"vehicle-iso8855_to_odom":{"src":"vehicle-iso8855","dst":"odom","transform_src_to_dst_4x4":[0.9991023751488679,0.04145750254829871,0.008701692614026299,3.7675761826157044,-0.041499217353094295,0.9991276259341876,0.004669266986963617,-0.031110338590011742,-0.008500525335050418,-0.0050261891700088485,0.9999512380568643,0.05739781159235616,0.0,0.0,0.0,1.0]}}},"objects":{"1":{"object_data":{"bbox":[{"name":"box2D","coordinate_system":"CAM_LEFT","val":[326.235,199.03,202.55,66.3]}],"cuboid":[{"name":"box3D","coordinate_system":"CAM_LEFT","val":[-7.11,0.58,18.14,0,2.57,0,4.5,1.49,1.66]}],"num":[{"name":"truncated","val":0.0},{"name":"occluded","val":0},{"name":"alpha","val":2.94}]}},"2":{"object_data":{"bbox":[{"name":"box2D","coordinate_system":"CAM_LEFT","val":[1034.385,203.085,193.65,99.73]}],"cuboid":[{"name":"box3D","coordinate_system":"CAM_LEFT","val":[8.0,0.51,13.61,0,-0.56,0,3.63,1.64,1.66]}],"num":[{"name":"truncated","val":0.0},{"name":"occluded","val":1},{"name":"alpha","val":-1.09}]}},"3":{"object_data":{"bbox":[{"name":"box2D","coordinate_system":"CAM_LEFT","val":[946.59,173.875,155.66,66.39]}],"cuboid":[{"name":"box3D","coordinate_system":"CAM_LEFT","val":[10.69,0.01,23.07,0,2.94,0,4.34,2.0,1.65]}],"num":[{"name":"truncated","val":0.0},{"name":"occluded","val":2},{"name":"alpha","val":2.51}]}},"4":{"object_data":{"bbox":[{"name":"box2D","coordinate_system":"CAM_LEFT","val":[1218.52,175.575,44.96,47.87]}],"cuboid":[{"name":"box3D","coordinate_system":"CAM_LEFT","val":[22.78,0.07,25.05,0,2.99,0,3.93,1.59,1.54]}],"num":[{"name":"truncated","val":1.0},{"name":"occluded","val":1},{"name":"alpha","val":2.25}]}},"-2":{}}},"6":{"frame_properties":{"transforms":{"vehicle-iso8855_to_odom":{"src":"vehicle-iso8855","dst":"odom","transform_src_to_dst_4x4":[0.9984666120844868,0.05482801205926878,0.007636337221159289,4.439164712633775,-0.05488036190673948,0.9984696237071615,0.0068232258547161855,-0.06302583800981006,-0.007250546842266427,-0.007231848152984876,0.9999475635966021,0.06817091726395041,0.0,0.0,0.0,1.0]}}},"objects":{"1":{"object_data":{"bbox":[{"name":"box2D","coordinate_system":"CAM_LEFT","val":[272.46,203.03,222.08,71.94]}],"cuboid":[{"name":"box3D","coordinate_system":"CAM_LEFT","val":[-7.87,0.62,16.92,0,2.52,0,4.5,1.49,1.66]}],"num":[{"name":"truncated","val":0.0},{"name":"occluded","val":0},{"name":"alpha","val":2.96}]}},"2":{"object_data":{"bbox":[{"name":"box2D","coordinate_system":"CAM_LEFT","val":[1068.815,202.245,203.55,101.85]}],"cuboid":[{"name":"box3D","coordinate_system":"CAM_LEFT","val":[8.44,0.48,13.31,0,-0.52,0,3.63,1.64,1.66]}],"num":[{"name":"truncated","val":0.0},{"name":"occluded","val":1},{"name":"alpha","val":-1.08}]}},"3":{"object_data":{"bbox":[{"name":"box2D","coordinate_system":"CAM_LEFT","val":[930.355,175.93,158.65,68.36]}],"cuboid":[{"name":"box3D","coordinate_system":"CAM_LEFT","val":[9.9,0.07,22.46,0,2.93,0,4.34,2.0,1.65]}],"num":[{"name":"truncated","val":0.0},{"name":"occluded","val":2},{"name":"alpha","val":2.52}]}},"4":{"object_data":{"bbox":[{"name":"box2D","coordinate_system":"CAM_LEFT","val":[1214.5449999999998,178.23,52.91,48.94]}],"cuboid":[{"name":"box3D","coordinate_system":"CAM_LEFT","val":[22.1,0.16,24.62,0,2.95,0,3.93,1.59,1.54]}],"num":[{"name":"truncated","val":1.0},{"name":"occluded","val":1},{"name":"alpha","val":2.22}]}},"-2":{}}},"7":{"frame_properties":{"transforms":{"vehicle-iso8855_to_odom":{"src":"vehicle-iso8855","dst":"odom","transform_src_to_dst_4x4":[0.9975483338132558,0.06982210572318687,0.004711184434636852,5.093874361315571,-0.0698553366294425,0.9975304068215232,0.0073020141655485045,-0.10437854801084044,-0.004189707720635392,-0.00761321343892865,0.9999622419523395,0.06958816385909207,0.0,0.0,0.0,1.0]}}},"objects":{"1":{"object_data":{"bbox":[{"name":"box2D","coordinate_system":"CAM_LEFT","val":[210.16500000000002,207.76999999999998,246.27,78.6]}],"cuboid":[{"name":"box3D","coordinate_system":"CAM_LEFT","val":[-8.63,0.66,15.71,0,2.49,0,4.5,1.49,1.66]}],"num":[{"name":"truncated","val":0.0},{"name":"occluded","val":0},{"name":"alpha","val":2.99}]}},"2":{"object_data":{"bbox":[{"name":"box2D","coordinate_system":"CAM_LEFT","val":[1099.27,203.405,208.92,102.99]}],"cuboid":[{"name":"box3D","coordinate_system":"CAM_LEFT","val":[8.9,0.49,13.15,0,-0.5,0,3.63,1.64,1.66]}],"num":[{"name":"truncated","val":0.0},{"name":"occluded","val":1},{"name":"alpha","val":-1.09}]}},"3":{"object_data":{"bbox":[{"name":"box2D","coordinate_system":"CAM_LEFT","val":[913.2199999999999,178.11999999999998,161.84,70.46]}],"cuboid":[{"name":"box3D","coordinate_system":"CAM_LEFT","val":[9.11,0.13,21.86,0,2.91,0,4.34,2.0,1.65]}],"num":[{"name":"truncated","val":0.0},{"name":"occluded","val":1},{"name":"alpha","val":2.52}]}},"4":{"object_data":{"bbox":[{"name":"box2D","coordinate_system":"CAM_LEFT","val":[1208.0349999999999,180.25,65.93,49.82]}],"cuboid":[{"name":"box3D","coordinate_system":"CAM_LEFT","val":[21.34,0.22,24.26,0,2.93,0,3.93,1.59,1.54]}],"num":[{"name":"truncated","val":1.0},{"name":"occluded","val":1},{"name":"alpha","val":2.21}]}},"-2":{}}},"8":{"frame_properties":{"transforms":{"vehicle-iso8855_to_odom":{"src":"vehicle-iso8855","dst":"odom","transform_src_to_dst_4x4":[0.9960026101335618,0.08927683078937605,0.002906560052147078,5.794321398994493,-0.08929857100875185,0.9959687070121095,0.008491164138231845,-0.15309740221273177,-0.0021367786330162408,-0.00871677330395928,0.9999597252090912,0.0683419658200117,0.0,0.0,0.0,1.0]}}},"objects":{"1":{"object_data":{"bbox":[{"name":"box2D","coordinate_system":"CAM_LEFT","val":[137.07,211.77,274.14,87.12]}],"cuboid":[{"name":"box3D","coordinate_system":"CAM_LEFT","val":[-9.39,0.67,14.4,0,2.43,0,4.5,1.49,1.66]}],"num":[{"name":"truncated","val":0.0},{"name":"occluded","val":0},{"name":"alpha","val":3.0}]}},"2":{"object_data":{"bbox":[{"name":"box2D","coordinate_system":"CAM_LEFT","val":[1130.475,204.58499999999998,214.73,104.15]}],"cuboid":[{"name":"box3D","coordinate_system":"CAM_LEFT","val":[9.36,0.51,13.0,0,-0.48,0,3.63,1.64,1.66]}],"num":[{"name":"truncated","val":0.0},{"name":"occluded","val":1},{"name":"alpha","val":-1.09}]}},"3":{"object_data":{"bbox":[{"name":"box2D","coordinate_system":"CAM_LEFT","val":[889.97,181.105,165.42,72.83]}],"cuboid":[{"name":"box3D","coordinate_system":"CAM_LEFT","val":[8.16,0.21,21.22,0,2.9,0,4.34,2.0,1.65]}],"num":[{"name":"truncated","val":0.0},{"name":"occluded","val":1},{"name":"alpha","val":2.54}]}},"4":{"object_data":{"bbox":[{"name":"box2D","coordinate_system":"CAM_LEFT","val":[1201.3200000000002,182.33,79.34,50.74]}],"cuboid":[{"name":"box3D","coordinate_system":"CAM_LEFT","val":[20.58,0.29,23.89,0,2.91,0,3.93,1.59,1.54]}],"num":[{"name":"truncated","val":2.0},{"name":"occluded","val":3},{"name":"alpha","val":2.2}]}},"-2":{}}},"9":{"frame_properties":{"transforms":{"vehicle-iso8855_to_odom":{"src":"vehicle-iso8855","dst":"odom","transform_src_to_dst_4x4":[0.9939440662452078,0.10985491476509637,0.002662870236363153,6.418538165428658,-0.10987546175646291,0.9939001360775807,0.00948168807602108,-0.20427256225884896,-0.0016050170548577453,-0.009716851697967037,0.9999515021806474,0.060680542120334045,0.0,0.0,0.0,1.0]}}},"objects":{"1":{"object_data":{"bbox":[{"name":"box2D","coordinate_system":"CAM_LEFT","val":[102.315,213.355,204.63,90.21]}],"cuboid":[{"name":"box3D","coordinate_system":"CAM_LEFT","val":[-10.14,0.67,13.08,0,2.36,0,4.5,1.49,1.66]}],"num":[{"name":"truncated","val":0.0},{"name":"occluded","val":0},{"name":"alpha","val":3.01}]}},"2":{"object_data":{"bbox":[{"name":"box2D","coordinate_system":"CAM_LEFT","val":[1146.47,205.795,189.04,105.33]}],"cuboid":[{"name":"box3D","coordinate_system":"CAM_LEFT","val":[9.81,0.52,12.84,0,-0.46,0,3.63,1.64,1.66]}],"num":[{"name":"truncated","val":0.0},{"name":"occluded","val":1},{"name":"alpha","val":-1.1}]}},"3":{"object_data":{"bbox":[{"name":"box2D","coordinate_system":"CAM_LEFT","val":[862.7950000000001,181.565,168.89,75.17]}],"cuboid":[{"name":"box3D","coordinate_system":"CAM_LEFT","val":[7.16,0.22,20.62,0,2.88,0,4.34,2.0,1.65]}],"num":[{"name":"truncated","val":0.0},{"name":"occluded","val":1},{"name":"alpha","val":2.55}]}},"4":{"object_data":{"bbox":[{"name":"box2D","coordinate_system":"CAM_LEFT","val":[1189.385,182.09,103.23,51.5]}],"cuboid":[{"name":"box3D","coordinate_system":"CAM_LEFT","val":[19.53,0.28,23.61,0,2.88,0,3.93,1.59,1.54]}],"num":[{"name":"truncated","val":2.0},{"name":"occluded","val":3},{"name":"alpha","val":2.19}]}},"-2":{}}},"10":{"frame_properties":{"transforms":{"vehicle-iso8855_to_odom":{"src":"vehicle-iso8855","dst":"odom","transform_src_to_dst_4x4":[0.9911805587035005,0.13249514082110292,0.002477439608245626,7.026100362795269,-0.1325115740084324,0.9911453932596791,0.008455304484417525,-0.26507567506831653,-0.0013352160964435096,-0.008709022844872641,0.9999611843062024,0.055800800710488936,0.0,0.0,0.0,1.0]}}},"objects":{"1":{"object_data":{"bbox":[{"name":"box2D","coordinate_system":"CAM_LEFT","val":[60.93,214.735,121.86,92.41]}],"cuboid":[{"name":"box3D","coordinate_system":"CAM_LEFT","val":[-10.9,0.68,11.77,0,2.29,0,4.5,1.49,1.66]}],"num":[{"name":"truncated","val":1.0},{"name":"occluded","val":0},{"name":"alpha","val":3.03}]}},"2":{"object_data":{"bbox":[{"name":"box2D","coordinate_system":"CAM_LEFT","val":[1155.9650000000001,207.65499999999997,170.05,105.85]}],"cuboid":[{"name":"box3D","coordinate_system":"CAM_LEFT","val":[10.11,0.54,12.77,0,-0.44,0,3.63,1.64,1.66]}],"num":[{"name":"truncated","val":0.0},{"name":"occluded","val":1},{"name":"alpha","val":-1.1}]}},"3":{"object_data":{"bbox":[{"name":"box2D","coordinate_system":"CAM_LEFT","val":[831.73,183.115,172.28,77.79]}],"cuboid":[{"name":"box3D","coordinate_system":"CAM_LEFT","val":[6.09,0.25,20.02,0,2.86,0,4.34,2.0,1.65]}],"num":[{"name":"truncated","val":0.0},{"name":"occluded","val":1},{"name":"alpha","val":2.57}]}},"4":{"object_data":{"bbox":[{"name":"box2D","coordinate_system":"CAM_LEFT","val":[1177.1299999999999,181.885,127.74,52.19]}],"cuboid":[{"name":"box3D","coordinate_system":"CAM_LEFT","val":[18.48,0.26,23.33,0,2.84,0,3.93,1.59,1.54]}],"num":[{"name":"truncated","val":2.0},{"name":"occluded","val":2},{"name":"alpha","val":2.18}]}},"-2":{}}},"11":{"frame_properties":{"transforms":{"vehicle-iso8855_to_odom":{"src":"vehicle-iso8855","dst":"odom","transform_src_to_dst_4x4":[0.9870829843943413,0.1602097748981385,9.973088154065014e-05,7.682401981068836,-0.1602045271706019,0.9870452163689005,0.008732142767625994,-0.3514363110028822,0.0013005357376308126,-0.00863532688194726,0.9999618691412375,0.05799156795483884,0.0,0.0,0.0,1.0]}}},"objects":{"2":{"object_data":{"bbox":[{"name":"box2D","coordinate_system":"CAM_LEFT","val":[1165.5349999999999,209.535,150.93,106.37]}],"cuboid":[{"name":"box3D","coordinate_system":"CAM_LEFT","val":[10.42,0.56,12.7,0,-0.43,0,3.63,1.64,1.66]}],"num":[{"name":"truncated","val":0.0},{"name":"occluded","val":0},{"name":"alpha","val":-1.1}]}},"3":{"object_data":{"bbox":[{"name":"box2D","coordinate_system":"CAM_LEFT","val":[798.73,184.78500000000003,176.12,80.59]}],"cuboid":[{"name":"box3D","coordinate_system":"CAM_LEFT","val":[5.01,0.28,19.42,0,2.84,0,4.34,2.0,1.65]}],"num":[{"name":"truncated","val":0.0},{"name":"occluded","val":1},{"name":"alpha","val":2.59}]}},"4":{"object_data":{"bbox":[{"name":"box2D","coordinate_system":"CAM_LEFT","val":[1157.11,181.64499999999998,138.08,52.97]}],"cuboid":[{"name":"box3D","coordinate_system":"CAM_LEFT","val":[17.44,0.25,23.05,0,2.81,0,3.93,1.59,1.54]}],"num":[{"name":"truncated","val":2.0},{"name":"occluded","val":2},{"name":"alpha","val":2.17}]}},"-2":{}}},"12":{"frame_properties":{"transforms":{"vehicle-iso8855_to_odom":{"src":"vehicle-iso8855","dst":"odom","transform_src_to_dst_4x4":[0.9818617225607996,0.18955955401618763,-0.0038383917366424545,8.271456777825886,-0.18950066601485208,0.9818043934261008,0.012232359916792,-0.44445621745320446,0.006087310561118592,-0.011283108188365426,0.9999178146826581,0.05955378855996402,0.0,0.0,0.0,1.0]}}},"objects":{"2":{"object_data":{"bbox":[{"name":"box2D","coordinate_system":"CAM_LEFT","val":[1175.185,211.43,131.63,106.9]}],"cuboid":[{"name":"box3D","coordinate_system":"CAM_LEFT","val":[10.73,0.6,12.62,0,-0.41,0,3.63,1.64,1.66]}],"num":[{"name":"truncated","val":0.0},{"name":"occluded","val":0},{"name":"alpha","val":-1.11}]}},"3":{"object_data":{"bbox":[{"name":"box2D","coordinate_system":"CAM_LEFT","val":[757.8900000000001,189.95499999999998,180.9,83.85]}],"cuboid":[{"name":"box3D","coordinate_system":"CAM_LEFT","val":[3.79,0.4,18.76,0,2.81,0,4.34,2.0,1.65]}],"num":[{"name":"truncated","val":0.0},{"name":"occluded","val":1},{"name":"alpha","val":2.61}]}},"4":{"object_data":{"bbox":[{"name":"box2D","coordinate_system":"CAM_LEFT","val":[1123.7350000000001,188.55499999999998,137.11,54.15]}],"cuboid":[{"name":"box3D","coordinate_system":"CAM_LEFT","val":[16.1,0.45,22.67,0,2.78,0,3.93,1.59,1.54]}],"num":[{"name":"truncated","val":0.0},{"name":"occluded","val":2},{"name":"alpha","val":2.17}]}},"-2":{}}},"13":{"frame_properties":{"transforms":{"vehicle-iso8855_to_odom":{"src":"vehicle-iso8855","dst":"odom","transform_src_to_dst_4x4":[0.9743126129197358,0.22496803301936766,-0.010213541252389387,8.910529973786517,-0.22479383196062178,0.9742775160303665,0.01584471110997601,-0.5602339941263941,0.013515377093423039,-0.013141760806506588,0.9998222985635633,0.05047170730315338,0.0,0.0,0.0,1.0]}}},"objects":{"2":{"object_data":{"bbox":[{"name":"box2D","coordinate_system":"CAM_LEFT","val":[1181.3600000000001,216.72000000000003,119.26,105.84]}],"cuboid":[{"name":"box3D","coordinate_system":"CAM_LEFT","val":[11.02,0.69,12.77,0,-0.44,0,3.63,1.64,1.66]}],"num":[{"name":"truncated","val":0.0},{"name":"occluded","val":0},{"name":"alpha","val":-1.14}]}},"3":{"object_data":{"bbox":[{"name":"box2D","coordinate_system":"CAM_LEFT","val":[714.085,195.56,186.39,87.38]}],"cuboid":[{"name":"box3D","coordinate_system":"CAM_LEFT","val":[2.57,0.51,18.11,0,2.79,0,4.34,2.0,1.65]}],"num":[{"name":"truncated","val":0.0},{"name":"occluded","val":1},{"name":"alpha","val":2.65}]}},"4":{"object_data":{"bbox":[{"name":"box2D","coordinate_system":"CAM_LEFT","val":[1088.1599999999999,194.64000000000001,135.2,55.04]}],"cuboid":[{"name":"box3D","coordinate_system":"CAM_LEFT","val":[14.87,0.63,22.48,0,2.75,0,3.93,1.59,1.54]}],"num":[{"name":"truncated","val":0.0},{"name":"occluded","val":2},{"name":"alpha","val":2.17}]}},"-2":{}}},"14":{"frame_properties":{"transforms":{"vehicle-iso8855_to_odom":{"src":"vehicle-iso8855","dst":"odom","transform_src_to_dst_4x4":[0.9657118424826409,0.2592202341787801,-0.014335532117131136,9.483785155122783,-0.2589657355745573,0.9657288384260801,0.017451602520757444,-0.689017503212962,0.01836804527192255,-0.013140807605029817,0.9997449345149874,0.045704847749165875,0.0,0.0,0.0,1.0]}}},"objects":{"2":{"object_data":{"bbox":[{"name":"box2D","coordinate_system":"CAM_LEFT","val":[1187.4850000000001,221.45,107.01,103.6]}],"cuboid":[{"name":"box3D","coordinate_system":"CAM_LEFT","val":[11.3,0.78,12.92,0,-0.47,0,3.63,1.64,1.66]}],"num":[{"name":"truncated","val":1.0},{"name":"occluded","val":0},{"name":"alpha","val":-1.17}]}},"3":{"object_data":{"bbox":[{"name":"box2D","coordinate_system":"CAM_LEFT","val":[667.36,198.99,194.7,92.4]}],"cuboid":[{"name":"box3D","coordinate_system":"CAM_LEFT","val":[1.34,0.56,17.27,0,2.75,0,4.34,2.0,1.65]}],"num":[{"name":"truncated","val":0.0},{"name":"occluded","val":1},{"name":"alpha","val":2.68}]}},"4":{"object_data":{"bbox":[{"name":"box2D","coordinate_system":"CAM_LEFT","val":[1051.435,198.555,137.55,56.17]}],"cuboid":[{"name":"box3D","coordinate_system":"CAM_LEFT","val":[13.52,0.74,22.15,0,2.75,0,3.93,1.59,1.54]}],"num":[{"name":"truncated","val":0.0},{"name":"occluded","val":1},{"name":"alpha","val":2.21}]}},"-2":{}}},"15":{"frame_properties":{"transforms":{"vehicle-iso8855_to_odom":{"src":"vehicle-iso8855","dst":"odom","transform_src_to_dst_4x4":[0.955437110525749,0.29474196683317977,-0.01634321931312534,10.050887095374343,-0.2944691725843823,0.9555062722709458,0.01719505883534184,-0.8413940047076581,0.02068415402373182,-0.011616223060458146,0.9997185749670415,0.05029095857082947,0.0,0.0,0.0,1.0]}}},"objects":{"2":{"object_data":{"bbox":[{"name":"box2D","coordinate_system":"CAM_LEFT","val":[1189.3700000000001,222.39,103.26,101.32]}],"cuboid":[{"name":"box3D","coordinate_system":"CAM_LEFT","val":[11.51,0.81,13.17,0,-0.5,0,3.63,1.64,1.66]}],"num":[{"name":"truncated","val":1.0},{"name":"occluded","val":0},{"name":"alpha","val":-1.2}]}},"3":{"object_data":{"bbox":[{"name":"box2D","coordinate_system":"CAM_LEFT","val":[615.8,202.83499999999998,204.6,98.03]}],"cuboid":[{"name":"box3D","coordinate_system":"CAM_LEFT","val":[0.1,0.6,16.42,0,2.72,0,4.34,2.0,1.65]}],"num":[{"name":"truncated","val":0.0},{"name":"occluded","val":1},{"name":"alpha","val":2.71}]}},"4":{"object_data":{"bbox":[{"name":"box2D","coordinate_system":"CAM_LEFT","val":[1011.115,201.405,136.73,57.43]}],"cuboid":[{"name":"box3D","coordinate_system":"CAM_LEFT","val":[12.08,0.8,21.78,0,2.71,0,3.93,1.59,1.54]}],"num":[{"name":"truncated","val":0.0},{"name":"occluded","val":1},{"name":"alpha","val":2.21}]}},"-2":{}}},"16":{"frame_properties":{"transforms":{"vehicle-iso8855_to_odom":{"src":"vehicle-iso8855","dst":"odom","transform_src_to_dst_4x4":[0.9419565188112382,0.3352026869181814,-0.018896437543758846,10.66615961962324,-0.3348865417652811,0.9420855829905381,0.01804878017676521,-1.0360835406419109,0.023852060990703652,-0.010673003523382022,0.9996585247884828,0.0607342702642025,0.0,0.0,0.0,1.0]}}},"objects":{"2":{"object_data":{"bbox":[{"name":"box2D","coordinate_system":"CAM_LEFT","val":[1191.2450000000001,223.295,99.51,99.13]}],"cuboid":[{"name":"box3D","coordinate_system":"CAM_LEFT","val":[11.71,0.84,13.43,0,-0.53,0,3.63,1.64,1.66]}],"num":[{"name":"truncated","val":1.0},{"name":"occluded","val":0},{"name":"alpha","val":-1.23}]}},"3":{"object_data":{"bbox":[{"name":"box2D","coordinate_system":"CAM_LEFT","val":[558.595,207.17499999999998,216.51,104.39]}],"cuboid":[{"name":"box3D","coordinate_system":"CAM_LEFT","val":[-1.12,0.65,15.58,0,2.68,0,4.34,2.0,1.65]}],"num":[{"name":"truncated","val":0.0},{"name":"occluded","val":1},{"name":"alpha","val":2.75}]}},"4":{"object_data":{"bbox":[{"name":"box2D","coordinate_system":"CAM_LEFT","val":[969.42,204.36,136.3,58.78]}],"cuboid":[{"name":"box3D","coordinate_system":"CAM_LEFT","val":[10.65,0.87,21.42,0,2.67,0,3.93,1.59,1.54]}],"num":[{"name":"truncated","val":0.0},{"name":"occluded","val":1},{"name":"alpha","val":2.22}]}},"5":{"object_data":{"bbox":[{"name":"box2D","coordinate_system":"CAM_LEFT","val":[1164.5949999999998,200.87,114.47,44.22]}],"cuboid":[{"name":"box3D","coordinate_system":"CAM_LEFT","val":[20.12,0.97,26.19,0,2.68,0,4.24,1.46,1.57]}],"num":[{"name":"truncated","val":0.0},{"name":"occluded","val":2},{"name":"alpha","val":2.03}]}},"-2":{}}},"17":{"frame_properties":{"transforms":{"vehicle-iso8855_to_odom":{"src":"vehicle-iso8855","dst":"odom","transform_src_to_dst_4x4":[0.9276785028964109,0.3727853323813374,-0.021063979329884783,11.211931535266583,-0.37241295758617315,0.9278599156265763,0.019610354289570493,-1.2276185960625756,0.026854874525740154,-0.010347605267840555,0.9995857856029309,0.07614600205101471,0.0,0.0,0.0,1.0]}}},"objects":{"2":{"object_data":{"bbox":[{"name":"box2D","coordinate_system":"CAM_LEFT","val":[1190.7350000000001,224.02,100.51,98.44]}],"cuboid":[{"name":"box3D","coordinate_system":"CAM_LEFT","val":[11.76,0.86,13.59,0,-0.56,0,3.63,1.64,1.66]}],"num":[{"name":"truncated","val":0.0},{"name":"occluded","val":0},{"name":"alpha","val":-1.26}]}},"3":{"object_data":{"bbox":[{"name":"box2D","coordinate_system":"CAM_LEFT","val":[494.755,212.11,231.01,111.6]}],"cuboid":[{"name":"box3D","coordinate_system":"CAM_LEFT","val":[-2.35,0.7,14.74,0,2.65,0,4.34,2.0,1.65]}],"num":[{"name":"truncated","val":0.0},{"name":"occluded","val":1},{"name":"alpha","val":2.8}]}},"4":{"object_data":{"bbox":[{"name":"box2D","coordinate_system":"CAM_LEFT","val":[927.4499999999999,206.02499999999998,136.84,60.77]}],"cuboid":[{"name":"box3D","coordinate_system":"CAM_LEFT","val":[9.15,0.89,20.83,0,2.62,0,3.93,1.59,1.54]}],"num":[{"name":"truncated","val":0.0},{"name":"occluded","val":1},{"name":"alpha","val":2.21}]}},"5":{"object_data":{"bbox":[{"name":"box2D","coordinate_system":"CAM_LEFT","val":[1122.895,201.91500000000002,111.17,44.53]}],"cuboid":[{"name":"box3D","coordinate_system":"CAM_LEFT","val":[18.55,1.0,26.1,0,2.63,0,4.24,1.46,1.57]}],"num":[{"name":"truncated","val":0.0},{"name":"occluded","val":2},{"name":"alpha","val":2.02}]}},"-2":{}}},"18":{"frame_properties":{"transforms":{"vehicle-iso8855_to_odom":{"src":"vehicle-iso8855","dst":"odom","transform_src_to_dst_4x4":[0.91174102553732,0.410199677166886,-0.021552893177912737,11.743628964643099,-0.4098243532597936,0.9119488369877828,0.01983225130493447,-1.4382898700827078,0.027790318950096114,-0.009248976635959296,0.9995709852751029,0.09254224671943324,0.0,0.0,0.0,1.0]}}},"objects":{"2":{"object_data":{"bbox":[{"name":"box2D","coordinate_system":"CAM_LEFT","val":[1186.855,223.025,108.27,96.43]}],"cuboid":[{"name":"box3D","coordinate_system":"CAM_LEFT","val":[11.86,0.87,14.0,0,-0.59,0,3.63,1.64,1.66]}],"num":[{"name":"truncated","val":0.0},{"name":"occluded","val":0},{"name":"alpha","val":-1.28}]}},"3":{"object_data":{"bbox":[{"name":"box2D","coordinate_system":"CAM_LEFT","val":[425.94,214.44,252.76,122.14]}],"cuboid":[{"name":"box3D","coordinate_system":"CAM_LEFT","val":[-3.46,0.68,13.67,0,2.61,0,4.34,2.0,1.65]}],"num":[{"name":"truncated","val":0.0},{"name":"occluded","val":1},{"name":"alpha","val":2.85}]}},"4":{"object_data":{"bbox":[{"name":"box2D","coordinate_system":"CAM_LEFT","val":[883.03,207.79500000000002,138.02,62.91]}],"cuboid":[{"name":"box3D","coordinate_system":"CAM_LEFT","val":[7.66,0.91,20.23,0,2.57,0,3.93,1.59,1.54]}],"num":[{"name":"truncated","val":0.0},{"name":"occluded","val":1},{"name":"alpha","val":2.22}]}},"5":{"object_data":{"bbox":[{"name":"box2D","coordinate_system":"CAM_LEFT","val":[1080.945,202.95999999999998,108.25,44.84]}],"cuboid":[{"name":"box3D","coordinate_system":"CAM_LEFT","val":[16.98,1.04,26.02,0,2.59,0,4.24,1.46,1.57]}],"num":[{"name":"truncated","val":0.0},{"name":"occluded","val":1},{"name":"alpha","val":2.02}]}},"-2":{}}},"19":{"frame_properties":{"transforms":{"vehicle-iso8855_to_odom":{"src":"vehicle-iso8855","dst":"odom","transform_src_to_dst_4x4":[0.8927285584790262,0.4500135929371966,-0.022879839328872827,12.317802139060532,-0.44966651625117393,0.8929978347139831,0.01883856041927489,-1.6983584770300235,0.02890925523932962,-0.00652942324351847,0.9995607143108487,0.11183271539598127,0.0,0.0,0.0,1.0]}}},"objects":{"2":{"object_data":{"bbox":[{"name":"box2D","coordinate_system":"CAM_LEFT","val":[1183.21,221.92000000000002,115.56,94.22]}],"cuboid":[{"name":"box3D","coordinate_system":"CAM_LEFT","val":[11.96,0.87,14.4,0,-0.62,0,3.63,1.64,1.66]}],"num":[{"name":"truncated","val":0.0},{"name":"occluded","val":0},{"name":"alpha","val":-1.3}]}},"3":{"object_data":{"bbox":[{"name":"box2D","coordinate_system":"CAM_LEFT","val":[346.01,219.41500000000002,280.36,134.77]}],"cuboid":[{"name":"box3D","coordinate_system":"CAM_LEFT","val":[-4.57,0.69,12.61,0,2.57,0,4.34,2.0,1.65]}],"num":[{"name":"truncated","val":0.0},{"name":"occluded","val":1},{"name":"alpha","val":2.91}]}},"4":{"object_data":{"bbox":[{"name":"box2D","coordinate_system":"CAM_LEFT","val":[840.465,209.44,139.77,64.82]}],"cuboid":[{"name":"box3D","coordinate_system":"CAM_LEFT","val":[6.31,0.92,19.75,0,2.52,0,3.93,1.59,1.54]}],"num":[{"name":"truncated","val":0.0},{"name":"occluded","val":1},{"name":"alpha","val":2.23}]}},"5":{"object_data":{"bbox":[{"name":"box2D","coordinate_system":"CAM_LEFT","val":[1041.505,202.92499999999998,105.25,44.89]}],"cuboid":[{"name":"box3D","coordinate_system":"CAM_LEFT","val":[15.58,1.03,26.04,0,2.54,0,4.24,1.46,1.57]}],"num":[{"name":"truncated","val":0.0},{"name":"occluded","val":1},{"name":"alpha","val":2.01}]}},"6":{"object_data":{"bbox":[{"name":"box2D","coordinate_system":"CAM_LEFT","val":[1163.95,198.435,90.78,34.67]}],"cuboid":[{"name":"box3D","coordinate_system":"CAM_LEFT","val":[24.48,1.08,31.88,0,2.59,0,4.44,1.39,1.68]}],"num":[{"name":"truncated","val":2.0},{"name":"occluded","val":2},{"name":"alpha","val":1.94}]}},"-2":{}}},"20":{"frame_properties":{"transforms":{"vehicle-iso8855_to_odom":{"src":"vehicle-iso8855","dst":"odom","transform_src_to_dst_4x4":[0.8740065425092421,0.4852313016024358,-0.025751652301281208,12.826635422646278,-0.4849853515556783,0.8743852106517808,0.015482640919952297,-1.9582329880971387,0.03002952592791877,-0.001042755314883169,0.999548468176455,0.13595037241590324,0.0,0.0,0.0,1.0]}}},"objects":{"2":{"object_data":{"bbox":[{"name":"box2D","coordinate_system":"CAM_LEFT","val":[1179.7849999999999,220.625,122.43,91.61]}],"cuboid":[{"name":"box3D","coordinate_system":"CAM_LEFT","val":[12.05,0.88,14.81,0,-0.65,0,3.63,1.64,1.66]}],"num":[{"name":"truncated","val":0.0},{"name":"occluded","val":0},{"name":"alpha","val":-1.32}]}},"3":{"object_data":{"bbox":[{"name":"box2D","coordinate_system":"CAM_LEFT","val":[249.635,225.51999999999998,319.25,150.26]}],"cuboid":[{"name":"box3D","coordinate_system":"CAM_LEFT","val":[-5.68,0.7,11.56,0,2.52,0,4.34,2.0,1.65]}],"num":[{"name":"truncated","val":0.0},{"name":"occluded","val":1},{"name":"alpha","val":2.98}]}},"4":{"object_data":{"bbox":[{"name":"box2D","coordinate_system":"CAM_LEFT","val":[797.13,211.505,144.68,67.89]}],"cuboid":[{"name":"box3D","coordinate_system":"CAM_LEFT","val":[4.94,0.93,18.98,0,2.49,0,3.93,1.59,1.54]}],"num":[{"name":"truncated","val":0.0},{"name":"occluded","val":1},{"name":"alpha","val":2.24}]}},"5":{"object_data":{"bbox":[{"name":"box2D","coordinate_system":"CAM_LEFT","val":[1004.4350000000001,202.615,104.15,45.63]}],"cuboid":[{"name":"box3D","coordinate_system":"CAM_LEFT","val":[14.03,1.0,25.64,0,2.5,0,4.24,1.46,1.57]}],"num":[{"name":"truncated","val":0.0},{"name":"occluded","val":1},{"name":"alpha","val":2.01}]}},"6":{"object_data":{"bbox":[{"name":"box2D","coordinate_system":"CAM_LEFT","val":[1123.21,196.73499999999999,85.98,34.27]}],"cuboid":[{"name":"box3D","coordinate_system":"CAM_LEFT","val":[22.89,1.02,32.17,0,2.52,0,4.44,1.39,1.68]}],"num":[{"name":"truncated","val":0.0},{"name":"occluded","val":2},{"name":"alpha","val":1.92}]}},"-2":{}}},"21":{"frame_properties":{"transforms":{"vehicle-iso8855_to_odom":{"src":"vehicle-iso8855","dst":"odom","transform_src_to_dst_4x4":[0.8517875263244308,0.5231309259043947,-0.028143282689089517,13.365394194202914,-0.5229688205564252,0.8522460202166015,0.013428840262128325,-2.263751699046198,0.03101004230775671,0.0032795407262149927,0.9995136926969519,0.16253246352432557,0.0,0.0,0.0,1.0]}}},"objects":{"2":{"object_data":{"bbox":[{"name":"box2D","coordinate_system":"CAM_LEFT","val":[1176.5549999999998,219.39000000000001,128.89,89.12]}],"cuboid":[{"name":"box3D","coordinate_system":"CAM_LEFT","val":[12.15,0.88,15.21,0,-0.68,0,3.63,1.64,1.66]}],"num":[{"name":"truncated","val":0.0},{"name":"occluded","val":0},{"name":"alpha","val":-1.35}]}},"3":{"object_data":{"bbox":[{"name":"box2D","coordinate_system":"CAM_LEFT","val":[164.765,233.165,329.53,167.69]}],"cuboid":[{"name":"box3D","coordinate_system":"CAM_LEFT","val":[-6.55,0.72,10.31,0,2.48,0,4.34,2.0,1.65]}],"num":[{"name":"truncated","val":0.0},{"name":"occluded","val":1},{"name":"alpha","val":3.03}]}},"4":{"object_data":{"bbox":[{"name":"box2D","coordinate_system":"CAM_LEFT","val":[750.1,213.76,150.76,71.28]}],"cuboid":[{"name":"box3D","coordinate_system":"CAM_LEFT","val":[3.56,0.94,18.21,0,2.46,0,3.93,1.59,1.54]}],"num":[{"name":"truncated","val":0.0},{"name":"occluded","val":1},{"name":"alpha","val":2.27}]}},"5":{"object_data":{"bbox":[{"name":"box2D","coordinate_system":"CAM_LEFT","val":[966.195,202.295,103.43,46.39]}],"cuboid":[{"name":"box3D","coordinate_system":"CAM_LEFT","val":[12.48,0.97,25.24,0,2.46,0,4.24,1.46,1.57]}],"num":[{"name":"truncated","val":0.0},{"name":"occluded","val":1},{"name":"alpha","val":2.01}]}},"6":{"object_data":{"bbox":[{"name":"box2D","coordinate_system":"CAM_LEFT","val":[1083.23,195.07,81.62,33.84]}],"cuboid":[{"name":"box3D","coordinate_system":"CAM_LEFT","val":[21.31,0.96,32.47,0,2.48,0,4.44,1.39,1.68]}],"num":[{"name":"truncated","val":0.0},{"name":"occluded","val":1},{"name":"alpha","val":1.91}]}},"-2":{}}},"22":{"frame_properties