{"vcd":{"metadata":{"schema_version":"4.3.1"},"coordinate_systems":{"odom":{"type":"scene_cs","parent":"","pose_wrt_parent":[],"children":["vehicle-iso8855"]},"vehicle-iso8855":{"type":"local_cs","parent":"odom","pose_wrt_parent":[],"children":["VELO_TOP","IMU"]},"VELO_TOP":{"type":"sensor_cs","parent":"vehicle-iso8855","pose_wrt_parent":[1.0,0.0,0.0,0.76,0.0,1.0,0.0,0.0,0.0,0.0,1.0,1.73,0.0,0.0,0.0,1.0],"children":["CAM_LEFT","CAM_RIGHT"]},"IMU":{"type":"sensor_cs","parent":"vehicle-iso8855","pose_wrt_parent":[1.0,0.0,0.0,-0.05,0.0,1.0,0.0,0.32,0.0,0.0,1.0,0.93,0.0,0.0,0.0,1.0],"children":[]},"CAM_LEFT":{"type":"sensor_cs","parent":"VELO_TOP","pose_wrt_parent":[0.00023477336244722357,0.010449405831956193,0.9999453632367953,0.2729034268115415,-0.9999442001630205,0.010565354842876283,0.00012436569234822658,-0.001969265862949749,-0.010563477335159157,-0.9998895968819285,0.0104513045568421,-0.07228590051542844,0.0,0.0,0.0,1.0],"children":[]},"CAM_RIGHT":{"type":"sensor_cs","parent":"VELO_TOP","pose_wrt_parent":[0.00023477336244722357,0.010449405831956193,0.9999453632367953,0.2729034268115415,-0.9999442001630205,0.010565354842876283,0.00012436569234822658,-0.001969265862949749,-0.010563477335159157,-0.9998895968819285,0.0104513045568421,-0.07228590051542844,0.0,0.0,0.0,1.0],"children":[]}},"frames":{"0":{"frame_properties":{"transforms":{"vehicle-iso8855_to_odom":{"src":"vehicle-iso8855","dst":"odom","transform_src_to_dst_4x4":[1.0,5.933559854762279e-17,5.23207266808019e-19,-2.763409803675798e-26,2.454335337667788e-16,1.0,3.854560799654909e-18,-4.656612873077393e-10,-2.945880856427441e-18,2.1196579093190242e-18,1.0000000000000002,-7.275957614183429e-12,0.0,0.0,0.0,1.0]}}},"objects":{"-1":{"object_data":{"bbox":[{"name":"box2D0","coordinate_system":"CAM_LEFT","val":[720.9549999999999,176.355,23.29,18.43]},{"name":"box2D1","coordinate_system":"CAM_LEFT","val":[675.35,179.745,19.4,13.57]},{"name":"box2D2","coordinate_system":"CAM_LEFT","val":[777.715,175.39,59.17,26.2]},{"name":"box2D3","coordinate_system":"CAM_LEFT","val":[531.4549999999999,186.96,148.01,27.94]}],"cuboid":[{"name":"box3D","coordinate_system":"CAM_LEFT","val":[-10.0,499.0,-1.0,0,-1.0,0,-1000.0,-1000.0,-1000.0]}],"num":[{"name":"truncated","val":-1.0},{"name":"occluded","val":-1},{"name":"alpha","val":-10.0}]}},"0":{"object_data":{"bbox":[{"name":"box2D","coordinate_system":"CAM_LEFT","val":[412.03,226.105,102.66,88.43]}],"cuboid":[{"name":"box3D","coordinate_system":"CAM_LEFT","val":[-4.05,1.0,15.16,0,1.4,0,3.61,1.6,1.72]}],"num":[{"name":"truncated","val":0.0},{"name":"occluded","val":0},{"name":"alpha","val":1.65}]}},"1":{"object_data":{"bbox":[{"name":"box2D","coordinate_system":"CAM_LEFT","val":[627.1850000000001,186.545,76.93,28.21]}],"cuboid":[{"name":"box3D","coordinate_system":"CAM_LEFT","val":[1.05,0.87,46.4,0,3.0,0,4.71,1.72,1.73]}],"num":[{"name":"truncated","val":0.0},{"name":"occluded","val":1},{"name":"alpha","val":2.98}]}},"-2":{}}},"1":{"frame_properties":{"transforms":{"vehicle-iso8855_to_odom":{"src":"vehicle-iso8855","dst":"odom","transform_src_to_dst_4x4":[0.9999809412650655,0.005869582026975958,-0.0019144486054572941,0.6308505925967473,-0.005873273649283118,0.9999808927684826,-0.0019284072676419863,-0.0006045678762222483,0.0019030930810057202,0.0019396145951863606,0.9999963080591585,0.003136503413556628,0.0,0.0,0.0,1.0]}}},"objects":{"-1":{"object_data":{"bbox":[{"name":"box2D0","coordinate_system":"CAM_LEFT","val":[720.9549999999999,176.355,23.29,18.43]},{"name":"box2D1","coordinate_system":"CAM_LEFT","val":[772.5350000000001,176.785,73.93,25.75]},{"name":"box2D2","coordinate_system":"CAM_LEFT","val":[527.3100000000001,191.105,160.42,27.95]},{"name":"box2D3","coordinate_system":"CAM_LEFT","val":[668.5899999999999,181.275,18.62,14.49]}],"cuboid":[{"name":"box3D","coordinate_system":"CAM_LEFT","val":[-10.0,499.0,-1.0,0,-1.0,0,-1000.0,-1000.0,-1000.0]}],"num":[{"name":"truncated","val":-1.0},{"name":"occluded","val":-1},{"name":"alpha","val":-10.0}]}},"0":{"object_data":{"bbox":[{"name":"box2D","coordinate_system":"CAM_LEFT","val":[399.41,228.915,110.6,93.25]}],"cuboid":[{"name":"box3D","coordinate_system":"CAM_LEFT","val":[-4.12,1.0,14.49,0,1.39,0,3.61,1.6,1.72]}],"num":[{"name":"truncated","val":0.0},{"name":"occluded","val":0},{"name":"alpha","val":1.67}]}},"1":{"object_data":{"bbox":[{"name":"box2D","coordinate_system":"CAM_LEFT","val":[624.7099999999999,188.42000000000002,78.06,28.66]}],"cuboid":[{"name":"box3D","coordinate_system":"CAM_LEFT","val":[0.88,0.97,45.73,0,3.0,0,4.71,1.72,1.73]}],"num":[{"name":"truncated","val":0.0},{"name":"occluded","val":1},{"name":"alpha","val":2.98}]}},"-2":{}}},"2":{"frame_properties":{"transforms":{"vehicle-iso8855_to_odom":{"src":"vehicle-iso8855","dst":"odom","transform_src_to_dst_4x4":[0.9999405517786224,0.010314517456195904,-0.0035360484033082826,1.2656413519078054,-0.010328765238988133,0.9999385158240689,-0.004034994448114289,-0.004540872769026588,0.0034942119716154254,0.0040712775887025475,0.9999856074871742,0.004408728002844543,0.0,0.0,0.0,1.0]}}},"objects":{"-1":{"object_data":{"bbox":[{"name":"box2D0","coordinate_system":"CAM_LEFT","val":[720.9549999999999,176.355,23.29,18.43]},{"name":"box2D1","coordinate_system":"CAM_LEFT","val":[773.49,177.53,77.68,26.44]},{"name":"box2D2","coordinate_system":"CAM_LEFT","val":[522.14,192.14,158.36,30.02]},{"name":"box2D3","coordinate_system":"CAM_LEFT","val":[665.4799999999999,181.79,18.62,13.46]}],"cuboid":[{"name":"box3D","coordinate_system":"CAM_LEFT","val":[-10.0,499.0,-1.0,0,-1.0,0,-1000.0,-1000.0,-1000.0]}],"num":[{"name":"truncated","val":-1.0},{"name":"occluded","val":-1},{"name":"alpha","val":-10.0}]}},"0":{"object_data":{"bbox":[{"name":"box2D","coordinate_system":"CAM_LEFT","val":[385.535,232.13,119.83,98.78]}],"cuboid":[{"name":"box3D","coordinate_system":"CAM_LEFT","val":[-4.18,1.0,13.81,0,1.39,0,3.61,1.6,1.72]}],"num":[{"name":"truncated","val":0.0},{"name":"occluded","val":0},{"name":"alpha","val":1.68}]}},"1":{"object_data":{"bbox":[{"name":"box2D","coordinate_system":"CAM_LEFT","val":[622.165,190.355,79.23,29.13]}],"cuboid":[{"name":"box3D","coordinate_system":"CAM_LEFT","val":[0.7,1.06,45.06,0,2.99,0,4.71,1.72,1.73]}],"num":[{"name":"truncated","val":0.0},{"name":"occluded","val":1},{"name":"alpha","val":2.98}]}},"-2":{}}},"3":{"frame_properties":{"transforms":{"vehicle-iso8855_to_odom":{"src":"vehicle-iso8855","dst":"odom","transform_src_to_dst_4x4":[0.999910777766921,0.012877700454701959,-0.0035498361301537973,1.9682633347468101,-0.01290514175944487,0.9998861542782631,-0.007818938469780908,-0.012178951770076026,0.003448742049009932,0.007864051985112754,0.9999631307526569,0.003966050123322324,0.0,0.0,0.0,1.0]}}},"objects":{"-1":{"object_data":{"bbox":[{"name":"box2D0","coordinate_system":"CAM_LEFT","val":[720.9549999999999,176.355,23.29,18.43]},{"name":"box2D1","coordinate_system":"CAM_LEFT","val":[776.565,176.58,82.25,27.56]},{"name":"box2D2","coordinate_system":"CAM_LEFT","val":[516.4449999999999,193.695,155.25,31.05]},{"name":"box2D3","coordinate_system":"CAM_LEFT","val":[666.005,182.31,21.73,12.42]}],"cuboid":[{"name":"box3D","coordinate_system":"CAM_LEFT","val":[-10.0,499.0,-1.0,0,-1.0,0,-1000.0,-1000.0,-1000.0]}],"num":[{"name":"truncated","val":-1.0},{"name":"occluded","val":-1},{"name":"alpha","val":-10.0}]}},"0":{"object_data":{"bbox":[{"name":"box2D","coordinate_system":"CAM_LEFT","val":[369.12,235.62,130.48,104.74]}],"cuboid":[{"name":"box3D","coordinate_system":"CAM_LEFT","val":[-4.26,1.0,13.15,0,1.39,0,3.61,1.6,1.72]}],"num":[{"name":"truncated","val":0.0},{"name":"occluded","val":0},{"name":"alpha","val":1.7}]}},"1":{"object_data":{"bbox":[{"name":"box2D","coordinate_system":"CAM_LEFT","val":[620.64,189.635,80.56,29.57]}],"cuboid":[{"name":"box3D","coordinate_system":"CAM_LEFT","val":[0.6,1.01,44.4,0,2.98,0,4.71,1.72,1.73]}],"num":[{"name":"truncated","val":0.0},{"name":"occluded","val":1},{"name":"alpha","val":2.97}]}},"-2":{}}},"4":{"frame_properties":{"transforms":{"vehicle-iso8855_to_odom":{"src":"vehicle-iso8855","dst":"odom","transform_src_to_dst_4x4":[0.9999055259021428,0.013715358410576795,-0.0009100626513527988,2.6119896152808613,-0.013724875613275737,0.9998403810503911,-0.011438540571652604,-0.022044181880401355,0.0007530337044741731,0.011449950422541396,0.9999341636205664,0.009211390914897262,0.0,0.0,0.0,1.0]}}},"objects":{"-1":{"object_data":{"bbox":[{"name":"box2D0","coordinate_system":"CAM_LEFT","val":[720.9549999999999,176.355,23.29,18.43]},{"name":"box2D1","coordinate_system":"CAM_LEFT","val":[780.8299999999999,173.825,86.88,28.71]},{"name":"box2D2","coordinate_system":"CAM_LEFT","val":[512.825,192.655,156.29,31.05]},{"name":"box2D3","coordinate_system":"CAM_LEFT","val":[662.895,179.2,25.87,16.56]}],"cuboid":[{"name":"box3D","coordinate_system":"CAM_LEFT","val":[-10.0,499.0,-1.0,0,-1.0,0,-1000.0,-1000.0,-1000.0]}],"num":[{"name":"truncated","val":-1.0},{"name":"occluded","val":-1},{"name":"alpha","val":-10.0}]}},"0":{"object_data":{"bbox":[{"name":"box2D","coordinate_system":"CAM_LEFT","val":[357.125,239.32999999999998,140.71,111.26]}],"cuboid":[{"name":"box3D","coordinate_system":"CAM_LEFT","val":[-4.24,1.0,12.51,0,1.39,0,3.61,1.6,1.72]}],"num":[{"name":"truncated","val":0.0},{"name":"occluded","val":0},{"name":"alpha","val":1.71}]}},"1":{"object_data":{"bbox":[{"name":"box2D","coordinate_system":"CAM_LEFT","val":[619.075,188.89499999999998,81.93,30.01]}],"cuboid":[{"name":"box3D","coordinate_system":"CAM_LEFT","val":[0.5,0.95,43.74,0,2.97,0,4.71,1.72,1.73]}],"num":[{"name":"truncated","val":0.0},{"name":"occluded","val":1},{"name":"alpha","val":2.96}]}},"-2":{}}},"5":{"frame_properties":{"transforms":{"vehicle-iso8855_to_odom":{"src":"vehicle-iso8855","dst":"odom","transform_src_to_dst_4x4":[0.999909782775608,0.01337754550614472,0.0012114395848825024,3.2583208574055624,-0.013359040263692312,0.999810280898428,-0.014175269064106039,-0.03131195821156401,-0.0014008400586197746,0.01415780654048459,0.9998987919590124,0.014865492368847414,0.0,0.0,0.0,1.0]}}},"objects":{"-1":{"object_data":{"bbox":[{"name":"box2D0","coordinate_system":"CAM_LEFT","val":[720.9549999999999,176.355,23.29,18.43]},{"name":"box2D1","coordinate_system":"CAM_LEFT","val":[786.4499999999999,171.595,92.06,29.87]},{"name":"box2D2","coordinate_system":"CAM_LEFT","val":[664.6750000000001,177.805,17.45,11.63]},{"name":"box2D3","coordinate_system":"CAM_LEFT","val":[512.3050000000001,187.47500000000002,163.53,28.97]}],"cuboid":[{"name":"box3D","coordinate_system":"CAM_LEFT","val":[-10.0,499.0,-1.0,0,-1.0,0,-1000.0,-1000.0,-1000.0]}],"num":[{"name":"truncated","val":-1.0},{"name":"occluded","val":-1},{"name":"alpha","val":-10.0}]}},"0":{"object_data":{"bbox":[{"name":"box2D","coordinate_system":"CAM_LEFT","val":[339.23,243.725,154.24,118.93]}],"cuboid":[{"name":"box3D","coordinate_system":"CAM_LEFT","val":[-4.28,1.0,11.84,0,1.39,0,3.61,1.6,1.72]}],"num":[{"name":"truncated","val":0.0},{"name":"occluded","val":0},{"name":"alpha","val":1.73}]}},"1":{"object_data":{"bbox":[{"name":"box2D","coordinate_system":"CAM_LEFT","val":[617.4549999999999,188.13,83.33,30.48]}],"cuboid":[{"name":"box3D","coordinate_system":"CAM_LEFT","val":[0.39,0.89,43.08,0,2.95,0,4.71,1.72,1.73]}],"num":[{"name":"truncated","val":0.0},{"name":"occluded","val":1},{"name":"alpha","val":2.94}]}},"-2":{}}},"6":{"frame_properties":{"transforms":{"vehicle-iso8855_to_odom":{"src":"vehicle-iso8855","dst":"odom","transform_src_to_dst_4x4":[0.999931667849256,0.011557896993685082,0.0017534677894438936,3.9080172835555507,-0.011527765792598009,0.9998004065920851,-0.01631740157414668,-0.04434443555288081,-0.0019417126554307142,0.016296073005000994,0.9998653248095862,0.019371357015783894,0.0,0.0,0.0,1.0]}}},"objects":{"-1":{"object_data":{"bbox":[{"name":"box2D0","coordinate_system":"CAM_LEFT","val":[793.5749999999999,170.595,97.83,31.05]},{"name":"box2D1","coordinate_system":"CAM_LEFT","val":[664.6750000000001,177.805,17.45,11.63]},{"name":"box2D2","coordinate_system":"CAM_LEFT","val":[511.275,190.59,159.39,33.12]}],"cuboid":[{"name":"box3D","coordinate_system":"CAM_LEFT","val":[-10.0,499.0,-1.0,0,-1.0,0,-1000.0,-1000.0,-1000.0]}],"num":[{"name":"truncated","val":-1.0},{"name":"occluded","val":-1},{"name":"alpha","val":-10.0}]}},"0":{"object_data":{"bbox":[{"name":"box2D","coordinate_system":"CAM_LEFT","val":[325.49,249.16,169.02,127.82]}],"cuboid":[{"name":"box3D","coordinate_system":"CAM_LEFT","val":[-4.23,1.01,11.18,0,1.4,0,3.61,1.6,1.72]}],"num":[{"name":"truncated","val":0.0},{"name":"occluded","val":0},{"name":"alpha","val":1.75}]}},"1":{"object_data":{"bbox":[{"name":"box2D","coordinate_system":"CAM_LEFT","val":[621.44,188.15499999999997,84.66,30.97]}],"cuboid":[{"name":"box3D","coordinate_system":"CAM_LEFT","val":[0.62,0.88,42.41,0,2.96,0,4.71,1.72,1.73]}],"num":[{"name":"truncated","val":0.0},{"name":"occluded","val":1},{"name":"alpha","val":2.94}]}},"-2":{}}},"7":{"frame_properties":{"transforms":{"vehicle-iso8855_to_odom":{"src":"vehicle-iso8855","dst":"odom","transform_src_to_dst_4x4":[0.9999650704319049,0.008290421384380617,0.0010615222020026755,4.626650372009551,-0.008268542302853251,0.9997818651447952,-0.019179503011817665,-0.057763493506315024,-0.0012202968089218098,0.01917005583882851,0.9998154928959815,0.022939929754721936,0.0,0.0,0.0,1.0]}}},"objects":{"-1":{"object_data":{"bbox":[{"name":"box2D0","coordinate_system":"CAM_LEFT","val":[803.035,170.245,105.11,32.55]},{"name":"box2D1","coordinate_system":"CAM_LEFT","val":[664.6750000000001,177.805,17.45,11.63]},{"name":"box2D2","coordinate_system":"CAM_LEFT","val":[515.405,191.105,169.73,30.01]}],"cuboid":[{"name":"box3D","coordinate_system":"CAM_LEFT","val":[-10.0,499.0,-1.0,0,-1.0,0,-1000.0,-1000.0,-1000.0]}],"num":[{"name":"truncated","val":-1.0},{"name":"occluded","val":-1},{"name":"alpha","val":-10.0}]}},"0":{"object_data":{"bbox":[{"name":"box2D","coordinate_system":"CAM_LEFT","val":[309.79,255.41,186.36,138.14]}],"cuboid":[{"name":"box3D","coordinate_system":"CAM_LEFT","val":[-4.18,1.02,10.52,0,1.4,0,3.61,1.6,1.72]}],"num":[{"name":"truncated","val":0.0},{"name":"occluded","val":0},{"name":"alpha","val":1.77}]}},"1":{"object_data":{"bbox":[{"name":"box2D","coordinate_system":"CAM_LEFT","val":[625.555,188.17000000000002,86.05,31.48]}],"cuboid":[{"name":"box3D","coordinate_system":"CAM_LEFT","val":[0.84,0.87,41.74,0,2.96,0,4.71,1.72,1.73]}],"num":[{"name":"truncated","val":0.0},{"name":"occluded","val":1},{"name":"alpha","val":2.94}]}},"11":{"object_data":{"bbox":[{"name":"box2D","coordinate_system":"CAM_LEFT","val":[721.8149999999999,173.41,26.35,18.86]}],"cuboid":[{"name":"box3D","coordinate_system":"CAM_LEFT","val":[10.97,0.07,71.06,0,-1.68,0,3.54,1.79,1.65]}],"num":[{"name":"truncated","val":0.0},{"name":"occluded","val":0},{"name":"alpha","val":-1.84}]}},"-2":{}}},"8":{"frame_properties":{"transforms":{"vehicle-iso8855_to_odom":{"src":"vehicle-iso8855","dst":"odom","transform_src_to_dst_4x4":[0.999993002095055,0.0037374250751199623,-0.00016557393389764167,5.285053230150474,-0.0037401277512949978,0.9997601494889374,-0.021579039326656974,-0.06843284485132946,8.488417822853733e-05,0.02157950758625602,0.9997671317096851,0.026591937178716808,0.0,0.0,0.0,1.0]}}},"objects":{"-1":{"object_data":{"bbox":[{"name":"box2D0","coordinate_system":"CAM_LEFT","val":[813.6,170.38,112.7,34.0]},{"name":"box2D1","coordinate_system":"CAM_LEFT","val":[674.865,178.29000000000002,24.25,18.42]},{"name":"box2D2","coordinate_system":"CAM_LEFT","val":[518.0,192.655,168.7,31.05]}],"cuboid":[{"name":"box3D","coordinate_system":"CAM_LEFT","val":[-10.0,499.0,-1.0,0,-1.0,0,-1000.0,-1000.0,-1000.0]}],"num":[{"name":"truncated","val":-1.0},{"name":"occluded","val":-1},{"name":"alpha","val":-10.0}]}},"0":{"object_data":{"bbox":[{"name":"box2D","coordinate_system":"CAM_LEFT","val":[291.675,262.665,206.93,150.21]}],"cuboid":[{"name":"box3D","coordinate_system":"CAM_LEFT","val":[-4.12,1.02,9.86,0,1.4,0,3.61,1.6,1.72]}],"num":[{"name":"truncated","val":0.0},{"name":"occluded","val":0},{"name":"alpha","val":1.79}]}},"1":{"object_data":{"bbox":[{"name":"box2D","coordinate_system":"CAM_LEFT","val":[629.8050000000001,188.19,87.47,32.0]}],"cuboid":[{"name":"box3D","coordinate_system":"CAM_LEFT","val":[1.07,0.86,41.06,0,2.97,0,4.71,1.72,1.73]}],"num":[{"name":"truncated","val":0.0},{"name":"occluded","val":1},{"name":"alpha","val":2.94}]}},"11":{"object_data":{"bbox":[{"name":"box2D","coordinate_system":"CAM_LEFT","val":[725.7199999999999,173.015,27.58,19.07]}],"cuboid":[{"name":"box3D","coordinate_system":"CAM_LEFT","val":[11.23,0.03,70.3,0,-1.71,0,3.54,1.79,1.65]}],"num":[{"name":"truncated","val":0.0},{"name":"occluded","val":0},{"name":"alpha","val":-1.86}]}},"-2":{}}},"9":{"frame_properties":{"transforms":{"vehicle-iso8855_to_odom":{"src":"vehicle-iso8855","dst":"odom","transform_src_to_dst_4x4":[0.999996327691373,-0.0027075846918408314,-0.00011657145787575755,5.9477162638255185,0.0027039197895348654,0.9996966829428188,-0.024479193836752858,-0.07821367556245364,0.00018281559026519376,0.02447878874172631,0.9997003328398955,0.03313064453010215,0.0,0.0,0.0,1.0]}}},"objects":{"-1":{"object_data":{"bbox":[{"name":"box2D0","coordinate_system":"CAM_LEFT","val":[826.465,169.46,121.45,35.68]},{"name":"box2D1","coordinate_system":"CAM_LEFT","val":[679.715,176.35000000000002,24.25,16.48]},{"name":"box2D2","coordinate_system":"CAM_LEFT","val":[518.0,192.14,166.64,32.08]}],"cuboid":[{"name":"box3D","coordinate_system":"CAM_LEFT","val":[-10.0,499.0,-1.0,0,-1.0,0,-1000.0,-1000.0,-1000.0]}],"num":[{"name":"truncated","val":-1.0},{"name":"occluded","val":-1},{"name":"alpha","val":-10.0}]}},"0":{"object_data":{"bbox":[{"name":"box2D","coordinate_system":"CAM_LEFT","val":[270.53499999999997,271.2,231.69,164.54]}],"cuboid":[{"name":"box3D","coordinate_system":"CAM_LEFT","val":[-4.07,1.03,9.19,0,1.41,0,3.61,1.6,1.72]}],"num":[{"name":"truncated","val":0.0},{"name":"occluded","val":0},{"name":"alpha","val":1.82}]}},"1":{"object_data":{"bbox":[{"name":"box2D","coordinate_system":"CAM_LEFT","val":[634.2,188.215,88.96,32.55]}],"cuboid":[{"name":"box3D","coordinate_system":"CAM_LEFT","val":[1.29,0.84,40.39,0,2.98,0,4.71,1.72,1.73]}],"num":[{"name":"truncated","val":0.0},{"name":"occluded","val":1},{"name":"alpha","val":2.94}]}},"11":{"object_data":{"bbox":[{"name":"box2D","coordinate_system":"CAM_LEFT","val":[732.745,172.66000000000003,28.07,19.28]}],"cuboid":[{"name":"box3D","coordinate_system":"CAM_LEFT","val":[11.78,0.0,69.5,0,-1.7,0,3.54,1.79,1.65]}],"num":[{"name":"truncated","val":0.0},{"name":"occluded","val":0},{"name":"alpha","val":-1.87}]}},"-2":{}}},"10":{"frame_properties":{"transforms":{"vehicle-iso8855_to_odom":{"src":"vehicle-iso8855","dst":"odom","transform_src_to_dst_4x4":[0.9999307976597759,-0.011635183342471139,0.0017385051256565453,6.6791548154151466,0.011676702740316623,0.9995894338689549,-0.02616521184046578,-0.08369219400713045,-0.0014333543173748787,0.02618370115413876,0.9996561205180868,0.043595467684068204,0.0,0.0,0.0,1.0]}}},"objects":{"-1":{"object_data":{"bbox":[{"name":"box2D0","coordinate_system":"CAM_LEFT","val":[794.7,170.535,97.02,26.19]},{"name":"box2D1","coordinate_system":"CAM_LEFT","val":[686.025,176.35000000000002,17.47,12.6]},{"name":"box2D2","coordinate_system":"CAM_LEFT","val":[533.005,189.54999999999998,155.25,26.9]}],"cuboid":[{"name":"box3D","coordinate_system":"CAM_LEFT","val":[-10.0,499.0,-1.0,0,-1.0,0,-1000.0,-1000.0,-1000.0]}],"num":[{"name":"truncated","val":-1.0},{"name":"occluded","val":-1},{"name":"alpha","val":-10.0}]}},"0":{"object_data":{"bbox":[{"name":"box2D","coordinate_system":"CAM_LEFT","val":[245.505,281.385,262.01,181.83]}],"cuboid":[{"name":"box3D","coordinate_system":"CAM_LEFT","val":[-4.01,1.04,8.52,0,1.41,0,3.61,1.6,1.72]}],"num":[{"name":"truncated","val":0.0},{"name":"occluded","val":0},{"name":"alpha","val":1.84}]}},"1":{"object_data":{"bbox":[{"name":"box2D","coordinate_system":"CAM_LEFT","val":[638.745,188.235,90.51,33.11]}],"cuboid":[{"name":"box3D","coordinate_system":"CAM_LEFT","val":[1.52,0.83,39.71,0,2.98,0,4.71,1.72,1.73]}],"num":[{"name":"truncated","val":0.0},{"name":"occluded","val":1},{"name":"alpha","val":2.94}]}},"8":{"object_data":{"bbox":[{"name":"box2D","coordinate_system":"CAM_LEFT","val":[458.43,194.10500000000002,34.5,25.05]}],"cuboid":[{"name":"box3D","coordinate_system":"CAM_LEFT","val":[-10.09,1.38,48.18,0,1.48,0,4.17,1.57,1.76]}],"num":[{"name":"truncated","val":0.0},{"name":"occluded","val":0},{"name":"alpha","val":1.68}]}},"11":{"object_data":{"bbox":[{"name":"box2D","coordinate_system":"CAM_LEFT","val":[739.935,172.295,28.59,19.51]}],"cuboid":[{"name":"box3D","coordinate_system":"CAM_LEFT","val":[12.33,-0.03,68.7,0,-1.7,0,3.54,1.79,1.65]}],"num":[{"name":"truncated","val":0.0},{"name":"occluded","val":0},{"name":"alpha","val":-1.87}]}},"-2":{}}},"11":{"frame_properties":{"transforms":{"vehicle-iso8855_to_odom":{"src":"vehicle-iso8855","dst":"odom","transform_src_to_dst_4x4":[0.9997668457409243,-0.021119446538675472,0.0044970140252571485,7.347498845171298,0.02123585178084013,0.999392422116043,-0.02763738801281513,-0.08298995005748298,-0.00391059540038628,0.027726442161386918,0.9996078989527274,0.054949417936158665,0.0,0.0,0.0,1.0]}}},"objects":{"-1":{"object_data":{"bbox":[{"name":"box2D0","coordinate_system":"CAM_LEFT","val":[809.745,166.64499999999998,123.23,32.03]},{"name":"box2D1","coordinate_system":"CAM_LEFT","val":[543.875,187.48,152.15,26.9]}],"cuboid":[{"name":"box3D","coordinate_system":"CAM_LEFT","val":[-10.0,499.0,-1.0,0,-1.0,0,-1000.0,-1000.0,-1000.0]}],"num":[{"name":"truncated","val":-1.0},{"name":"occluded","val":-1},{"name":"alpha","val":-10.0}]}},"0":{"object_data":{"bbox":[{"name":"box2D","coordinate_system":"CAM_LEFT","val":[218.45,282.415,298.76,183.17]}],"cuboid":[{"name":"box3D","coordinate_system":"CAM_LEFT","val":[-3.93,1.03,7.88,0,1.42,0,3.61,1.6,1.72]}],"num":[{"name":"truncated","val":0.0},{"name":"occluded","val":3},{"name":"alpha","val":1.87}]}},"1":{"object_data":{"bbox":[{"name":"box2D","coordinate_system":"CAM_LEFT","val":[646.4649999999999,186.80499999999998,92.13,33.71]}],"cuboid":[{"name":"box3D","coordinate_system":"CAM_LEFT","val":[1.9,0.74,38.96,0,3.0,0,4.71,1.72,1.73]}],"num":[{"name":"truncated","val":0.0},{"name":"occluded","val":1},{"name":"alpha","val":2.95}]}},"8":{"object_data":{"bbox":[{"name":"box2D","coordinate_system":"CAM_LEFT","val":[463.75,192.865,33.94,25.35]}],"cuboid":[{"name":"box3D","coordinate_system":"CAM_LEFT","val":[-9.61,1.28,47.56,0,1.47,0,4.17,1.57,1.76]}],"num":[{"name":"truncated","val":0.0},{"name":"occluded","val":0},{"name":"alpha","val":1.67}]}},"11":{"object_data":{"bbox":[{"name":"box2D","coordinate_system":"CAM_LEFT","val":[748.61,169.77,29.2,19.82]}],"cuboid":[{"name":"box3D","coordinate_system":"CAM_LEFT","val":[13.0,-0.26,67.92,0,-1.69,0,3.54,1.79,1.65]}],"num":[{"name":"truncated","val":0.0},{"name":"occluded","val":0},{"name":"alpha","val":-1.88}]}},"-2":{}}},"12":{"frame_properties":{"transforms":{"vehicle-iso8855_to_odom":{"src":"vehicle-iso8855","dst":"odom","transform_src_to_dst_4x4":[0.9994824102996382,-0.031414963444301204,0.006929038419517473,8.01926110016673,0.03160187862840169,0.9990868118133628,-0.028755238266550767,-0.07920370589280917,-0.0060193661445121505,0.028959325482537664,0.9995624666316834,0.06934960530761249,0.0,0.0,0.0,1.0]}}},"objects":{"-1":{"object_data":{"bbox":[{"name":"box2D0","coordinate_system":"CAM_LEFT","val":[823.81,165.195,120.32,36.87]},{"name":"box2D1","coordinate_system":"CAM_LEFT","val":[550.6,186.44,157.32,26.9]}],"cuboid":[{"name":"box3D","coordinate_system":"CAM_LEFT","val":[-10.0,499.0,-1.0,0,-1.0,0,-1000.0,-1000.0,-1000.0]}],"num":[{"name":"truncated","val":-1.0},{"name":"occluded","val":-1},{"name":"alpha","val":-10.0}]}},"0":{"object_data":{"bbox":[{"name":"box2D","coordinate_system":"CAM_LEFT","val":[185.215,282.625,345.37,182.75]}],"cuboid":[{"name":"box3D","coordinate_system":"CAM_LEFT","val":[-3.85,1.02,7.22,0,1.43,0,3.61,1.6,1.72]}],"num":[{"name":"truncated","val":0.0},{"name":"occluded","val":3},{"name":"alpha","val":1.9}]}},"1":{"object_data":{"bbox":[{"name":"box2D","coordinate_system":"CAM_LEFT","val":[654.485,185.32,93.83,34.36]}],"cuboid":[{"name":"box3D","coordinate_system":"CAM_LEFT","val":[2.29,0.65,38.21,0,3.02,0,4.71,1.72,1.73]}],"num":[{"name":"truncated","val":0.0},{"name":"occluded","val":1},{"name":"alpha","val":2.96}]}},"8":{"object_data":{"bbox":[{"name":"box2D","coordinate_system":"CAM_LEFT","val":[469.21,191.57,33.36,25.68]}],"cuboid":[{"name":"box3D","coordinate_system":"CAM_LEFT","val":[-9.13,1.18,46.94,0,1.46,0,4.17,1.57,1.76]}],"num":[{"name":"truncated","val":0.0},{"name":"occluded","val":0},{"name":"alpha","val":1.65}]}},"11":{"object_data":{"bbox":[{"name":"box2D","coordinate_system":"CAM_LEFT","val":[757.485,167.205,29.83,20.19]}],"cuboid":[{"name":"box3D","coordinate_system":"CAM_LEFT","val":[13.68,-0.5,67.13,0,-1.69,0,3.54,1.79,1.65]}],"num":[{"name":"truncated","val":0.0},{"name":"occluded","val":0},{"name":"alpha","val":-1.89}]}},"-2":{}}},"13":{"frame_properties":{"transforms":{"vehicle-iso8855_to_odom":{"src":"vehicle-iso8855","dst":"odom","transform_src_to_dst_4x4":[0.999018557220898,-0.04352190643325428,0.008232010003070557,8.763954673376809,0.04373755437899505,0.9986467766763037,-0.028136129282003486,-0.06233973795633372,-0.006996332269128197,0.028468563266245507,0.9995702037577628,0.07727921802671422,0.0,0.0,0.0,1.0]}}},"objects":{"-1":{"object_data":{"bbox":[{"name":"box2D0","coordinate_system":"CAM_LEFT","val":[839.335,166.16000000000003,106.73,29.1]},{"name":"box2D1","coordinate_system":"CAM_LEFT","val":[552.155,184.38,152.15,28.98]}],"cuboid":[{"name":"box3D","coordinate_system":"CAM_LEFT","val":[-10.0,499.0,-1.0,0,-1.0,0,-1000.0,-1000.0,-1000.0]}],"num":[{"name":"truncated","val":-1.0},{"name":"occluded","val":-1},{"name":"alpha","val":-10.0}]}},"0":{"object_data":{"bbox":[{"name":"box2D","coordinate_system":"CAM_LEFT","val":[173.205,282.865,346.41,182.27]}],"cuboid":[{"name":"box3D","coordinate_system":"CAM_LEFT","val":[-3.76,1.01,6.56,0,1.43,0,3.61,1.6,1.72]}],"num":[{"name":"truncated","val":0.0},{"name":"occluded","val":3},{"name":"alpha","val":1.94}]}},"1":{"object_data":{"bbox":[{"name":"box2D","coordinate_system":"CAM_LEFT","val":[663.2249999999999,185.805,95.61,35.05]}],"cuboid":[{"name":"box3D","coordinate_system":"CAM_LEFT","val":[2.69,0.66,37.47,0,3.05,0,4.71,1.72,1.73]}],"num":[{"name":"truncated","val":0.0},{"name":"occluded","val":1},{"name":"alpha","val":2.97}]}},"8":{"object_data":{"bbox":[{"name":"box2D","coordinate_system":"CAM_LEFT","val":[474.815,190.24,32.73,26.04]}],"cuboid":[{"name":"box3D","coordinate_system":"CAM_LEFT","val":[-8.65,1.08,46.32,0,1.45,0,4.17,1.57,1.76]}],"num":[{"name":"truncated","val":0.0},{"name":"occluded","val":0},{"name":"alpha","val":1.64}]}},"11":{"object_data":{"bbox":[{"name":"box2D","coordinate_system":"CAM_LEFT","val":[768.3050000000001,166.85500000000002,29.97,20.47]}],"cuboid":[{"name":"box3D","coordinate_system":"CAM_LEFT","val":[14.49,-0.52,66.25,0,-1.66,0,3.54,1.79,1.65]}],"num":[{"name":"truncated","val":0.0},{"name":"occluded","val":0},{"name":"alpha","val":-1.88}]}},"-2":{}}},"14":{"frame_properties":{"transforms":{"vehicle-iso8855_to_odom":{"src":"vehicle-iso8855","dst":"odom","transform_src_to_dst_4x4":[0.9984845912681803,-0.05442703516787993,0.008137496104399714,9.44221756095928,0.05462506949005096,0.9981551566902163,-0.026502546216113705,-0.03844218424782033,-0.006680028684210339,0.026906895316340204,0.9996156242282399,0.07973818652028125,0.0,0.0,0.0,1.0]}}},"objects":{"-1":{"object_data":{"bbox":[{"name":"box2D0","coordinate_system":"CAM_LEFT","val":[819.9250000000001,165.19000000000003,60.15,27.16]},{"name":"box2D1","coordinate_system":"CAM_LEFT","val":[584.235,181.79,119.01,23.8]},{"name":"box2D2","coordinate_system":"CAM_LEFT","val":[502.475,185.93,36.23,21.74]}],"cuboid":[{"name":"box3D","coordinate_system":"CAM_LEFT","val":[-10.0,499.0,-1.0,0,-1.0,0,-1000.0,-1000.0,-1000.0]}],"num":[{"name":"truncated","val":-1.0},{"name":"occluded","val":-1},{"name":"alpha","val":-10.0}]}},"0":{"object_data":{"bbox":[{"name":"box2D","coordinate_system":"CAM_LEFT","val":[166.49,283.145,332.98,181.71]}],"cuboid":[{"name":"box3D","coordinate_system":"CAM_LEFT","val":[-3.68,1.0,5.91,0,1.44,0,3.61,1.6,1.72]}],"num":[{"name":"truncated","val":1.0},{"name":"occluded","val":3},{"name":"alpha","val":1.98}]}},"1":{"object_data":{"bbox":[{"name":"box2D","coordinate_system":"CAM_LEFT","val":[672.325,186.31,97.49,35.78]}],"cuboid":[{"name":"box3D","coordinate_system":"CAM_LEFT","val":[3.09,0.67,36.72,0,3.07,0,4.71,1.72,1.73]}],"num":[{"name":"truncated","val":0.0},{"name":"occluded","val":1},{"name":"alpha","val":2.98}]}},"5":{"object_data":{"bbox":[{"name":"box2D","coordinate_system":"CAM_LEFT","val":[873.5250000000001,165.57999999999998,66.39,22.02]}],"cuboid":[{"name":"box3D","coordinate_system":"CAM_LEFT","val":[18.82,-0.51,51.69,0,-0.13,0,4.16,1.51,1.63]}],"num":[{"name":"truncated","val":0.0},{"name":"occluded","val":1},{"name":"alpha","val":-0.48}]}},"8":{"object_data":{"bbox":[{"name":"box2D","coordinate_system":"CAM_LEFT","val":[481.44500000000005,191.155,33.81,26.45]}],"cuboid":[{"name":"box3D","coordinate_system":"CAM_LEFT","val":[-8.1,1.12,45.63,0,1.47,0,4.17,1.57,1.76]}],"num":[{"name":"truncated","val":0.0},{"name":"occluded","val":0},{"name":"alpha","val":1.64}]}},"11":{"object_data":{"bbox":[{"name":"box2D","coordinate_system":"CAM_LEFT","val":[779.4200000000001,166.495,30.14,20.77]}],"cuboid":[{"name":"box3D","coordinate_system":"CAM_LEFT","val":[15.3,-0.55,65.36,0,-1.64,0,3.54,1.79,1.65]}],"num":[{"name":"truncated","val":0.0},{"name":"occluded","val":0},{"name":"alpha","val":-1.87}]}},"-2":{}}},"15":{"frame_properties":{"transforms":{"vehicle-iso8855_to_odom":{"src":"vehicle-iso8855","dst":"odom","transform_src_to_dst_4x4":[0.997871344878524,-0.06492729462242229,0.006101268994195081,10.12244526092155,0.06506453712161836,0.9975441563020533,-0.0259280203018646,-0.0049567410029318585,-0.004402849018070893,0.02626980473162107,0.9996451931960092,0.08009479715488858,0.0,0.0,0.0,1.0]}}},"objects":{"-1":{"object_data":{"bbox":[{"name":"box2D0","coordinate_system":"CAM_LEFT","val":[966.45,169.065,69.88,36.87]},{"name":"box2D1","coordinate_system":"CAM_LEFT","val":[837.395,167.615,65.99,33.97]},{"name":"box2D2","coordinate_system":"CAM_LEFT","val":[509.20000000000005,187.995,39.32,25.87]},{"name":"box2D3","coordinate_system":"CAM_LEFT","val":[590.445,183.34,119.01,22.76]}],"cuboid":[{"name":"box3D","coordinate_system":"CAM_LEFT","val":[-10.0,499.0,-1.0,0,-1.0,0,-1000.0,-1000.0,-1000.0]}],"num":[{"name":"truncated","val":-1.0},{"name":"occluded","val":-1},{"name":"alpha","val":-10.0}]}},"0":{"object_data":{"bbox":[{"name":"box2D","coordinate_system":"CAM_LEFT","val":[158.535,283.475,317.07,181.05]}],"cuboid":[{"name":"box3D","coordinate_system":"CAM_LEFT","val":[-3.6,0.99,5.25,0,1.45,0,3.61,1.6,1.72]}],"num":[{"name":"truncated","val":1.0},{"name":"occluded","val":3},{"name":"alpha","val":2.02}]}},"1":{"object_data":{"bbox":[{"name":"box2D","coordinate_system":"CAM_LEFT","val":[681.8050000000001,186.84,99.47,36.54]}],"cuboid":[{"name":"box3D","coordinate_system":"CAM_LEFT","val":[3.5,0.69,35.97,0,3.09,0,4.71,1.72,1.73]}],"num":[{"name":"truncated","val":0.0},{"name":"occluded","val":1},{"name":"alpha","val":2.99}]}},"5":{"object_data":{"bbox":[{"name":"box2D","coordinate_system":"CAM_LEFT","val":[884.98,166.16500000000002,67.98,22.41]}],"cuboid":[{"name":"box3D","coordinate_system":"CAM_LEFT","val":[19.3,-0.46,50.79,0,-0.11,0,4.16,1.51,1.63]}],"num":[{"name":"truncated","val":0.0},{"name":"occluded","val":1},{"name":"alpha","val":-0.47}]}},"8":{"object_data":{"bbox":[{"name":"box2D","coordinate_system":"CAM_LEFT","val":[488.275,192.1,34.89,26.88]}],"cuboid":[{"name":"box3D","coordinate_system":"CAM_LEFT","val":[-7.55,1.16,44.94,0,1.49,0,4.17,1.57,1.76]}],"num":[{"name":"truncated","val":0.0},{"name":"occluded","val":0},{"name":"alpha","val":1.65}]}},"11":{"object_data":{"bbox":[{"name":"box2D","coordinate_system":"CAM_LEFT","val":[789.0699999999999,167.08499999999998,31.02,21.03]}],"cuboid":[{"name":"box3D","coordinate_system":"CAM_LEFT","val":[15.95,-0.49,64.45,0,-1.64,0,3.54,1.79,1.65]}],"num":[{"name":"truncated","val":0.0},{"name":"occluded","val":0},{"name":"alpha","val":-1.88}]}},"-2":{}}},"16":{"frame_properties":{"transforms":{"vehicle-iso8855_to_odom":{"src":"vehicle-iso8855","dst":"odom","transform_src_to_dst_4x4":[0.9971029773046363,-0.07583097005793811,0.005942779678105627,10.87169657743017,0.07596379021346275,0.9967509784870846,-0.026776658892489445,0.03867925771128903,-0.0038929714403569543,0.02715052237272434,0.9996237761819455,0.07949680301243686,0.0,0.0,0.0,1.0]}}},"objects":{"-1":{"object_data":{"bbox":[{"name":"box2D0","coordinate_system":"CAM_LEFT","val":[997.765,169.88,91.47,40.62]},{"name":"box2D1","coordinate_system":"CAM_LEFT","val":[837.395,167.615,65.99,33.97]},{"name":"box2D2","coordinate_system":"CAM_LEFT","val":[515.93,186.96,42.44,27.94]},{"name":"box2D3","coordinate_system":"CAM_LEFT","val":[599.2349999999999,182.82,122.13,21.72]}],"cuboid":[{"name":"box3D","coordinate_system":"CAM_LEFT","val":[-10.0,499.0,-1.0,0,-1.0,0,-1000.0,-1000.0,-1000.0]}],"num":[{"name":"truncated","val":-1.0},{"name":"occluded","val":-1},{"name":"alpha","val":-10.0}]}},"0":{"object_data":{"bbox":[{"name":"box2D","coordinate_system":"CAM_LEFT","val":[147.42,283.625,294.84,180.75]}],"cuboid":[{"name":"box3D","coordinate_system":"CAM_LEFT","val":[-3.54,0.97,4.59,0,1.45,0,3.61,1.6,1.72]}],"num":[{"name":"truncated","val":1.0},{"name":"occluded","val":3},{"name":"alpha","val":2.08}]}},"1":{"object_data":{"bbox":[{"name":"box2D","coordinate_system":"CAM_LEFT","val":[690.1949999999999,186.935,101.85,37.33]}],"cuboid":[{"name":"box3D","coordinate_system":"CAM_LEFT","val":[3.83,0.68,35.22,0,3.09,0,4.71,1.72,1.73]}],"num":[{"name":"truncated","val":0.0},{"name":"occluded","val":1},{"name":"alpha","val":2.99}]}},"5":{"object_data":{"bbox":[{"name":"box2D","coordinate_system":"CAM_LEFT","val":[896.845,166.76999999999998,69.65,22.84]}],"cuboid":[{"name":"box3D","coordinate_system":"CAM_LEFT","val":[19.78,-0.41,49.88,0,-0.09,0,4.16,1.51,1.63]}],"num":[{"name":"truncated","val":0.0},{"name":"occluded","val":1},{"name":"alpha","val":-0.46}]}},"8":{"object_data":{"bbox":[{"name":"box2D","coordinate_system":"CAM_LEFT","val":[493.27500000000003,192.57,35.45,27.28]}],"cuboid":[{"name":"box3D","coordinate_system":"CAM_LEFT","val":[-7.14,1.17,44.31,0,1.5,0,4.17,1.57,1.76]}],"num":[{"name":"truncated","val":0.0},{"name":"occluded","val":0},{"name":"alpha","val":1.66}]}},"11":{"object_data":{"bbox":[{"name":"box2D","coordinate_system":"CAM_LEFT","val":[799.005,167.69,31.95,21.3]}],"cuboid":[{"name":"box3D","coordinate_system":"CAM_LEFT","val":[16.6,-0.43,63.56,0,-1.63,0,3.54,1.79,1.65]}],"num":[{"name":"truncated","val":0.0},{"name":"occluded","val":0},{"name":"alpha","val":-1.89}]}},"-2":{}}},"17":{"frame_properties":{"transforms":{"vehicle-iso8855_to_odom":{"src":"vehicle-iso8855","dst":"odom","transform_src_to_dst_4x4":[0.9963547492358558,-0.08513217497144716,0.005452197702453426,11.55561557622248,0.08525189818136854,0.9959684208372034,-0.027910903810533464,0.0875214402648107,-0.003054100788995196,0.028273971770484393,0.9995955457027068,0.07709769022545457,0.0,0.0,0.0,1.0]}}},"objects":{"-1":{"object_data":{"bbox":[{"name":"box2D0","coordinate_system":"CAM_LEFT","val":[1027.565,169.41500000000002,118.05,43.79]},{"name":"box2D1","coordinate_system":"CAM_LEFT","val":[858.74,168.10000000000002,77.62,25.22]},{"name":"box2D2","coordinate_system":"CAM_LEFT","val":[519.55,187.47500000000002,43.46,28.97]},{"name":"box2D3","coordinate_system":"CAM_LEFT","val":[605.975,182.825,116.95,23.81]}],"cuboid":[{"name":"box3D","coordinate_system":"CAM_LEFT","val":[-10.0,499.0,-1.0,0,-1.0,0,-1000.0,-1000.0,-1000.0]}],"num":[{"name":"truncated","val":-1.0},{"name":"occluded","val":-1},{"name":"alpha","val":-10.0}]}},"0":{"object_data":{"bbox":[{"name":"box2D","coordinate_system":"CAM_LEFT","val":[133.77,283.805,267.54,180.39]}],"cuboid":[{"name":"box3D","coordinate_system":"CAM_LEFT","val":[-3.49,0.95,3.95,0,1.46,0,3.61,1.6,1.72]}],"num":[{"name":"truncated","val":1.0},{"name":"occluded","val":3},{"name":"alpha","val":2.15}]}},"1":{"object_data":{"bbox":[{"name":"box2D","coordinate_system":"CAM_LEFT","val":[698.9499999999999,187.02999999999997,104.36,38.16]}],"cuboid":[{"name":"box3D","coordinate_system":"CAM_LEFT","val":[4.16,0.67,34.47,0,3.1,0,4.71,1.72,1.73]}],"num":[{"name":"truncated","val":0.0},{"name":"occluded","val":1},{"name":"alpha","val":2.98}]}},"5":{"object_data":{"bbox":[{"name":"box2D","coordinate_system":"CAM_LEFT","val":[909.955,167.37,71.45,23.26]}],"cuboid":[{"name":"box3D","coordinate_system":"CAM_LEFT","val":[20.3,-0.36,48.96,0,-0.07,0,4.16,1.51,1.63]}],"num":[{"name":"truncated","val":0.0},{"name":"occluded","val":1},{"name":"alpha","val":-0.46}]}},"8":{"object_data":{"bbox":[{"name":"box2D","coordinate_system":"CAM_LEFT","val":[498.42,193.05,36.02,27.68]}],"cuboid":[{"name":"box3D","coordinate_system":"CAM_LEFT","val":[-6.72,1.18,43.69,0,1.51,0,4.17,1.57,1.76]}],"num":[{"name":"truncated","val":0.0},{"name":"occluded","val":0},{"name":"alpha","val":1.66}]}},"11":{"object_data":{"bbox":[{"name":"box2D","coordinate_system":"CAM_LEFT","val":[809.21,168.315,32.92,21.57]}],"cuboid":[{"name":"box3D","coordinate_system":"CAM_LEFT","val":[17.25,-0.36,62.66,0,-1.63,0,3.54,1.79,1.65]}],"num":[{"name":"truncated","val":0.0},{"name":"occluded","val":0},{"name":"alpha","val":-1.9}]}},"-2":{}}},"18":{"frame_properties":{"transforms":{"vehicle-iso8855_to_odom":{"src":"vehicle-iso8855","dst":"odom","transform_src_to_dst_4x4":[0.9955486945915994,-0.09413571797174172,0.0046112144720460305,12.239241523335984,0.09422370890217366,0.9952180713473099,-0.0257465171326025,0.1448406302185892,-0.002165497097889169,0.026066397251742233,0.9996578682512501,0.07746107603976211,0.0,0.0,0.0,1.0]}}},"objects":{"-1":{"object_data":{"bbox":[{"name":"box2D0","coordinate_system":"CAM_LEFT","val":[1061.215,171.315,151.15,48.97]},{"name":"box2D1","coordinate_system":"CAM_LEFT","val":[869.8950000000001,164.225,76.65,34.93]},{"name":"box2D2","coordinate_system":"CAM_LEFT","val":[610.635,181.79,122.13,27.94]},{"name":"box2D3","coordinate_system":"CAM_LEFT","val":[525.76,190.065,41.4,25.87]}],"cuboid":[{"name":"box3D","coordinate_system":"CAM_LEFT","val":[-10.0,499.0,-1.0,0,-1.0,0,-1000.0,-1000.0,-1000.0]}],"num":[{"name":"truncated","val":-1.0},{"name":"occluded","val":-1},{"name":"alpha","val":-10.0}]}},"0":{"object_data":{"bbox":[{"name":"box2D","coordinate_system":"CAM_LEFT","val":[116.7,284.03,233.4,179.94]}],"cuboid":[{"name":"box3D","coordinate_system":"CAM_LEFT","val":[-3.44,0.94,3.3,0,1.46,0,3.61,1.6,1.72]}],"num":[{"name":"truncated","val":1.0},{"name":"occluded","val":3},{"name":"alpha","val":2.23}]}},"1":{"object_data":{"bbox":[{"name":"box2D","coordinate_system":"CAM_LEFT","val":[708.1,187.135,107.02,39.03]}],"cuboid":[{"name":"box3D","coordinate_system":"CAM_LEFT","val":[4.49,0.66,33.72,0,3.1,0,4.71,1.72,1.73]}],"num":[{"name":"truncated","val":0.0},{"name":"occluded","val":1},{"name":"alpha","val":2.97}]}},"5":{"object_data":{"bbox":[{"name":"box2D","coordinate_system":"CAM_LEFT","val":[921.92,168.04999999999998,73.26,23.7]}],"cuboid":[{"name":"box3D","coordinate_system":"CAM_LEFT","val":[20.72,-0.31,48.07,0,-0.05,0,4.16,1.51,1.63]}],"num":[{"name":"truncated","val":0.0},{"name":"occluded","val":1},{"name":"alpha","val":-0.45}]}},"8":{"object_data":{"bbox":[{"name":"box2D","coordinate_system":"CAM_LEFT","val":[503.71500000000003,193.55,36.59,28.1]}],"cuboid":[{"name":"box3D","coordinate_system":"CAM_LEFT","val":[-6.31,1.19,43.06,0,1.51,0,4.17,1.57,1.76]}],"num":[{"name":"truncated","val":0.0},{"name":"occluded","val