{"vcd":{"metadata":{"schema_version":"4.3.0"},"coordinate_systems":{"odom":{"type":"scene_cs","parent":"","pose_wrt_parent":[],"children":["vehicle-iso8855"]},"vehicle-iso8855":{"type":"local_cs","parent":"odom","pose_wrt_parent":[],"children":["VELO_TOP","IMU"]},"VELO_TOP":{"type":"sensor_cs","parent":"vehicle-iso8855","pose_wrt_parent":[1.0,0.0,0.0,0.76,0.0,1.0,0.0,0.0,0.0,0.0,1.0,1.73,0.0,0.0,0.0,1.0],"children":["CAM_LEFT","CAM_RIGHT"]},"IMU":{"type":"sensor_cs","parent":"vehicle-iso8855","pose_wrt_parent":[1.0,0.0,0.0,-0.05,0.0,1.0,0.0,0.32,0.0,0.0,1.0,0.93,0.0,0.0,0.0,1.0],"children":[]},"CAM_LEFT":{"type":"sensor_cs","parent":"VELO_TOP","pose_wrt_parent":[0.004852296969546027,-0.003020691211385991,0.999983658855251,0.2672341673242783,-0.9999297611345842,0.010798081277047428,0.004884654149849766,-0.005139645452231175,-0.010812659650730121,-0.9999371604511238,-0.0029680830853669278,-0.06263302502186824,0.0,0.0,0.0,1.0],"children":[]},"CAM_RIGHT":{"type":"sensor_cs","parent":"VELO_TOP","pose_wrt_parent":[0.004852296969546027,-0.003020691211385991,0.999983658855251,0.2672341673242783,-0.9999297611345842,0.010798081277047428,0.004884654149849766,-0.005139645452231175,-0.010812659650730121,-0.9999371604511238,-0.0029680830853669278,-0.06263302502186824,0.0,0.0,0.0,1.0],"children":[]}},"frames":{"0":{"frame_properties":{"transforms":{"vehicle-iso8855_to_odom":{"src":"vehicle-iso8855","dst":"odom","transform_src_to_dst_4x4":[1.0,5.594483210025203e-17,1.734723475976807e-18,0.0,-5.49148400363908e-17,1.0,-9.526206219063818e-35,0.0,-3.810482487625527e-34,6.938893903907228e-18,1.0,0.0,0.0,0.0,0.0,1.0]}}},"objects":{"-1":{"object_data":{"bbox":[{"name":"box2D0","coordinate_system":"CAM_LEFT","val":[662.54,175.41,73.5,19.34]}],"cuboid":[{"name":"box3D","coordinate_system":"CAM_LEFT","val":[-10.0,499.0,-1.0,0,-1.0,0,-1000.0,-1000.0,-1000.0]}],"num":[{"name":"truncated","val":-1.0},{"name":"occluded","val":-1},{"name":"alpha","val":-10.0}]}},"-2":{}}},"1":{"frame_properties":{"transforms":{"vehicle-iso8855_to_odom":{"src":"vehicle-iso8855","dst":"odom","transform_src_to_dst_4x4":[0.9999988483846939,0.001391387504456288,-0.0006060281335557513,1.6912706155428672,-0.0013910903436436801,0.9999989121442746,0.0004904874340362383,-0.0024761070113567367,0.0006067099323713788,-0.0004896438292988258,0.9999996960759434,0.015968562856396445,0.0,0.0,0.0,1.0]}}},"objects":{"-1":{"object_data":{"bbox":[{"name":"box2D0","coordinate_system":"CAM_LEFT","val":[662.54,175.41,73.5,19.34]}],"cuboid":[{"name":"box3D","coordinate_system":"CAM_LEFT","val":[-10.0,499.0,-1.0,0,-1.0,0,-1000.0,-1000.0,-1000.0]}],"num":[{"name":"truncated","val":-1.0},{"name":"occluded","val":-1},{"name":"alpha","val":-10.0}]}},"-2":{}}},"2":{"frame_properties":{"transforms":{"vehicle-iso8855_to_odom":{"src":"vehicle-iso8855","dst":"odom","transform_src_to_dst_4x4":[0.999995811870845,0.002867190897935713,-0.0003942805145406799,3.238940385892594,-0.002866953362147466,0.9999957092555225,0.00060170504686026,-0.006625897990173879,0.00039600402601734397,-0.0006005721429950254,0.9999997412469227,0.032958582356005295,0.0,0.0,0.0,1.0]}}},"objects":{"-1":{"object_data":{"bbox":[{"name":"box2D0","coordinate_system":"CAM_LEFT","val":[662.54,175.41,73.5,19.34]}],"cuboid":[{"name":"box3D","coordinate_system":"CAM_LEFT","val":[-10.0,499.0,-1.0,0,-1.0,0,-1000.0,-1000.0,-1000.0]}],"num":[{"name":"truncated","val":-1.0},{"name":"occluded","val":-1},{"name":"alpha","val":-10.0}]}},"-2":{}}},"3":{"frame_properties":{"transforms":{"vehicle-iso8855_to_odom":{"src":"vehicle-iso8855","dst":"odom","transform_src_to_dst_4x4":[0.9999899015701648,0.004434322609599971,0.0007304386941383991,4.782801161847189,-0.004435066904507707,0.9999896443053762,0.0010205212195112346,-0.012903126118891155,-0.0007259058096210938,-0.0010237504583274469,0.9999992124975674,0.04538813818144198,0.0,0.0,0.0,1.0]}}},"objects":{"-1":{"object_data":{"bbox":[{"name":"box2D0","coordinate_system":"CAM_LEFT","val":[662.54,175.41,73.5,19.34]}],"cuboid":[{"name":"box3D","coordinate_system":"CAM_LEFT","val":[-10.0,499.0,-1.0,0,-1.0,0,-1000.0,-1000.0,-1000.0]}],"num":[{"name":"truncated","val":-1.0},{"name":"occluded","val":-1},{"name":"alpha","val":-10.0}]}},"-2":{}}},"4":{"frame_properties":{"transforms":{"vehicle-iso8855_to_odom":{"src":"vehicle-iso8855","dst":"odom","transform_src_to_dst_4x4":[0.9999773568690126,0.006681454521071359,0.0008024429862705164,6.4717889385299285,-0.006682866527354144,0.9999761028481865,0.001770036025173552,-0.009900589165424183,-0.000790597394965798,-0.0017753585653890475,0.9999981115270787,0.05851293842492554,0.0,0.0,0.0,1.0]}}},"objects":{"-1":{"object_data":{"bbox":[{"name":"box2D0","coordinate_system":"CAM_LEFT","val":[655.765,176.85999999999999,75.45,18.38]}],"cuboid":[{"name":"box3D","coordinate_system":"CAM_LEFT","val":[-10.0,499.0,-1.0,0,-1.0,0,-1000.0,-1000.0,-1000.0]}],"num":[{"name":"truncated","val":-1.0},{"name":"occluded","val":-1},{"name":"alpha","val":-10.0}]}},"-2":{}}},"5":{"frame_properties":{"transforms":{"vehicle-iso8855_to_odom":{"src":"vehicle-iso8855","dst":"odom","transform_src_to_dst_4x4":[0.9999574821082745,0.009215984152375562,0.000315613344471377,8.003482630877759,-0.00921672352037111,0.9999545790584529,0.0024273087115043077,-0.01323033339577773,-0.00029322897039795213,-0.0024301144283906616,0.9999970042758308,0.07118722692359702,0.0,0.0,0.0,1.0]}}},"objects":{"-1":{"object_data":{"bbox":[{"name":"box2D0","coordinate_system":"CAM_LEFT","val":[654.3199999999999,176.85999999999999,86.08,18.38]}],"cuboid":[{"name":"box3D","coordinate_system":"CAM_LEFT","val":[-10.0,499.0,-1.0,0,-1.0,0,-1000.0,-1000.0,-1000.0]}],"num":[{"name":"truncated","val":-1.0},{"name":"occluded","val":-1},{"name":"alpha","val":-10.0}]}},"-2":{}}},"6":{"frame_properties":{"transforms":{"vehicle-iso8855_to_odom":{"src":"vehicle-iso8855","dst":"odom","transform_src_to_dst_4x4":[0.9999225501507492,0.012352496217550843,0.001519716163307212,9.687069675251404,-0.012357029425391764,0.999919116764546,0.0030106066813556944,-0.01935511556354951,-0.0014824047361029682,-0.003029152687670293,0.9999943133389274,0.08840294413353848,0.0,0.0,0.0,1.0]}}},"objects":{"-1":{"object_data":{"bbox":[{"name":"box2D0","coordinate_system":"CAM_LEFT","val":[654.3199999999999,176.85999999999999,86.08,18.38]}],"cuboid":[{"name":"box3D","coordinate_system":"CAM_LEFT","val":[-10.0,499.0,-1.0,0,-1.0,0,-1000.0,-1000.0,-1000.0]}],"num":[{"name":"truncated","val":-1.0},{"name":"occluded","val":-1},{"name":"alpha","val":-10.0}]}},"-2":{}}},"7":{"frame_properties":{"transforms":{"vehicle-iso8855_to_odom":{"src":"vehicle-iso8855","dst":"odom","transform_src_to_dst_4x4":[0.9998886108318942,0.014696157555037883,0.002605548268960232,11.215177610365664,-0.014701999714847244,0.9998894164954026,0.002237405834303961,-0.031140888198843242,-0.0025723788696457653,-0.0022754633814366346,0.9999941025492856,0.11785375238428675,0.0,0.0,0.0,1.0]}}},"objects":{"-1":{"object_data":{"bbox":[{"name":"box2D0","coordinate_system":"CAM_LEFT","val":[649.0,172.995,83.18,20.31]}],"cuboid":[{"name":"box3D","coordinate_system":"CAM_LEFT","val":[-10.0,499.0,-1.0,0,-1.0,0,-1000.0,-1000.0,-1000.0]}],"num":[{"name":"truncated","val":-1.0},{"name":"occluded","val":-1},{"name":"alpha","val":-10.0}]}},"-2":{}}},"8":{"frame_properties":{"transforms":{"vehicle-iso8855_to_odom":{"src":"vehicle-iso8855","dst":"odom","transform_src_to_dst_4x4":[0.9998577398174252,0.01654177542213693,0.0032969369228596423,12.742304066268689,-0.01654695550546741,0.9998618881215139,0.0015501437291868742,-0.04664260101385292,-0.003270839447267733,-0.0016044774740238286,0.9999933636086523,0.1498152111235432,0.0,0.0,0.0,1.0]}}},"objects":{"-1":{"object_data":{"bbox":[{"name":"box2D0","coordinate_system":"CAM_LEFT","val":[649.0,172.995,83.18,20.31]}],"cuboid":[{"name":"box3D","coordinate_system":"CAM_LEFT","val":[-10.0,499.0,-1.0,0,-1.0,0,-1000.0,-1000.0,-1000.0]}],"num":[{"name":"truncated","val":-1.0},{"name":"occluded","val":-1},{"name":"alpha","val":-10.0}]}},"-2":{}}},"9":{"frame_properties":{"transforms":{"vehicle-iso8855_to_odom":{"src":"vehicle-iso8855","dst":"odom","transform_src_to_dst_4x4":[0.9998246019583744,0.018410753040285832,0.003436494037157444,14.42146647197014,-0.018411735950671543,0.9998304572061569,0.00025460206101092476,-0.06208265927835788,-0.0034312239886885336,-0.00031782922511623083,0.9999940628256363,0.1883730750511103,0.0,0.0,0.0,1.0]}}},"objects":{"-1":{"object_data":{"bbox":[{"name":"box2D0","coordinate_system":"CAM_LEFT","val":[644.6500000000001,174.44,91.88,21.28]}],"cuboid":[{"name":"box3D","coordinate_system":"CAM_LEFT","val":[-10.0,499.0,-1.0,0,-1.0,0,-1000.0,-1000.0,-1000.0]}],"num":[{"name":"truncated","val":-1.0},{"name":"occluded","val":-1},{"name":"alpha","val":-10.0}]}},"-2":{}}},"10":{"frame_properties":{"transforms":{"vehicle-iso8855_to_odom":{"src":"vehicle-iso8855","dst":"odom","transform_src_to_dst_4x4":[0.9997917844959515,0.020132713591499322,0.003325883016999681,15.945357663587325,-0.020130888307565785,0.9997971840976154,-0.0005813832010269518,-0.08239412246370574,-0.0033369132965075567,0.0005143091684914651,0.9999943002316218,0.2170803486057075,0.0,0.0,0.0,1.0]}}},"objects":{"-1":{"object_data":{"bbox":[{"name":"box2D0","coordinate_system":"CAM_LEFT","val":[644.6500000000001,174.44,91.88,21.28]}],"cuboid":[{"name":"box3D","coordinate_system":"CAM_LEFT","val":[-10.0,499.0,-1.0,0,-1.0,0,-1000.0,-1000.0,-1000.0]}],"num":[{"name":"truncated","val":-1.0},{"name":"occluded","val":-1},{"name":"alpha","val":-10.0}]}},"-2":{}}},"11":{"frame_properties":{"transforms":{"vehicle-iso8855_to_odom":{"src":"vehicle-iso8855","dst":"odom","transform_src_to_dst_4x4":[0.9997534423477907,0.021868231909886758,0.0038516161384459617,17.468954099641707,-0.021863645598542526,0.9997602066991703,-0.0012288620642388918,-0.10440557841996072,-0.0038775655873046298,0.0011443487086608313,0.9999918274421795,0.24737522399453737,0.0,0.0,0.0,1.0]}}},"objects":{"-1":{"object_data":{"bbox":[{"name":"box2D0","coordinate_system":"CAM_LEFT","val":[644.16,174.925,94.78,20.31]}],"cuboid":[{"name":"box3D","coordinate_system":"CAM_LEFT","val":[-10.0,499.0,-1.0,0,-1.0,0,-1000.0,-1000.0,-1000.0]}],"num":[{"name":"truncated","val":-1.0},{"name":"occluded","val":-1},{"name":"alpha","val":-10.0}]}},"-2":{}}},"12":{"frame_properties":{"transforms":{"vehicle-iso8855_to_odom":{"src":"vehicle-iso8855","dst":"odom","transform_src_to_dst_4x4":[0.9997208832099116,0.023577742158808136,0.0014985822255047195,19.13990311569481,-0.023575722159815835,0.99972114035672,-0.0013516095966926598,-0.1365539960372053,-0.001530032233970087,0.0013159021815784652,0.9999979636993329,0.2763727824544041,0.0,0.0,0.0,1.0]}}},"objects":{"-1":{"object_data":{"bbox":[{"name":"box2D0","coordinate_system":"CAM_LEFT","val":[644.16,174.925,94.78,20.31]}],"cuboid":[{"name":"box3D","coordinate_system":"CAM_LEFT","val":[-10.0,499.0,-1.0,0,-1.0,0,-1000.0,-1000.0,-1000.0]}],"num":[{"name":"truncated","val":-1.0},{"name":"occluded","val":-1},{"name":"alpha","val":-10.0}]}},"-2":{}}},"13":{"frame_properties":{"transforms":{"vehicle-iso8855_to_odom":{"src":"vehicle-iso8855","dst":"odom","transform_src_to_dst_4x4":[0.999680234177693,0.025255760578490192,0.001255369281927257,20.655297693662064,-0.025255320993072407,0.9996809669522634,-0.0003647943586354728,-0.17217079426329207,-0.0012641819366212958,0.0003329729556875058,0.9999991454861562,0.32442439164245107,0.0,0.0,0.0,1.0]}}},"objects":{"-1":{"object_data":{"bbox":[{"name":"box2D0","coordinate_system":"CAM_LEFT","val":[639.3249999999999,176.37,100.59,23.2]}],"cuboid":[{"name":"box3D","coordinate_system":"CAM_LEFT","val":[-10.0,499.0,-1.0,0,-1.0,0,-1000.0,-1000.0,-1000.0]}],"num":[{"name":"truncated","val":-1.0},{"name":"occluded","val":-1},{"name":"alpha","val":-10.0}]}},"-2":{}}},"14":{"frame_properties":{"transforms":{"vehicle-iso8855_to_odom":{"src":"vehicle-iso8855","dst":"odom","transform_src_to_dst_4x4":[0.9996297567966866,0.027062569128530226,0.0028225305596417884,22.320268346327335,-0.02706493413252632,0.999633354977351,0.0008030922283189498,-0.2125788869730957,-0.0027997619539153564,-0.000879186492563525,0.9999956941727866,0.36317711868884395,0.0,0.0,0.0,1.0]}}},"objects":{"-1":{"object_data":{"bbox":[{"name":"box2D0","coordinate_system":"CAM_LEFT","val":[639.3249999999999,176.37,100.59,23.2]}],"cuboid":[{"name":"box3D","coordinate_system":"CAM_LEFT","val":[-10.0,499.0,-1.0,0,-1.0,0,-1000.0,-1000.0,-1000.0]}],"num":[{"name":"truncated","val":-1.0},{"name":"occluded","val":-1},{"name":"alpha","val":-10.0}]}},"-2":{}}},"15":{"frame_properties":{"transforms":{"vehicle-iso8855_to_odom":{"src":"vehicle-iso8855","dst":"odom","transform_src_to_dst_4x4":[0.9995943940361056,0.028304841093217136,0.003143784706126501,23.829970955842366,-0.028307177039752197,0.9995990257496945,0.0007010337380698703,-0.2519510941128296,-0.003122681480853787,-0.0007897410648560093,0.9999948125712552,0.3961252060994444,0.0,0.0,0.0,1.0]}}},"objects":{"-1":{"object_data":{"bbox":[{"name":"box2D0","coordinate_system":"CAM_LEFT","val":[650.925,174.925,81.25,18.37]},{"name":"box2D1","coordinate_system":"CAM_LEFT","val":[594.8349999999999,178.795,19.35,16.45]}],"cuboid":[{"name":"box3D","coordinate_system":"CAM_LEFT","val":[-10.0,499.0,-1.0,0,-1.0,0,-1000.0,-1000.0,-1000.0]}],"num":[{"name":"truncated","val":-1.0},{"name":"occluded","val":-1},{"name":"alpha","val":-10.0}]}},"-2":{}}},"16":{"frame_properties":{"transforms":{"vehicle-iso8855_to_odom":{"src":"vehicle-iso8855","dst":"odom","transform_src_to_dst_4x4":[0.9995671977784529,0.029382526230424665,0.001443702756430717,25.334190569815355,-0.029383321875177233,0.9995680748603558,0.0005330248975668431,-0.2914218387592674,-0.0014274175668818104,-0.0005752149859913112,0.9999988158027039,0.4238826802614233,0.0,0.0,0.0,1.0]}}},"objects":{"-1":{"object_data":{"bbox":[{"name":"box2D0","coordinate_system":"CAM_LEFT","val":[650.925,174.925,81.25,18.37]},{"name":"box2D1","coordinate_system":"CAM_LEFT","val":[594.8349999999999,178.795,19.35,16.45]}],"cuboid":[{"name":"box3D","coordinate_system":"CAM_LEFT","val":[-10.0,499.0,-1.0,0,-1.0,0,-1000.0,-1000.0,-1000.0]}],"num":[{"name":"truncated","val":-1.0},{"name":"occluded","val":-1},{"name":"alpha","val":-10.0}]}},"-2":{}}},"17":{"frame_properties":{"transforms":{"vehicle-iso8855_to_odom":{"src":"vehicle-iso8855","dst":"odom","transform_src_to_dst_4x4":[0.9995355471447976,0.03045686645366531,-0.0010340598499474015,26.98373463709628,-0.030456893150847472,0.999536081168686,-1.0076871710243327e-05,-0.33743508688690743,0.0010332732201743533,4.1566441839849384e-05,0.9999994653091989,0.4602933093641661,0.0,0.0,0.0,1.0]}}},"objects":{"-1":{"object_data":{"bbox":[{"name":"box2D0","coordinate_system":"CAM_LEFT","val":[587.095,179.755,21.27,18.37]},{"name":"box2D1","coordinate_system":"CAM_LEFT","val":[649.0,177.825,81.24,20.31]}],"cuboid":[{"name":"box3D","coordinate_system":"CAM_LEFT","val":[-10.0,499.0,-1.0,0,-1.0,0,-1000.0,-1000.0,-1000.0]}],"num":[{"name":"truncated","val":-1.0},{"name":"occluded","val":-1},{"name":"alpha","val":-10.0}]}},"-2":{}}},"18":{"frame_properties":{"transforms":{"vehicle-iso8855_to_odom":{"src":"vehicle-iso8855","dst":"odom","transform_src_to_dst_4x4":[0.9995069020808852,0.03137378521466879,-0.00127995858339348,28.483535688822702,-0.03137444844755283,0.9995075750418199,-0.0005014166254257114,-0.38147871793040783,0.0012635969623324157,0.0005413273725207906,0.9999990551432499,0.49565430909192193,0.0,0.0,0.0,1.0]}}},"objects":{"-1":{"object_data":{"bbox":[{"name":"box2D0","coordinate_system":"CAM_LEFT","val":[587.095,179.755,21.27,18.37]},{"name":"box2D1","coordinate_system":"CAM_LEFT","val":[649.0,177.825,81.24,20.31]}],"cuboid":[{"name":"box3D","coordinate_system":"CAM_LEFT","val":[-10.0,499.0,-1.0,0,-1.0,0,-1000.0,-1000.0,-1000.0]}],"num":[{"name":"truncated","val":-1.0},{"name":"occluded","val":-1},{"name":"alpha","val":-10.0}]}},"-2":{}}},"19":{"frame_properties":{"transforms":{"vehicle-iso8855_to_odom":{"src":"vehicle-iso8855","dst":"odom","transform_src_to_dst_4x4":[0.9994850380768744,0.03208728849662735,0.0002541208432606215,30.134068702765976,-0.03208724200482451,0.9994850547601399,-0.00018496389869918553,-0.41684310662929114,-0.000259924974921059,0.00017671461233805194,0.9999999506054755,0.538280321996394,0.0,0.0,0.0,1.0]}}},"objects":{"-1":{"object_data":{"bbox":[{"name":"box2D0","coordinate_system":"CAM_LEFT","val":[649.0,177.825,81.24,20.31]},{"name":"box2D1","coordinate_system":"CAM_LEFT","val":[583.7149999999999,179.755,26.11,18.37]}],"cuboid":[{"name":"box3D","coordinate_system":"CAM_LEFT","val":[-10.0,499.0,-1.0,0,-1.0,0,-1000.0,-1000.0,-1000.0]}],"num":[{"name":"truncated","val":-1.0},{"name":"occluded","val":-1},{"name":"alpha","val":-10.0}]}},"-2":{}}},"20":{"frame_properties":{"transforms":{"vehicle-iso8855_to_odom":{"src":"vehicle-iso8855","dst":"odom","transform_src_to_dst_4x4":[0.9994533447974424,0.032939806836728626,0.0028250130554162535,31.631299110494318,-0.03293825651228806,0.9994572121519556,-0.0005935784455422859,-0.44558616590770894,-0.002843032031997813,0.0005002029581270564,0.9999958334742528,0.5628276287317503,0.0,0.0,0.0,1.0]}}},"objects":{"-1":{"object_data":{"bbox":[{"name":"box2D0","coordinate_system":"CAM_LEFT","val":[649.0,177.825,81.24,20.31]},{"name":"box2D1","coordinate_system":"CAM_LEFT","val":[580.8149999999999,180.725,26.11,18.37]}],"cuboid":[{"name":"box3D","coordinate_system":"CAM_LEFT","val":[-10.0,499.0,-1.0,0,-1.0,0,-1000.0,-1000.0,-1000.0]}],"num":[{"name":"truncated","val":-1.0},{"name":"occluded","val":-1},{"name":"alpha","val":-10.0}]}},"-2":{}}},"21":{"frame_properties":{"transforms":{"vehicle-iso8855_to_odom":{"src":"vehicle-iso8855","dst":"odom","transform_src_to_dst_4x4":[0.9994123231678657,0.03397532527742768,0.004548139455055687,33.12188461851775,-0.033972293045708125,0.9994224993772021,-0.0007423232736064479,-0.48034019359807517,-0.004570733576369611,0.0005873763010366921,0.9999893816354527,0.5866614326668633,0.0,0.0,0.0,1.0]}}},"objects":{"-1":{"object_data":{"bbox":[{"name":"box2D0","coordinate_system":"CAM_LEFT","val":[649.0,177.825,81.24,20.31]},{"name":"box2D1","coordinate_system":"CAM_LEFT","val":[580.8149999999999,180.725,26.11,18.37]}],"cuboid":[{"name":"box3D","coordinate_system":"CAM_LEFT","val":[-10.0,499.0,-1.0,0,-1.0,0,-1000.0,-1000.0,-1000.0]}],"num":[{"name":"truncated","val":-1.0},{"name":"occluded","val":-1},{"name":"alpha","val":-10.0}]}},"-2":{}}},"22":{"frame_properties":{"transforms":{"vehicle-iso8855_to_odom":{"src":"vehicle-iso8855","dst":"odom","transform_src_to_dst_4x4":[0.9993872408404281,0.034785683177905924,0.0038857549076672976,34.75882630708846,-0.03478057263317015,0.9993940267735008,-0.0013751424491133014,-0.5121693663122362,-0.003931235513787862,0.0012391510371810735,0.9999915049099379,0.6087866663265847,0.0,0.0,0.0,1.0]}}},"objects":{"-1":{"object_data":{"bbox":[{"name":"box2D0","coordinate_system":"CAM_LEFT","val":[649.0,177.825,81.24,20.31]},{"name":"box2D1","coordinate_system":"CAM_LEFT","val":[571.62,180.245,29.0,21.27]}],"cuboid":[{"name":"box3D","coordinate_system":"CAM_LEFT","val":[-10.0,499.0,-1.0,0,-1.0,0,-1000.0,-1000.0,-1000.0]}],"num":[{"name":"truncated","val":-1.0},{"name":"occluded","val":-1},{"name":"alpha","val":-10.0}]}},"-2":{}}},"23":{"frame_properties":{"transforms":{"vehicle-iso8855_to_odom":{"src":"vehicle-iso8855","dst":"odom","transform_src_to_dst_4x4":[0.9993630576952449,0.035583607677552705,0.0026992181572953813,36.236451715245146,-0.03557771516589907,0.9993644899779685,-0.002200535082316724,-0.5496123593432994,-0.002775805754154618,0.002103101453658828,0.9999939359149587,0.622302290326672,0.0,0.0,0.0,1.0]}}},"objects":{"-1":{"object_data":{"bbox":[{"name":"box2D0","coordinate_system":"CAM_LEFT","val":[649.0,177.825,81.24,20.31]},{"name":"box2D1","coordinate_system":"CAM_LEFT","val":[571.62,180.245,29.0,21.27]}],"cuboid":[{"name":"box3D","coordinate_system":"CAM_LEFT","val":[-10.0,499.0,-1.0,0,-1.0,0,-1000.0,-1000.0,-1000.0]}],"num":[{"name":"truncated","val":-1.0},{"name":"occluded","val":-1},{"name":"alpha","val":-10.0}]}},"-2":{}}},"24":{"frame_properties":{"transforms":{"vehicle-iso8855_to_odom":{"src":"vehicle-iso8855","dst":"odom","transform_src_to_dst_4x4":[0.9993394548147896,0.03631326461069907,0.0014145189258285018,37.713140570576314,-0.03631115637806705,0.9993394237534349,-0.001488641877576739,-0.5884326546618089,-0.001467641974636802,0.0014362957444365092,0.9999978915385618,0.641218877261063,0.0,0.0,0.0,1.0]}}},"objects":{"-1":{"object_data":{"bbox":[{"name":"box2D0","coordinate_system":"CAM_LEFT","val":[649.0,177.825,81.24,20.31]},{"name":"box2D1","coordinate_system":"CAM_LEFT","val":[564.365,185.07999999999998,33.85,21.28]}],"cuboid":[{"name":"box3D","coordinate_system":"CAM_LEFT","val":[-10.0,499.0,-1.0,0,-1.0,0,-1000.0,-1000.0,-1000.0]}],"num":[{"name":"truncated","val":-1.0},{"name":"occluded","val":-1},{"name":"alpha","val":-10.0}]}},"-2":{}}},"25":{"frame_properties":{"transforms":{"vehicle-iso8855_to_odom":{"src":"vehicle-iso8855","dst":"odom","transform_src_to_dst_4x4":[0.9993008265212183,0.037387537942591885,-0.00017355287658788615,39.33097830916978,-0.03738770960485786,0.9993002049255777,-0.0011223217901855675,-0.6376821607153429,0.00013147057662533815,0.0011280258371061576,0.9999993551363913,0.666924275070974,0.0,0.0,0.0,1.0]}}},"objects":{"-1":{"object_data":{"bbox":[{"name":"box2D0","coordinate_system":"CAM_LEFT","val":[656.255,177.34,97.69,23.2]}],"cuboid":[{"name":"box3D","coordinate_system":"CAM_LEFT","val":[-10.0,499.0,-1.0,0,-1.0,0,-1000.0,-1000.0,-1000.0]}],"num":[{"name":"truncated","val":-1.0},{"name":"occluded","val":-1},{"name":"alpha","val":-10.0}]}},"0":{"object_data":{"bbox":[{"name":"box2D","coordinate_system":"CAM_LEFT","val":[560.56,183.335,29.02,19.25]}],"cuboid":[{"name":"box3D","coordinate_system":"CAM_LEFT","val":[-3.09,0.13,55.54,0,1.63,0,3.61,1.42,1.77]}],"num":[{"name":"truncated","val":0.0},{"name":"occluded","val":0},{"name":"alpha","val":1.69}]}},"-2":{}}},"26":{"frame_properties":{"transforms":{"vehicle-iso8855_to_odom":{"src":"vehicle-iso8855","dst":"odom","transform_src_to_dst_4x4":[0.9992254157105102,0.03933312421630254,-0.0012140582946949115,40.7942520641502,-0.03933245731333179,0.9992260178377441,0.0005683993479806583,-0.6775268128773849,0.001235475557389468,-0.000520207178723541,0.9999991014919156,0.6827083376600136,0.0,0.0,0.0,1.0]}}},"objects":{"-1":{"object_data":{"bbox":[{"name":"box2D0","coordinate_system":"CAM_LEFT","val":[656.255,177.34,97.69,23.2]}],"cuboid":[{"name":"box3D","coordinate_system":"CAM_LEFT","val":[-10.0,499.0,-1.0,0,-1.0,0,-1000.0,-1000.0,-1000.0]}],"num":[{"name":"truncated","val":-1.0},{"name":"occluded","val":-1},{"name":"alpha","val":-10.0}]}},"0":{"object_data":{"bbox":[{"name":"box2D","coordinate_system":"CAM_LEFT","val":[554.895,185.06,32.97,20.46]}],"cuboid":[{"name":"box3D","coordinate_system":"CAM_LEFT","val":[-3.32,0.24,52.33,0,1.67,0,3.61,1.42,1.77]}],"num":[{"name":"truncated","val":0.0},{"name":"occluded","val":0},{"name":"alpha","val":1.74}]}},"-2":{}}},"27":{"frame_properties":{"transforms":{"vehicle-iso8855_to_odom":{"src":"vehicle-iso8855","dst":"odom","transform_src_to_dst_4x4":[0.9991101542340118,0.04215612160890545,-0.0013270709793330039,42.399224688965944,-0.04215388478600337,0.999109733162164,0.0016706579774378642,-0.7330554918243,0.0013963179929124083,-0.0016132301523445758,0.9999977238896789,0.7104558253291958,0.0,0.0,0.0,1.0]}}},"objects":{"-1":{"object_data":{"bbox":[{"name":"box2D0","coordinate_system":"CAM_LEFT","val":[656.255,177.34,97.69,23.2]}],"cuboid":[{"name":"box3D","coordinate_system":"CAM_LEFT","val":[-10.0,499.0,-1.0,0,-1.0,0,-1000.0,-1000.0,-1000.0]}],"num":[{"name":"truncated","val":-1.0},{"name":"occluded","val":-1},{"name":"alpha","val":-10.0}]}},"0":{"object_data":{"bbox":[{"name":"box2D","coordinate_system":"CAM_LEFT","val":[548.6899999999999,185.745,35.3,21.95]}],"cuboid":[{"name":"box3D","coordinate_system":"CAM_LEFT","val":[-3.52,0.27,48.89,0,1.66,0,3.61,1.42,1.77]}],"num":[{"name":"truncated","val":0.0},{"name":"occluded","val":0},{"name":"alpha","val":1.74}]}},"-2":{}}},"28":{"frame_properties":{"transforms":{"vehicle-iso8855_to_odom":{"src":"vehicle-iso8855","dst":"odom","transform_src_to_dst_4x4":[0.9990150647041275,0.04435983903517573,-0.0010512730288142022,43.8458489476154,-0.04435754763062833,0.9990134891809493,0.0021110193512622008,-0.7971090237996089,0.0011438804152196298,-0.0020623082403444432,0.9999972192072927,0.7455118380930664,0.0,0.0,0.0,1.0]}}},"objects":{"-1":{"object_data":{"bbox":[{"name":"box2D0","coordinate_system":"CAM_LEFT","val":[650.9300000000001,178.305,98.64,27.07]}],"cuboid":[{"name":"box3D","coordinate_system":"CAM_LEFT","val":[-10.0,499.0,-1.0,0,-1.0,0,-1000.0,-1000.0,-1000.0]}],"num":[{"name":"truncated","val":-1.0},{"name":"occluded","val":-1},{"name":"alpha","val":-10.0}]}},"0":{"object_data":{"bbox":[{"name":"box2D","coordinate_system":"CAM_LEFT","val":[541.54,186.53,38.04,23.68]}],"cuboid":[{"name":"box3D","coordinate_system":"CAM_LEFT","val":[-3.73,0.3,45.46,0,1.66,0,3.61,1.42,1.77]}],"num":[{"name":"truncated","val":0.0},{"name":"occluded","val":0},{"name":"alpha","val":1.74}]}},"-2":{}}},"29":{"frame_properties":{"transforms":{"vehicle-iso8855_to_odom":{"src":"vehicle-iso8855","dst":"odom","transform_src_to_dst_4x4":[0.9989443256002465,0.045937107116119306,-0.00012861131442970636,45.28946590506747,-0.04593670235642052,0.998941820592799,0.0022490992333545636,-0.865710187451527,0.0002317923329826311,-0.0022408169372007867,0.9999974625026647,0.7853922243893907,0.0,0.0,0.0,1.0]}}},"objects":{"-1":{"object_data":{"bbox":[{"name":"box2D0","coordinate_system":"CAM_LEFT","val":[650.9300000000001,178.305,98.64,27.07]}],"cuboid":[{"name":"box3D","coordinate_system":"CAM_LEFT","val":[-10.0,499.0,-1.0,0,-1.0,0,-1000.0,-1000.0,-1000.0]}],"num":[{"name":"truncated","val":-1.0},{"name":"occluded","val":-1},{"name":"alpha","val":-10.0}]}},"0":{"object_data":{"bbox":[{"name":"box2D","coordinate_system":"CAM_LEFT","val":[533.2049999999999,187.46,41.35,25.7]}],"cuboid":[{"name":"box3D","coordinate_system":"CAM_LEFT","val":[-3.93,0.32,42.03,0,1.65,0,3.61,1.42,1.77]}],"num":[{"name":"truncated","val":0.0},{"name":"occluded","val":0},{"name":"alpha","val":1.74}]}},"-2":{}}},"30":{"frame_properties":{"transforms":{"vehicle-iso8855_to_odom":{"src":"vehicle-iso8855","dst":"odom","transform_src_to_dst_4x4":[0.9988489250138004,0.04795748575995217,0.0009510827301314366,46.87236568886889,-0.04795980358220854,0.998845919544841,0.002585778214912494,-0.943788144888517,-0.0008259776822212829,-0.002628415531216983,0.9999962045891295,0.8288735440962477,0.0,0.0,0.0,1.0]}}},"objects":{"-1":{"object_data":{"bbox":[{"name":"box2D0","coordinate_system":"CAM_LEFT","val":[650.9300000000001,178.305,98.64,27.07]}],"cuboid":[{"name":"box3D","coordinate_system":"CAM_LEFT","val":[-10.0,499.0,-1.0,0,-1.0,0,-1000.0,-1000.0,-1000.0]}],"num":[{"name":"truncated","val":-1.0},{"name":"occluded","val":-1},{"name":"alpha","val":-10.0}]}},"0":{"object_data":{"bbox":[{"name":"box2D","coordinate_system":"CAM_LEFT","val":[523.38,188.55499999999998,45.38,28.09]}],"cuboid":[{"name":"box3D","coordinate_system":"CAM_LEFT","val":[-4.13,0.35,38.59,0,1.64,0,3.61,1.42,1.77]}],"num":[{"name":"truncated","val":0.0},{"name":"occluded","val":0},{"name":"alpha","val":1.75}]}},"-2":{}}},"31":{"frame_properties":{"transforms":{"vehicle-iso8855_to_odom":{"src":"vehicle-iso8855","dst":"odom","transform_src_to_dst_4x4":[0.9987309937525777,0.05031848352535106,0.0021100553778600766,48.308877108570755,-0.050323838326033855,0.9987296554324439,0.002566448115002273,-1.0152249916566078,-0.001978235103280164,-0.0026693773620050437,0.9999944804899554,0.8617768727716434,0.0,0.0,0.0,1.0]}}},"objects":{"-1":{"object_data":{"bbox":[{"name":"box2D0","coordinate_system":"CAM_LEFT","val":[650.9300000000001,178.305,98.64,27.07]}],"cuboid":[{"name":"box3D","coordinate_system":"CAM_LEFT","val":[-10.0,499.0,-1.0,0,-1.0,0,-1000.0,-1000.0,-1000.0]}],"num":[{"name":"truncated","val":-1.0},{"name":"occluded","val":-1},{"name":"alpha","val":-10.0}]}},"0":{"object_data":{"bbox":[{"name":"box2D","coordinate_system":"CAM_LEFT","val":[511.61,189.88,50.4,30.98]}],"cuboid":[{"name":"box3D","coordinate_system":"CAM_LEFT","val":[-4.33,0.38,35.15,0,1.63,0,3.61,1.42,1.77]}],"num":[{"name":"truncated","val":0.0},{"name":"occluded","val":0},{"name":"alpha","val":1.76}]}},"-2":{}}},"32":{"frame_properties":{"transforms":{"vehicle-iso8855_to_odom":{"src":"vehicle-iso8855","dst":"odom","transform_src_to_dst_4x4":[0.9985889302556088,0.053020416520948584,0.002997299268319168,49.74254424802584,-0.05302930358998911,0.9985885469920905,0.002967621435780649,-1.0885340562120889,-0.0028357241966497247,-0.0031223786078095526,0.9999911046704917,0.8916330811199699,0.0,0.0,0.0,1.0]}}},"objects":{"-1":{"object_data":{"bbox":[{"name":"box2D0","coordinate_system":"CAM_LEFT","val":[645.615,175.405,97.69,25.13]}],"cuboid":[{"name":"box3D","coordinate_system":"CAM_LEFT","val":[-10.0,499.0,-1.0,0,-1.0,0,-1000.0,-1000.0,-1000.0]}],"num":[{"name":"truncated","val":-1.0},{"name":"occluded","val":-1},{"name":"alpha","val":-10.0}]}},"0":{"object_data":{"bbox":[{"name":"box2D","coordinate_system":"CAM_LEFT","val":[498.93,192.535,56.92,34.51]}],"cuboid":[{"name":"box3D","coordinate_system":"CAM_LEFT","val":[-4.46,0.44,31.75,0,1.63,0,3.61,1.42,1.77]}],"num":[{"name":"truncated","val":0.0},{"name":"occluded","val":0},{"name":"alpha","val":1.77}]}},"-2":{}}},"33":{"frame_properties":{"transforms":{"vehicle-iso8855_to_odom":{"src":"vehicle-iso8855","dst":"odom","transform_src_to_dst_4x4":[0.9984359889965163,0.05585427400567193,0.002424036271875559,51.30729165293474,-0.05586132748750652,0.9984341885121258,0.002946744214618239,-1.1784602366439882,-0.002255652429246116,-0.003077545358266949,0.9999927203468467,0.9221106028923303,0.0,0.0,0.0,1.0]}}},"objects":{"-1":{"object_data":{"bbox":[{"name":"box2D0","coordinate_system":"CAM_LEFT","val":[645.615,175.405,97.69,25.13]}],"cuboid":[{"name":"box3D","coordinate_system":"CAM_LEFT","val":[-10.0,499.0,-1.0,0,-1.0,0,-1000.0,-1000.0,-1000.0]}],"num":[{"name":"truncated","val":-1.0},{"name":"occluded","val":-1},{"name":"alpha","val":-10.0}]}},"0":{"object_data":{"bbox":[{"name":"box2D","coordinate_system":"CAM_LEFT","val":[483.14,195.87,65.42,38.94]}],"cuboid":[{"name":"box3D","coordinate_system":"CAM_LEFT","val":[-4.59,0.52,28.34,0,1.62,0,3.61,1.42,1.77]}],"num":[{"name":"truncated","val":0.0},{"name":"occluded","val":0},{"name":"alpha","val":1.79}]}},"-2":{}}},"34":{"frame_properties":{"transforms":{"vehicle-iso8855_to_odom":{"src":"vehicle-iso8855","dst":"odom","transform_src_to_dst_4x4":[0.998313518344842,0.05802859982898188,0.0016735267643587421,52.7308330516646,-0.058033707408704074,0.9983095446690473,0.0031846235382179894,-1.2565562086306672,-0.0014858984972132355,-0.003276373691625637,0.9999935287196057,0.9463185983432254,0.0,0.0,0.0,1.0]}}},"objects":{"-1":{"object_data":{"bbox":[{"name":"box2D0","coordinate_system":"CAM_LEFT","val":[645.615,175.405,97.69,25.13]}],"cuboid":[{"name":"box3D","coordinate_system":"CAM_LEFT","val":[-10.0,499.0,-1.0,0,-1.0,0,-1000.0,-1000.0,-1000.0]}],"num":[{"name":"truncated","val":-1.0},{"name":"occluded","val":-1},{"name":"alpha","val":-10.0}]}},"0":{"object_data":{"bbox":[{"name":"box2D","coordinate_system":"CAM_LEFT","val":[462.925,200.19,76.87,44.66]}],"cuboid":[{"name":"box3D","coordinate_system":"CAM_LEFT","val":[-4.72,0.59,24.93,0,1.62,0,3.61,1.42,1.77]}],"num":[{"name":"truncated","val":0.0},{"name":"occluded","val":0},{"name":"alpha","val":1.81}]}},"-2":{}}},"35":{"frame_properties":{"transforms":{"vehicle-iso8855_to_odom":{"src":"vehicle-iso8855","dst":"odom","transform_src_to_dst_4x4":[0.9981889036235954,0.060149261792900414,0.0009894384735595464,54.28919084886312,-0.06015123281081685,0.9981870658771876,0.0021001682860936795,-1.3562024200825167,-0.000861321114739013,-0.00215588062289596,0.9999973051487074,0.9685745246647464,0.0,0.0,0.0,1.0]}}},"objects":{"-1":{"object_data":{"bbox":[{"name":"box2D0","coordinate_system":"CAM_LEFT","val":[647.06,177.34,106.38,25.14]}],"cuboid":[{"name":"box3D","coordinate_system":"CAM_LEFT","val":[-10.0,499.0,-1.0,0,-1.0,0,-1000.0,-1000.0,-1000.0]}],"num":[{"name":"truncated","val":-1.0},{"name":"occluded","val":-1},{"name":"alpha","val":-10.0}]}},"0":{"object_data":{"bbox":[{"name":"box2D","coordinate_system":"CAM_LEFT","val":[436.09999999999997,205.94,93.04,52.5]}],"cuboid":[{"name":"box3D","coordinate_system":"CAM_LEFT","val":[-4.84,0.67,21.52,0,1.61,0,3.61,1.42,1.77]}],"num":[{"name":"truncated","val":0.0},{"name":"occluded","val":0},{"name":"alpha","val":1.84}]}},"-2":{}}},"36":{"frame_properties":{"transforms":{"vehicle-iso8855_to_odom":{"src":"vehicle-iso8855","dst":"odom","transform_src_to_dst_4x4":[0.9980876613636225,0.06181245175306358,0.0004909602528970786,55.706941452067504,-0.061813109186282855,0.9980866719761992,0.0014610804902670377,-1.4459995582146812,-0.00039970791757466763,-0.001488634189313082,0.9999988121002099,0.985444080870359,0.0,0.0,0.0,1.0]}}},"objects":{"-1":{"object_data":{"bbox":[{"name":"box2D0","coordinate_system":"CAM_LEFT","val":[647.06,177.34,106.38,25.14]}],"cuboid":[{"name":"box3D","coordinate_system":"CAM_LEFT","val":[-10.0,499.0,-1.0,0,-1.0,0,-1000.0,-1000.0,-1000.0]}],"num":[{"name":"truncated","val":-1.0},{"name":"occluded","val":-1},{"name":"alpha","val":-10.0}]}},"0":{"object_data":{"bbox":[{"name":"box2D","coordinate_system":"CAM_LEFT","val":[398.77,213.92499999999998,117.38,63.95]}],"cuboid":[{"name":"box3D","coordinate_system":"CAM_LEFT","val":[-4.99,0.74,18.1,0,1.61,0,3.61,1.42,1.77]}],"num":[{"name":"truncated","val":0.0},{"name":"occluded","val":0},{"name":"alpha","val":1.88}]}},"-2":{}}},"37":{"frame_properties":{"transforms":{"vehicle-iso8855_to_odom":{"src":"vehicle-iso8855","dst":"odom","transform_src_to_dst_4x4":[0.997995560165969,0.0632832416042931,-0.0003053212510092762,57.12388052864238,-0.06328251024796432,0.9979936570240355,0.001996105334863352,-1.5373959857474577,0.0004310286880356767,-0.001972782766621312,0.9999979611691344,1.002708003778214,0.0,0.0,0.0,1.0]}}},"objects":{"-1":{"object_data":{"bbox":[{"name":"box2D0","coordinate_system":"CAM_LEFT","val":[647.06,177.34,106.38,25.14]}],"cuboid":[{"name":"box3D","coordinate_system":"CAM_LEFT","val":[-10.0,499.0,-1.0,0,-1.0,0,-1000.0,-1000.0,-1000.0]}],"num":[{"name":"truncated","val":-1.0},{"name":"occluded","val":-1},{"name":"alpha","val":-10.0}]}},"0":{"object_data":{"bbox":[{"name":"box2D","coordinate_system":"CAM_LEFT","val":[347.83,224.18,155.12,80.82]}],"cuboid":[{"name":"box3D","coordinate_system":"CAM_LEFT","val":[-5.05,0.78,14.78,0,1.6,0,3.61,1.42,1.77]}],"num":[{"name":"truncated","val":0.0},{"name":"occluded","val":0},{"name":"alpha","val":1.93}]}},"-2":{}}},"38":{"frame_properties":{"transforms":{"vehicle-iso8855_to_odom":{"src":"vehicle-iso8855","dst":"odom","transform_src_to_dst_4x4":[0.9978743811494974,0.06515346973439129,-0.0013209190273987688,58.68165865995001,-0.06514994660271267,0.9978722152917323,0.002554683235601267,-1.6381600362535222,0.0014845548729631182,-0.0024631951486570685,0.9999958643746927,1.021677922484125,0.0,0.0,0.0,1.0]}}},"objects":{"-1":{"object_data":{"bbox":[{"name":"box2D0","coordinate_system":"CAM_LEFT","val":[647.06,177.34,106.38,25.14]}],"cuboid":[{"name":"box3D","coordinate_system":"CAM_LEFT","val":[-10.0,499.0,-1.0,0,-1.0,0,-1000.0,-1000.0,-1000.0]}],"num":[{"name":"truncated","val":-1.0},{"name":"occluded","val":-1},{"name":"alpha","val":-10.0}]}},"0":{"object_data":{"bbox":[{"name":"box2D","coordinate_system":"CAM_LEFT","val":[264.78499999999997,241.33999999999997,224.87,109.66]}],"cuboid":[{"name":"box3D","coordinate_system":"CAM_LEFT","val":[-5.12,0.82,11.45,0,1.6,0,3.61,1.42,1.77]}],"num":[{"name":"truncated","val":0.0},{"name":"occluded","val":0},{"name":"alpha","val":2.02}]}},"-2":{}}},"39":{"frame_properties":{"transforms":{"vehicle-iso8855_to_odom":{"src":"vehicle-iso8855","dst":"odom","transform_src_to_dst_4x4":[0.9977537517876881,0.06694695863547616,-0.0023570157088621795,60.09129891482052,-0.06693818877215826,0.997750551798957,0.0036215009015047703,-1.7278018173959628,0.002594162195167427,-0.0034555917491201162,0.9999906645605091,1.024689045758956,0.0,0.0,0.0,1.0]}}},"objects":{"-1":{"object_data":{"bbox":[{"name":"box2D0","coordinate_system":"CAM_LEFT","val":[638.36,180.72500000000002,98.66,28.03]}],"cuboid":[{"name":"box3D","coordinate_system":"CAM_LEFT","val":[-10.0,499.0,-1.0,0,-1.0,0,-1000.0,-1000.0,-1000.0]}],"num":[{"name":"truncated","val":-1.0},{"name":"occluded","val":-1},{"name":"alpha","val":-10.0}]}},"0":{"object_data":{"bbox":[{"name":"box2D","coordinate_system":"CAM_LEFT","val":[152.43,273.43,304.86,165.42]}],"cuboid":[{"name":"box3D","coordinate_system":"CAM_LEFT","val":[-5.14,0.85,8.27,0,1.59,0,3.61,1.42,1.77]}],"num":[{"name":"truncated","val":0.0},{"name":"occluded","val":0},{"name":"alpha","val":2.14}]}},"-2":{}}},"40":{"frame_properties":{"transforms":{"vehicle-iso8855_to_odom":{"src":"vehicle-iso8855","dst":"odom","transform_src_to_dst_4x4":[0.9976279785680521,0.06882485263401711,-0.0012474125730989117,61.645244887979274,-0.06881906882865149,0.9976203065515998,0.004202347135777471,-1.8232541801540838,0.0015336700359081322,-0.0041065333065811085,0.9999903920740555,1.0372760592507713,0.0,0.0,0.0,1.0]}}},"objects":{"-1":{"object_data":{"bbox":[{"name":"box2D0","coordinate_system":"CAM_LEFT","val":[638.36,180.72500000000002,98.66,28.03]}],"cuboid":[{"name":"box3D","coordinate_system":"CAM_LEFT","val":[-10.0,499.0,-1.0,0,-1.0,0,-1000.0,-1000.0,-1000.0]}],"num":[{"name":"truncated","val":-1.0},{"name":"occluded","val":-1},{"name":"alpha","val":-10.0}]}},"0":{"object_data":{"bbox":[{"name":"box2D","coordinate_system":"CAM_LEFT","val":[82.945,285.905,165.89,174.19]}],"cuboid":[{"name":"box3D","coordinate_system":"CAM_LEFT","val":[-5.15,0.89,5.09,0,1.59,0,3.61,1.42,1.77]}],"num":[{"name":"truncated","val":2.0},{"name":"occluded","val":0},{"name":"alpha","val":2.36}]}},"-2":{}}},"41":{"frame_properties":{"transforms":{"vehicle-iso8855_to_odom":{"src":"vehicle-iso8855","dst":"odom","transform_src_to_dst_4x4":[0.9975306478671254,0.07022847047082051,0.0007539901337403428,63.05551193195486,-0.07023064587036931,0.997524957928561,0.003408033194306369,-1.9135931535627875,-0.0005127830178879637,-0.0034525707743415708,0.9999939083857584,1.0434205886426693,0.0,0.0,0.0,1.0]}}},"objects":{"-1":{"object_data":{"bbox":[{"name":"box2D0","coordinate_system":"CAM_LEFT","val":[638.36,180.72500000000002,98.66,28.03]}],"cuboid":[{"name":"box3D","coordinate_system":"CAM_LEFT","val":[-10.0,499.0,-1.0,0,-1.0,0,-1000.0,-1000.0,-1000.0]}],"num":[{"name":"truncated","val":-1.0},{"name":"occluded","val":-1},{"name":"alpha","val":-10.0}]}},"-2":{}}},"42":{"frame_properties":{"transforms":{"vehicle-iso8855_to_odom":{"src":"vehicle-iso8855","dst":"odom","transform_src_to_dst_4x4":[0.9974292009085559,0.07163927075457054,0.00167453297140631,64.4659776058647,-0.0716427260334992,0.997428140321439,0.0021034974220886233,-2.0071362821829832,-0.0015195332862241793,-0.002218057859731574,0.9999963856124298,1.0482296054050715,0.0,0.0,0.0,1.0]}}},"objects":{"-1":{"object_data":{"bbox":[{"name":"box2D0","coordinate_system":"CAM_LEFT","val":[638.36,180.72500000000002,98.66,28.03]}],"cuboid":[{"name":"box3D","coordinate_system":"CAM_LEFT","val":[-10.0,499.0,-1.0,0,-1.0,0,-1000.0,-1000.0,-1000.0]}],"num":[{"name":"truncated","val":-1.0},{"name":"occluded","val":-1},{"name":"alpha","val":-10.0}]}},"-2":{}}},"43":{"frame_properties":{"transforms":{"vehicle-iso8855_to_odom":{"src":"vehicle-iso8855","dst":"odom","transform_src_to_dst_4x4":[0.9973022781543669,0.07340151626779223,0.0006191911649551818,66.01660534810239,-0.07340262861064467,0.9973003400464971,0.0020213500905522748,-2.1085319811226078,-0.0004691493978090085,-0.002061347309375515,