{"vcd":{"metadata":{"schema_version":"4.3.0"},"coordinate_systems":{"odom":{"type":"scene_cs","parent":"","pose_wrt_parent":[],"children":["vehicle-iso8855"]},"vehicle-iso8855":{"type":"local_cs","parent":"odom","pose_wrt_parent":[],"children":["VELO_TOP","IMU"]},"VELO_TOP":{"type":"sensor_cs","parent":"vehicle-iso8855","pose_wrt_parent":[1.0,0.0,0.0,0.76,0.0,1.0,0.0,0.0,0.0,0.0,1.0,1.73,0.0,0.0,0.0,1.0],"children":["CAM_LEFT","CAM_RIGHT"]},"IMU":{"type":"sensor_cs","parent":"vehicle-iso8855","pose_wrt_parent":[1.0,0.0,0.0,-0.05,0.0,1.0,0.0,0.32,0.0,0.0,1.0,0.93,0.0,0.0,0.0,1.0],"children":[]},"CAM_LEFT":{"type":"sensor_cs","parent":"VELO_TOP","pose_wrt_parent":[0.00023477336244722335,0.010449405831956193,0.9999453632367953,0.2729034268115415,-0.9999442001630205,0.010565354842876283,0.00012436569234822647,-0.001969265862949749,-0.010563477335159157,-0.9998895968819285,0.010451304556842098,-0.07228590051542844,0.0,0.0,0.0,1.0],"children":[]},"CAM_RIGHT":{"type":"sensor_cs","parent":"VELO_TOP","pose_wrt_parent":[0.00023477336244722335,0.010449405831956193,0.9999453632367953,0.2729034268115415,-0.9999442001630205,0.010565354842876283,0.00012436569234822647,-0.001969265862949749,-0.010563477335159157,-0.9998895968819285,0.010451304556842098,-0.07228590051542844,0.0,0.0,0.0,1.0],"children":[]}},"frames":{"0":{"frame_properties":{"transforms":{"vehicle-iso8855_to_odom":{"src":"vehicle-iso8855","dst":"odom","transform_src_to_dst_4x4":[1.0000000000000002,1.6425662913155398e-17,-1.1397593225572904e-34,-7.648795337022933e-27,-3.908548831810245e-17,1.0000000000000002,-6.93889390390723e-18,-4.656612873077394e-10,1.7347234759768075e-18,2.849398306393226e-35,1.0,-2.9103830456733704e-11,0.0,0.0,0.0,1.0]}}},"objects":{"-1":{"object_data":{"bbox":[{"name":"box2D0","coordinate_system":"CAM_LEFT","val":[737.645,177.055,39.59,14.57]}],"cuboid":[{"name":"box3D","coordinate_system":"CAM_LEFT","val":[-10.0,499.0,-1.0,0,-1.0,0,-1000.0,-1000.0,-1000.0]}],"num":[{"name":"truncated","val":-1.0},{"name":"occluded","val":-1},{"name":"alpha","val":-10.0}]}},"10":{"object_data":{"bbox":[{"name":"box2D","coordinate_system":"CAM_LEFT","val":[55.73,209.485,111.46,54.11]}],"cuboid":[{"name":"box3D","coordinate_system":"CAM_LEFT","val":[-16.68,1.03,21.38,0,1.59,0,3.27,1.46,1.4]}],"num":[{"name":"truncated","val":0.0},{"name":"occluded","val":0},{"name":"alpha","val":2.25}]}},"11":{"object_data":{"bbox":[{"name":"box2D","coordinate_system":"CAM_LEFT","val":[156.14,198.01500000000001,124.82,54.35]}],"cuboid":[{"name":"box3D","coordinate_system":"CAM_LEFT","val":[-16.16,0.85,25.91,0,1.62,0,4.28,1.77,1.59]}],"num":[{"name":"truncated","val":0.0},{"name":"occluded","val":1},{"name":"alpha","val":2.18}]}},"12":{"object_data":{"bbox":[{"name":"box2D","coordinate_system":"CAM_LEFT","val":[243.865,198.125,82.41,37.51]}],"cuboid":[{"name":"box3D","coordinate_system":"CAM_LEFT","val":[-15.63,1.04,30.94,0,1.65,0,3.61,1.5,1.47]}],"num":[{"name":"truncated","val":0.0},{"name":"occluded","val":1},{"name":"alpha","val":2.11}]}},"13":{"object_data":{"bbox":[{"name":"box2D","coordinate_system":"CAM_LEFT","val":[334.195,186.51,54.97,41.62]}],"cuboid":[{"name":"box3D","coordinate_system":"CAM_LEFT","val":[-14.3,0.7,37.46,0,1.67,0,2.71,2.06,1.61]}],"num":[{"name":"truncated","val":0.0},{"name":"occluded","val":0},{"name":"alpha","val":2.03}]}},"-2":{}}},"1":{"frame_properties":{"transforms":{"vehicle-iso8855_to_odom":{"src":"vehicle-iso8855","dst":"odom","transform_src_to_dst_4x4":[0.999990210178026,0.004306266311657124,-0.0010176534581696844,1.1938900426460208,-0.004305844729431272,0.9999906432382801,0.0004160974132178848,-0.0039742160710189494,0.0010194357625016763,-0.0004117114819190479,0.9999993956220081,0.008693101877810706,0.0,0.0,0.0,1.0]}}},"objects":{"-1":{"object_data":{"bbox":[{"name":"box2D0","coordinate_system":"CAM_LEFT","val":[730.9100000000001,176.81,30.92,19.24]}],"cuboid":[{"name":"box3D","coordinate_system":"CAM_LEFT","val":[-10.0,499.0,-1.0,0,-1.0,0,-1000.0,-1000.0,-1000.0]}],"num":[{"name":"truncated","val":-1.0},{"name":"occluded","val":-1},{"name":"alpha","val":-10.0}]}},"10":{"object_data":{"bbox":[{"name":"box2D","coordinate_system":"CAM_LEFT","val":[39.09,211.9,78.18,56.1]}],"cuboid":[{"name":"box3D","coordinate_system":"CAM_LEFT","val":[-16.8,1.05,20.12,0,1.58,0,3.27,1.46,1.4]}],"num":[{"name":"truncated","val":0.0},{"name":"occluded","val":0},{"name":"alpha","val":2.27}]}},"11":{"object_data":{"bbox":[{"name":"box2D","coordinate_system":"CAM_LEFT","val":[129.91,199.815,135.5,57.43]}],"cuboid":[{"name":"box3D","coordinate_system":"CAM_LEFT","val":[-16.23,0.86,24.64,0,1.62,0,4.28,1.77,1.59]}],"num":[{"name":"truncated","val":0.0},{"name":"occluded","val":1},{"name":"alpha","val":2.2}]}},"12":{"object_data":{"bbox":[{"name":"box2D","coordinate_system":"CAM_LEFT","val":[226.585,200.055,87.75,39.17]}],"cuboid":[{"name":"box3D","coordinate_system":"CAM_LEFT","val":[-15.75,1.07,29.76,0,1.65,0,3.61,1.5,1.47]}],"num":[{"name":"truncated","val":0.0},{"name":"occluded","val":1},{"name":"alpha","val":2.13}]}},"13":{"object_data":{"bbox":[{"name":"box2D","coordinate_system":"CAM_LEFT","val":[321.575,188.37,57.61,43.12]}],"cuboid":[{"name":"box3D","coordinate_system":"CAM_LEFT","val":[-14.45,0.76,36.2,0,1.66,0,2.71,2.06,1.61]}],"num":[{"name":"truncated","val":0.0},{"name":"occluded","val":0},{"name":"alpha","val":2.04}]}},"-2":{}}},"2":{"frame_properties":{"transforms":{"vehicle-iso8855_to_odom":{"src":"vehicle-iso8855","dst":"odom","transform_src_to_dst_4x4":[0.9999614867541645,0.008512200086919988,-0.0021371612202848917,2.386266298591789,-0.008514410055049918,0.9999632242601968,-0.001027106891503641,-0.013628606671802039,0.0021283396852288094,0.0010452640012666686,0.9999971887927245,0.019187491813178095,0.0,0.0,0.0,1.0]}}},"objects":{"-1":{"object_data":{"bbox":[{"name":"box2D0","coordinate_system":"CAM_LEFT","val":[731.075,175.86499999999998,40.49,21.27]},{"name":"box2D1","coordinate_system":"CAM_LEFT","val":[779.9100000000001,174.33,32.66,29.16]}],"cuboid":[{"name":"box3D","coordinate_system":"CAM_LEFT","val":[-10.0,499.0,-1.0,0,-1.0,0,-1000.0,-1000.0,-1000.0]}],"num":[{"name":"truncated","val":-1.0},{"name":"occluded","val":-1},{"name":"alpha","val":-10.0}]}},"10":{"object_data":{"bbox":[{"name":"box2D","coordinate_system":"CAM_LEFT","val":[20.4,213.26,40.8,55.62]}],"cuboid":[{"name":"box3D","coordinate_system":"CAM_LEFT","val":[-16.91,1.08,18.85,0,1.56,0,3.27,1.46,1.4]}],"num":[{"name":"truncated","val":2.0},{"name":"occluded","val":0},{"name":"alpha","val":2.29}]}},"11":{"object_data":{"bbox":[{"name":"box2D","coordinate_system":"CAM_LEFT","val":[100.74499999999999,201.82999999999998,147.89,60.88]}],"cuboid":[{"name":"box3D","coordinate_system":"CAM_LEFT","val":[-16.32,0.87,23.36,0,1.62,0,4.28,1.77,1.59]}],"num":[{"name":"truncated","val":0.0},{"name":"occluded","val":1},{"name":"alpha","val":2.22}]}},"12":{"object_data":{"bbox":[{"name":"box2D","coordinate_system":"CAM_LEFT","val":[207.87,202.135,93.7,41.03]}],"cuboid":[{"name":"box3D","coordinate_system":"CAM_LEFT","val":[-15.86,1.11,28.59,0,1.65,0,3.61,1.5,1.47]}],"num":[{"name":"truncated","val":0.0},{"name":"occluded","val":1},{"name":"alpha","val":2.15}]}},"13":{"object_data":{"bbox":[{"name":"box2D","coordinate_system":"CAM_LEFT","val":[308.04,190.375,60.5,44.73]}],"cuboid":[{"name":"box3D","coordinate_system":"CAM_LEFT","val":[-14.6,0.83,34.94,0,1.66,0,2.71,2.06,1.61]}],"num":[{"name":"truncated","val":0.0},{"name":"occluded","val":0},{"name":"alpha","val":2.05}]}},"-2":{}}},"3":{"frame_properties":{"transforms":{"vehicle-iso8855_to_odom":{"src":"vehicle-iso8855","dst":"odom","transform_src_to_dst_4x4":[0.9999127894889003,0.012738030321506914,-0.0034865455761970477,3.693886416291987,-0.012745340634375994,0.9999166060694712,-0.002082594205329954,-0.04257660864610175,0.0034597266713225975,0.0021268497922307806,0.9999917533666568,0.033965790646052645,0.0,0.0,0.0,1.0]}}},"objects":{"-1":{"object_data":{"bbox":[{"name":"box2D0","coordinate_system":"CAM_LEFT","val":[728.71,178.13,37.98,20.34]}],"cuboid":[{"name":"box3D","coordinate_system":"CAM_LEFT","val":[-10.0,499.0,-1.0,0,-1.0,0,-1000.0,-1000.0,-1000.0]}],"num":[{"name":"truncated","val":-1.0},{"name":"occluded","val":-1},{"name":"alpha","val":-10.0}]}},"11":{"object_data":{"bbox":[{"name":"box2D","coordinate_system":"CAM_LEFT","val":[74.65,204.06,149.3,64.68]}],"cuboid":[{"name":"box3D","coordinate_system":"CAM_LEFT","val":[-16.39,0.88,22.09,0,1.62,0,4.28,1.77,1.59]}],"num":[{"name":"truncated","val":0.0},{"name":"occluded","val":1},{"name":"alpha","val":2.25}]}},"12":{"object_data":{"bbox":[{"name":"box2D","coordinate_system":"CAM_LEFT","val":[187.53500000000003,204.385,100.35,43.07]}],"cuboid":[{"name":"box3D","coordinate_system":"CAM_LEFT","val":[-15.97,1.13,27.42,0,1.65,0,3.61,1.5,1.47]}],"num":[{"name":"truncated","val":0.0},{"name":"occluded","val":1},{"name":"alpha","val":2.17}]}},"13":{"object_data":{"bbox":[{"name":"box2D","coordinate_system":"CAM_LEFT","val":[293.96000000000004,190.68,63.72,46.5]}],"cuboid":[{"name":"box3D","coordinate_system":"CAM_LEFT","val":[-14.72,0.81,33.65,0,1.65,0,2.71,2.06,1.61]}],"num":[{"name":"truncated","val":0.0},{"name":"occluded","val":0},{"name":"alpha","val":2.06}]}},"-2":{}}},"4":{"frame_properties":{"transforms":{"vehicle-iso8855_to_odom":{"src":"vehicle-iso8855","dst":"odom","transform_src_to_dst_4x4":[0.9998509819457544,0.01691502507649963,-0.00344903301997154,4.884449827469889,-0.01692569209934528,0.9998519835474624,-0.0030873845182018654,-0.08087291559561942,0.0033962993197930638,0.0031453017131047646,0.9999892860566378,0.05115068257278022,0.0,0.0,0.0,1.0]}}},"objects":{"-1":{"object_data":{"bbox":[{"name":"box2D0","coordinate_system":"CAM_LEFT","val":[729.83,176.015,44.78,27.09]}],"cuboid":[{"name":"box3D","coordinate_system":"CAM_LEFT","val":[-10.0,499.0,-1.0,0,-1.0,0,-1000.0,-1000.0,-1000.0]}],"num":[{"name":"truncated","val":-1.0},{"name":"occluded","val":-1},{"name":"alpha","val":-10.0}]}},"11":{"object_data":{"bbox":[{"name":"box2D","coordinate_system":"CAM_LEFT","val":[60.54,206.485,121.08,68.79]}],"cuboid":[{"name":"box3D","coordinate_system":"CAM_LEFT","val":[-16.47,0.89,20.81,0,1.61,0,4.28,1.77,1.59]}],"num":[{"name":"truncated","val":0.0},{"name":"occluded","val":1},{"name":"alpha","val":2.28}]}},"12":{"object_data":{"bbox":[{"name":"box2D","coordinate_system":"CAM_LEFT","val":[164.21,205.19,108.26,45.3]}],"cuboid":[{"name":"box3D","coordinate_system":"CAM_LEFT","val":[-16.05,1.11,26.13,0,1.65,0,3.61,1.5,1.47]}],"num":[{"name":"truncated","val":0.0},{"name":"occluded","val":1},{"name":"alpha","val":2.2}]}},"13":{"object_data":{"bbox":[{"name":"box2D","coordinate_system":"CAM_LEFT","val":[278.745,191.005,67.29,48.43]}],"cuboid":[{"name":"box3D","coordinate_system":"CAM_LEFT","val":[-14.83,0.8,32.36,0,1.65,0,2.71,2.06,1.61]}],"num":[{"name":"truncated","val":0.0},{"name":"occluded","val":0},{"name":"alpha","val":2.08}]}},"-2":{}}},"5":{"frame_properties":{"transforms":{"vehicle-iso8855_to_odom":{"src":"vehicle-iso8855","dst":"odom","transform_src_to_dst_4x4":[0.999781908726091,0.020782481788222833,-0.0020550996902112075,6.073710331966351,-0.02078771604668907,0.999780636435016,-0.0025592716067286804,-0.1281245575463733,0.002001460860658812,0.002601434280731428,0.999994613332545,0.0712350858105465,0.0,0.0,0.0,1.0]}}},"objects":{"-1":{"object_data":{"bbox":[{"name":"box2D0","coordinate_system":"CAM_LEFT","val":[728.045,178.385,35.01,23.81]}],"cuboid":[{"name":"box3D","coordinate_system":"CAM_LEFT","val":[-10.0,499.0,-1.0,0,-1.0,0,-1000.0,-1000.0,-1000.0]}],"num":[{"name":"truncated","val":-1.0},{"name":"occluded","val":-1},{"name":"alpha","val":-10.0}]}},"11":{"object_data":{"bbox":[{"name":"box2D","coordinate_system":"CAM_LEFT","val":[44.775,207.435,89.55,68.81]}],"cuboid":[{"name":"box3D","coordinate_system":"CAM_LEFT","val":[-16.55,0.9,19.53,0,1.61,0,4.28,1.77,1.59]}],"num":[{"name":"truncated","val":1.0},{"name":"occluded","val":1},{"name":"alpha","val":2.31}]}},"12":{"object_data":{"bbox":[{"name":"box2D","coordinate_system":"CAM_LEFT","val":[138.42000000000002,206.085,117.34,47.79]}],"cuboid":[{"name":"box3D","coordinate_system":"CAM_LEFT","val":[-16.13,1.08,24.84,0,1.65,0,3.61,1.5,1.47]}],"num":[{"name":"truncated","val":0.0},{"name":"occluded","val":1},{"name":"alpha","val":2.22}]}},"13":{"object_data":{"bbox":[{"name":"box2D","coordinate_system":"CAM_LEFT","val":[262.27,191.365,71.28,50.53]}],"cuboid":[{"name":"box3D","coordinate_system":"CAM_LEFT","val":[-14.95,0.78,31.09,0,1.65,0,2.71,2.06,1.61]}],"num":[{"name":"truncated","val":0.0},{"name":"occluded","val":0},{"name":"alpha","val":2.09}]}},"-2":{}}},"6":{"frame_properties":{"transforms":{"vehicle-iso8855_to_odom":{"src":"vehicle-iso8855","dst":"odom","transform_src_to_dst_4x4":[0.9996773763696233,0.025398523011871264,-0.00024125414416064936,7.382170305014986,-0.0253986464193569,0.9996772655212867,-0.0005230295860721686,-0.17603854950768183,0.00022789210415245797,0.0005289883730730489,0.9999998341182315,0.09095680418710021,0.0,0.0,0.0,1.0]}}},"objects":{"-1":{"object_data":{"bbox":[{"name":"box2D0","coordinate_system":"CAM_LEFT","val":[725.065,179.20000000000002,41.45,22.48]}],"cuboid":[{"name":"box3D","coordinate_system":"CAM_LEFT","val":[-10.0,499.0,-1.0,0,-1.0,0,-1000.0,-1000.0,-1000.0]}],"num":[{"name":"truncated","val":-1.0},{"name":"occluded","val":-1},{"name":"alpha","val":-10.0}]}},"11":{"object_data":{"bbox":[{"name":"box2D","coordinate_system":"CAM_LEFT","val":[25.85,207.375,51.7,68.61]}],"cuboid":[{"name":"box3D","coordinate_system":"CAM_LEFT","val":[-16.66,0.89,18.21,0,1.61,0,4.28,1.77,1.59]}],"num":[{"name":"truncated","val":1.0},{"name":"occluded","val":1},{"name":"alpha","val":2.34}]}},"12":{"object_data":{"bbox":[{"name":"box2D","coordinate_system":"CAM_LEFT","val":[109.735,207.09,127.85,50.56]}],"cuboid":[{"name":"box3D","coordinate_system":"CAM_LEFT","val":[-16.21,1.05,23.54,0,1.64,0,3.61,1.5,1.47]}],"num":[{"name":"truncated","val":0.0},{"name":"occluded","val":0},{"name":"alpha","val":2.24}]}},"13":{"object_data":{"bbox":[{"name":"box2D","coordinate_system":"CAM_LEFT","val":[244.35500000000002,191.755,75.73,52.81]}],"cuboid":[{"name":"box3D","coordinate_system":"CAM_LEFT","val":[-15.07,0.76,29.8,0,1.64,0,2.71,2.06,1.61]}],"num":[{"name":"truncated","val":0.0},{"name":"occluded","val":1},{"name":"alpha","val":2.11}]}},"-2":{}}},"7":{"frame_properties":{"transforms":{"vehicle-iso8855_to_odom":{"src":"vehicle-iso8855","dst":"odom","transform_src_to_dst_4x4":[0.9995657274374072,0.02946521381248356,0.0003971240506036647,8.577341281662568,-0.029466020962613467,0.9995633426205832,0.0022085510630461326,-0.23056534151358077,-0.00033187521416797717,-0.0022192936155162307,0.9999974822941756,0.10630673890246568,0.0,0.0,0.0,1.0]}}},"objects":{"-1":{"object_data":{"bbox":[{"name":"box2D0","coordinate_system":"CAM_LEFT","val":[725.395,175.825,47.43,16.03]}],"cuboid":[{"name":"box3D","coordinate_system":"CAM_LEFT","val":[-10.0,499.0,-1.0,0,-1.0,0,-1000.0,-1000.0,-1000.0]}],"num":[{"name":"truncated","val":-1.0},{"name":"occluded","val":-1},{"name":"alpha","val":-10.0}]}},"12":{"object_data":{"bbox":[{"name":"box2D","coordinate_system":"CAM_LEFT","val":[77.66,208.22,140.12,53.68]}],"cuboid":[{"name":"box3D","coordinate_system":"CAM_LEFT","val":[-16.29,1.02,22.25,0,1.64,0,3.61,1.5,1.47]}],"num":[{"name":"truncated","val":0.0},{"name":"occluded","val":0},{"name":"alpha","val":2.27}]}},"13":{"object_data":{"bbox":[{"name":"box2D","coordinate_system":"CAM_LEFT","val":[225.01,192.705,80.72,55.31]}],"cuboid":[{"name":"box3D","coordinate_system":"CAM_LEFT","val":[-15.18,0.76,28.51,0,1.64,0,2.71,2.06,1.61]}],"num":[{"name":"truncated","val":0.0},{"name":"occluded","val":1},{"name":"alpha","val":2.12}]}},"-2":{}}},"8":{"frame_properties":{"transforms":{"vehicle-iso8855_to_odom":{"src":"vehicle-iso8855","dst":"odom","transform_src_to_dst_4x4":[0.9994495573843906,0.033166331100593645,-0.0007594244342855231,9.770185093857899,-0.03316306666508977,0.9994420721969152,0.0039692986916968626,-0.2824545755987069,0.0008906478049252652,-0.003941928977401567,0.9999918339378702,0.11686428125722732,0.0,0.0,0.0,1.0]}}},"objects":{"-1":{"object_data":{"bbox":[{"name":"box2D0","coordinate_system":"CAM_LEFT","val":[721.59,181.63,47.52,17.9]},{"name":"box2D1","coordinate_system":"CAM_LEFT","val":[657.41,179.0,21.0,17.5]}],"cuboid":[{"name":"box3D","coordinate_system":"CAM_LEFT","val":[-10.0,499.0,-1.0,0,-1.0,0,-1000.0,-1000.0,-1000.0]}],"num":[{"name":"truncated","val":-1.0},{"name":"occluded","val":-1},{"name":"alpha","val":-10.0}]}},"12":{"object_data":{"bbox":[{"name":"box2D","coordinate_system":"CAM_LEFT","val":[59.415,209.42,118.83,57.02]}],"cuboid":[{"name":"box3D","coordinate_system":"CAM_LEFT","val":[-16.37,0.99,20.96,0,1.64,0,3.61,1.5,1.47]}],"num":[{"name":"truncated","val":0.0},{"name":"occluded","val":0},{"name":"alpha","val":2.3}]}},"13":{"object_data":{"bbox":[{"name":"box2D","coordinate_system":"CAM_LEFT","val":[203.82,193.74,86.38,58.06]}],"cuboid":[{"name":"box3D","coordinate_system":"CAM_LEFT","val":[-15.29,0.76,27.23,0,1.63,0,2.71,2.06,1.61]}],"num":[{"name":"truncated","val":0.0},{"name":"occluded","val":1},{"name":"alpha","val":2.14}]}},"-2":{}}},"9":{"frame_properties":{"transforms":{"vehicle-iso8855_to_odom":{"src":"vehicle-iso8855","dst":"odom","transform_src_to_dst_4x4":[0.9993248315456777,0.03668663526293868,-0.0019929498957663916,11.082985327434718,-0.03667277708103441,0.9993055699565649,0.0065943365814999325,-0.3459536538455973,0.002233489952450255,-0.00651679728620182,0.9999762711563525,0.12979503597503686,0.0,0.0,0.0,1.0]}}},"objects":{"-1":{"object_data":{"bbox":[{"name":"box2D0","coordinate_system":"CAM_LEFT","val":[722.84,179.29500000000002,47.2,22.87]},{"name":"box2D1","coordinate_system":"CAM_LEFT","val":[657.535,182.015,26.77,17.33]}],"cuboid":[{"name":"box3D","coordinate_system":"CAM_LEFT","val":[-10.0,499.0,-1.0,0,-1.0,0,-1000.0,-1000.0,-1000.0]}],"num":[{"name":"truncated","val":-1.0},{"name":"occluded","val":-1},{"name":"alpha","val":-10.0}]}},"12":{"object_data":{"bbox":[{"name":"box2D","coordinate_system":"CAM_LEFT","val":[43.23,209.525,86.46,58.29]}],"cuboid":[{"name":"box3D","coordinate_system":"CAM_LEFT","val":[-16.45,0.96,19.67,0,1.64,0,3.61,1.5,1.47]}],"num":[{"name":"truncated","val":2.0},{"name":"occluded","val":0},{"name":"alpha","val":2.33}]}},"13":{"object_data":{"bbox":[{"name":"box2D","coordinate_system":"CAM_LEFT","val":[180.51000000000002,194.89000000000001,92.8,61.1]}],"cuboid":[{"name":"box3D","coordinate_system":"CAM_LEFT","val":[-15.4,0.77,25.94,0,1.63,0,2.71,2.06,1.61]}],"num":[{"name":"truncated","val":0.0},{"name":"occluded","val":1},{"name":"alpha","val":2.16}]}},"-2":{}}},"10":{"frame_properties":{"transforms":{"vehicle-iso8855_to_odom":{"src":"vehicle-iso8855","dst":"odom","transform_src_to_dst_4x4":[0.9992241455317151,0.03910814313399232,-0.004654044158091143,12.27610836856896,-0.039085239446562864,0.9992237947335334,0.004914478174029281,-0.40694507973975236,0.004842627780364089,-0.0047287608238648126,0.9999770936262747,0.14374864829238954,0.0,0.0,0.0,1.0]}}},"objects":{"-1":{"object_data":{"bbox":[{"name":"box2D0","coordinate_system":"CAM_LEFT","val":[723.06,180.185,50.0,16.67]},{"name":"box2D1","coordinate_system":"CAM_LEFT","val":[654.315,183.82999999999998,18.75,19.78]}],"cuboid":[{"name":"box3D","coordinate_system":"CAM_LEFT","val":[-10.0,499.0,-1.0,0,-1.0,0,-1000.0,-1000.0,-1000.0]}],"num":[{"name":"truncated","val":-1.0},{"name":"occluded","val":-1},{"name":"alpha","val":-10.0}]}},"12":{"object_data":{"bbox":[{"name":"box2D","coordinate_system":"CAM_LEFT","val":[24.97,208.9,49.94,58.26]}],"cuboid":[{"name":"box3D","coordinate_system":"CAM_LEFT","val":[-16.53,0.93,18.37,0,1.64,0,3.61,1.5,1.47]}],"num":[{"name":"truncated","val":2.0},{"name":"occluded","val":0},{"name":"alpha","val":2.36}]}},"13":{"object_data":{"bbox":[{"name":"box2D","coordinate_system":"CAM_LEFT","val":[154.74,196.16500000000002,100.18,64.47]}],"cuboid":[{"name":"box3D","coordinate_system":"CAM_LEFT","val":[-15.51,0.77,24.65,0,1.63,0,2.71,2.06,1.61]}],"num":[{"name":"truncated","val":0.0},{"name":"occluded","val":0},{"name":"alpha","val":2.18}]}},"-2":{}}},"11":{"frame_properties":{"transforms":{"vehicle-iso8855_to_odom":{"src":"vehicle-iso8855","dst":"odom","transform_src_to_dst_4x4":[0.9991026371537318,0.04148008951996529,-0.00856286201424404,13.588342905909142,-0.04144549564577975,0.9991320278309015,0.004178738228980928,-0.4790644339485987,0.008728764124146478,-0.0038200963242231998,0.9999546067401951,0.15924802720812792,0.0,0.0,0.0,1.0]}}},"objects":{"-1":{"object_data":{"bbox":[{"name":"box2D0","coordinate_system":"CAM_LEFT","val":[725.105,182.70999999999998,55.81,17.4]},{"name":"box2D1","coordinate_system":"CAM_LEFT","val":[654.24,182.91500000000002,23.68,16.79]}],"cuboid":[{"name":"box3D","coordinate_system":"CAM_LEFT","val":[-10.0,499.0,-1.0,0,-1.0,0,-1000.0,-1000.0,-1000.0]}],"num":[{"name":"truncated","val":-1.0},{"name":"occluded","val":-1},{"name":"alpha","val":-10.0}]}},"13":{"object_data":{"bbox":[{"name":"box2D","coordinate_system":"CAM_LEFT","val":[128.06,198.44,108.62,68.16]}],"cuboid":[{"name":"box3D","coordinate_system":"CAM_LEFT","val":[-15.57,0.8,23.39,0,1.63,0,2.71,2.06,1.61]}],"num":[{"name":"truncated","val":0.0},{"name":"occluded","val":0},{"name":"alpha","val":2.21}]}},"-2":{}}},"12":{"frame_properties":{"transforms":{"vehicle-iso8855_to_odom":{"src":"vehicle-iso8855","dst":"odom","transform_src_to_dst_4x4":[0.9989936070060526,0.04404223735076692,-0.008488491631361788,14.780412264946449,-0.04403839494055854,0.999029634834681,0.0006391346836519117,-0.5463135200951765,0.008508403616213111,-0.0002646719160725646,0.9999637678519557,0.18121036086037862,0.0,0.0,0.0,1.0]}}},"objects":{"-1":{"object_data":{"bbox":[{"name":"box2D0","coordinate_system":"CAM_LEFT","val":[718.335,181.84,51.43,17.62]},{"name":"box2D1","coordinate_system":"CAM_LEFT","val":[650.47,183.58,25.14,16.06]}],"cuboid":[{"name":"box3D","coordinate_system":"CAM_LEFT","val":[-10.0,499.0,-1.0,0,-1.0,0,-1000.0,-1000.0,-1000.0]}],"num":[{"name":"truncated","val":-1.0},{"name":"occluded","val":-1},{"name":"alpha","val":-10.0}]}},"13":{"object_data":{"bbox":[{"name":"box2D","coordinate_system":"CAM_LEFT","val":[98.3,200.985,118.38,72.29]}],"cuboid":[{"name":"box3D","coordinate_system":"CAM_LEFT","val":[-15.63,0.83,22.12,0,1.63,0,2.71,2.06,1.61]}],"num":[{"name":"truncated","val":0.0},{"name":"occluded","val":0},{"name":"alpha","val":2.24}]}},"-2":{}}},"13":{"frame_properties":{"transforms":{"vehicle-iso8855_to_odom":{"src":"vehicle-iso8855","dst":"odom","transform_src_to_dst_4x4":[0.9989147918056168,0.046060205892664935,-0.006906239574944266,15.971764509472894,-0.04607410384756965,0.9989362801077771,-0.0018668795034343802,-0.6156057913709221,0.006812904416222958,0.002183052349871496,0.9999744089804763,0.20379049439068392,0.0,0.0,0.0,1.0]}}},"objects":{"-1":{"object_data":{"bbox":[{"name":"box2D0","coordinate_system":"CAM_LEFT","val":[721.2950000000001,179.66,48.95,16.12]},{"name":"box2D1","coordinate_system":"CAM_LEFT","val":[652.225,183.825,14.57,13.53]}],"cuboid":[{"name":"box3D","coordinate_system":"CAM_LEFT","val":[-10.0,499.0,-1.0,0,-1.0,0,-1000.0,-1000.0,-1000.0]}],"num":[{"name":"truncated","val":-1.0},{"name":"occluded","val":-1},{"name":"alpha","val":-10.0}]}},"13":{"object_data":{"bbox":[{"name":"box2D","coordinate_system":"CAM_LEFT","val":[64.88,203.865,129.76,76.97]}],"cuboid":[{"name":"box3D","coordinate_system":"CAM_LEFT","val":[-15.69,0.84,20.86,0,1.63,0,2.71,2.06,1.61]}],"num":[{"name":"truncated","val":0.0},{"name":"occluded","val":0},{"name":"alpha","val":2.27}]}},"-2":{}}},"14":{"frame_properties":{"transforms":{"vehicle-iso8855_to_odom":{"src":"vehicle-iso8855","dst":"odom","transform_src_to_dst_4x4":[0.9987955377000198,0.048886311326244526,-0.004195525645451331,17.283027923699198,-0.04890655580501337,0.9987915029735956,-0.004866455284681591,-0.6963215784796899,0.003952552317082408,0.005065782531867277,0.9999793573757014,0.22818171987555494,0.0,0.0,0.0,1.0]}}},"objects":{"-1":{"object_data":{"bbox":[{"name":"box2D0","coordinate_system":"CAM_LEFT","val":[716.46,178.245,42.38,15.47]},{"name":"box2D1","coordinate_system":"CAM_LEFT","val":[649.1,179.665,12.5,9.37]},{"name":"box2D2","coordinate_system":"CAM_LEFT","val":[1063.6950000000002,171.32999999999998,39.59,23.96]}],"cuboid":[{"name":"box3D","coordinate_system":"CAM_LEFT","val":[-10.0,499.0,-1.0,0,-1.0,0,-1000.0,-1000.0,-1000.0]}],"num":[{"name":"truncated","val":-1.0},{"name":"occluded","val":-1},{"name":"alpha","val":-10.0}]}},"13":{"object_data":{"bbox":[{"name":"box2D","coordinate_system":"CAM_LEFT","val":[49.33,207.04,98.66,82.08]}],"cuboid":[{"name":"box3D","coordinate_system":"CAM_LEFT","val":[-15.75,0.87,19.59,0,1.63,0,2.71,2.06,1.61]}],"num":[{"name":"truncated","val":0.0},{"name":"occluded","val":0},{"name":"alpha","val":2.3}]}},"-2":{}}},"15":{"frame_properties":{"transforms":{"vehicle-iso8855_to_odom":{"src":"vehicle-iso8855","dst":"odom","transform_src_to_dst_4x4":[0.9986348637682109,0.052164189473147694,-0.002702998937610278,18.473150768908408,-0.05217591935145063,0.9986279149838032,-0.004467757259967472,-0.7687690198917074,0.002466233257040217,0.004602689617232834,0.9999863663779669,0.24570997183122176,0.0,0.0,0.0,1.0]}}},"objects":{"-1":{"object_data":{"bbox":[{"name":"box2D0","coordinate_system":"CAM_LEFT","val":[645.735,179.385,21.95,16.99]},{"name":"box2D1","coordinate_system":"CAM_LEFT","val":[716.81,178.105,50.0,20.83]},{"name":"box2D2","coordinate_system":"CAM_LEFT","val":[1108.995,166.65,42.81,25.0]},{"name":"box2D3","coordinate_system":"CAM_LEFT","val":[1059.55,169.765,37.5,16.65]}],"cuboid":[{"name":"box3D","coordinate_system":"CAM_LEFT","val":[-10.0,499.0,-1.0,0,-1.0,0,-1000.0,-1000.0,-1000.0]}],"num":[{"name":"truncated","val":-1.0},{"name":"occluded","val":-1},{"name":"alpha","val":-10.0}]}},"13":{"object_data":{"bbox":[{"name":"box2D","coordinate_system":"CAM_LEFT","val":[31.775,209.365,63.55,84.09]}],"cuboid":[{"name":"box3D","coordinate_system":"CAM_LEFT","val":[-15.81,0.9,18.32,0,1.63,0,2.71,2.06,1.61]}],"num":[{"name":"truncated","val":1.0},{"name":"occluded","val":0},{"name":"alpha","val":2.34}]}},"-2":{}}},"16":{"frame_properties":{"transforms":{"vehicle-iso8855_to_odom":{"src":"vehicle-iso8855","dst":"odom","transform_src_to_dst_4x4":[0.9984199817220145,0.056116774112764806,-0.0029065032923945616,19.66227547569201,-0.056134187425381635,0.9984033376723477,-0.006303041076207332,-0.846543100929111,0.002548156255785401,0.0064562363566677775,0.9999759116657776,0.26193606256782664,0.0,0.0,0.0,1.0]}}},"objects":{"-1":{"object_data":{"bbox":[{"name":"box2D0","coordinate_system":"CAM_LEFT","val":[714.92,177.065,42.04,20.29]},{"name":"box2D1","coordinate_system":"CAM_LEFT","val":[644.41,179.665,19.78,17.71]},{"name":"box2D2","coordinate_system":"CAM_LEFT","val":[1124.095,167.69,43.79,25.0]},{"name":"box2D3","coordinate_system":"CAM_LEFT","val":[1050.7,166.65,34.4,25.0]}],"cuboid":[{"name":"box3D","coordinate_system":"CAM_LEFT","val":[-10.0,499.0,-1.0,0,-1.0,0,-1000.0,-1000.0,-1000.0]}],"num":[{"name":"truncated","val":-1.0},{"name":"occluded","val":-1},{"name":"alpha","val":-10.0}]}},"-2":{}}},"17":{"frame_properties":{"transforms":{"vehicle-iso8855_to_odom":{"src":"vehicle-iso8855","dst":"odom","transform_src_to_dst_4x4":[0.9981919226706535,0.059931145151761116,-0.004598190498789442,20.849828818265316,-0.05995697558025121,0.9981846776218052,-0.005701792728872302,-0.9262285816250054,0.004248128333018486,0.005967177042151838,0.9999731727420559,0.27457255515514917,0.0,0.0,0.0,1.0]}}},"objects":{"-1":{"object_data":{"bbox":[{"name":"box2D0","coordinate_system":"CAM_LEFT","val":[642.855,181.75,18.75,15.62]},{"name":"box2D1","coordinate_system":"CAM_LEFT","val":[720.1,179.725,60.44,18.31]},{"name":"box2D2","coordinate_system":"CAM_LEFT","val":[819.41,178.1,15.62,10.4]},{"name":"box2D3","coordinate_system":"CAM_LEFT","val":[1138.195,169.245,55.21,26.05]},{"name":"box2D4","coordinate_system":"CAM_LEFT","val":[1049.095,169.76500000000001,43.79,22.91]}],"cuboid":[{"name":"box3D","coordinate_system":"CAM_LEFT","val":[-10.0,499.0,-1.0,0,-1.0,0,-1000.0,-1000.0,-1000.0]}],"num":[{"name":"truncated","val":-1.0},{"name":"occluded","val":-1},{"name":"alpha","val":-10.0}]}},"-2":{}}},"18":{"frame_properties":{"transforms":{"vehicle-iso8855_to_odom":{"src":"vehicle-iso8855","dst":"odom","transform_src_to_dst_4x4":[0.9979243075154345,0.06421275030671943,-0.00487843908308243,22.15541833070929,-0.06424088374066472,0.9979172901990168,-0.005847288095406315,-1.0197453296093446,0.004492808259748827,0.006148546161423781,0.9999710046066546,0.2914316883071919,0.0,0.0,0.0,1.0]}}},"objects":{"-1":{"object_data":{"bbox":[{"name":"box2D0","coordinate_system":"CAM_LEFT","val":[640.245,183.31,21.89,12.5]},{"name":"box2D1","coordinate_system":"CAM_LEFT","val":[713.685,179.665,58.33,21.87]},{"name":"box2D2","coordinate_system":"CAM_LEFT","val":[823.575,175.5,23.95,19.8]},{"name":"box2D3","coordinate_system":"CAM_LEFT","val":[1150.645,169.245,53.11,23.95]},{"name":"box2D4","coordinate_system":"CAM_LEFT","val":[1034.0,170.285,42.8,13.53]}],"cuboid":[{"name":"box3D","coordinate_system":"CAM_LEFT","val":[-10.0,499.0,-1.0,0,-1.0,0,-1000.0,-1000.0,-1000.0]}],"num":[{"name":"truncated","val":-1.0},{"name":"occluded","val":-1},{"name":"alpha","val":-10.0}]}},"-2":{}}},"19":{"frame_properties":{"transforms":{"vehicle-iso8855_to_odom":{"src":"vehicle-iso8855","dst":"odom","transform_src_to_dst_4x4":[0.9976840108090517,0.06794799403717695,-0.0031120222183759743,23.341130173969976,-0.06796881455510109,0.9976617466528239,-0.007160971554932788,-1.1095072712092795,0.002618171869492413,0.00735590728326702,0.9999695174374577,0.30817445327027804,0.0,0.0,0.0,1.0]}}},"objects":{"-1":{"object_data":{"bbox":[{"name":"box2D0","coordinate_system":"CAM_LEFT","val":[634.0,178.105,17.7,18.75]},{"name":"box2D1","coordinate_system":"CAM_LEFT","val":[716.29,178.625,61.46,19.79]},{"name":"box2D2","coordinate_system":"CAM_LEFT","val":[825.1400000000001,173.94,22.9,12.5]},{"name":"box2D3","coordinate_system":"CAM_LEFT","val":[1161.595,167.685,58.39,29.17]},{"name":"box2D4","coordinate_system":"CAM_LEFT","val":[1031.395,167.16000000000003,45.79,19.78]}],"cuboid":[{"name":"box3D","coordinate_system":"CAM_LEFT","val":[-10.0,499.0,-1.0,0,-1.0,0,-1000.0,-1000.0,-1000.0]}],"num":[{"name":"truncated","val":-1.0},{"name":"occluded","val":-1},{"name":"alpha","val":-10.0}]}},"-2":{}}},"20":{"frame_properties":{"transforms":{"vehicle-iso8855_to_odom":{"src":"vehicle-iso8855","dst":"odom","transform_src_to_dst_4x4":[0.9973893828760394,0.07220967052609899,-0.0004270932749675223,24.644010332960235,-0.07221085822872905,0.9973623536485557,-0.007343533106376802,-1.213649399647354,-0.00010430735215988295,0.007355202725028024,0.9999729446904302,0.32501036365790636,0.0,0.0,0.0,1.0]}}},"objects":{"-1":{"object_data":{"bbox":[{"name":"box2D0","coordinate_system":"CAM_LEFT","val":[713.165,176.025,59.37,18.75]},{"name":"box2D1","coordinate_system":"CAM_LEFT","val":[634.0,178.62,17.7,15.62]},{"name":"box2D2","coordinate_system":"CAM_LEFT","val":[824.625,174.45499999999998,28.13,13.53]},{"name":"box2D3","coordinate_system":"CAM_LEFT","val":[1175.15,166.12,60.5,19.8]},{"name":"box2D4","coordinate_system":"CAM_LEFT","val":[1037.59,167.685,25.0,16.67]}],"cuboid":[{"name":"box3D","coordinate_system":"CAM_LEFT","val":[-10.0,499.0,-1.0,0,-1.0,0,-1000.0,-1000.0,-1000.0]}],"num":[{"name":"truncated","val":-1.0},{"name":"occluded","val":-1},{"name":"alpha","val":-10.0}]}},"-2":{}}},"21":{"frame_properties":{"transforms":{"vehicle-iso8855_to_odom":{"src":"vehicle-iso8855","dst":"odom","transform_src_to_dst_4x4":[0.997157314233343,0.07533992033676323,-0.0010895295297476222,25.82610401652185,-0.07534639909245117,0.997122662854091,-0.008325585058573833,-1.3098072171201447,0.00045914567089022434,0.008384010163200107,0.9999647481580718,0.3363439395344459,0.0,0.0,0.0,1.0]}}},"objects":{"-1":{"object_data":{"bbox":[{"name":"box2D0","coordinate_system":"CAM_LEFT","val":[706.39,176.85999999999999,52.28,19.52]},{"name":"box2D1","coordinate_system":"CAM_LEFT","val":[631.395,176.54,18.75,15.62]},{"name":"box2D2","coordinate_system":"CAM_LEFT","val":[827.745,173.415,28.11,17.71]},{"name":"box2D3","coordinate_system":"CAM_LEFT","val":[1188.145,166.64,53.11,22.9]}],"cuboid":[{"name":"box3D","coordinate_system":"CAM_LEFT","val":[-10.0,499.0,-1.0,0,-1.0,0,-1000.0,-1000.0,-1000.0]}],"num":[{"name":"truncated","val":-1.0},{"name":"occluded","val":-1},{"name":"alpha","val":-10.0}]}},"-2":{}}},"22":{"frame_properties":{"transforms":{"vehicle-iso8855_to_odom":{"src":"vehicle-iso8855","dst":"odom","transform_src_to_dst_4x4":[0.9969760524916065,0.07763450277605495,-0.0034109730237454347,27.01048562440663,-0.07766292662745018,0.9969373227342575,-0.00918936162694721,-1.4076814585907114,0.0026871147934741414,0.009426479627423014,0.9999519592940057,0.3442270247928841,0.0,0.0,0.0,1.0]}}},"objects":{"-1":{"object_data":{"bbox":[{"name":"box2D0","coordinate_system":"CAM_LEFT","val":[703.83,180.7,50.5,20.34]},{"name":"box2D1","coordinate_system":"CAM_LEFT","val":[628.7900000000001,179.14000000000001,17.7,16.66]},{"name":"box2D2","coordinate_system":"CAM_LEFT","val":[824.62,175.5,32.28,13.54]},{"name":"box2D3","coordinate_system":"CAM_LEFT","val":[1206.945,166.12,57.29,19.8]}],"cuboid":[{"name":"box3D","coordinate_system":"CAM_LEFT","val":[-10.0,499.0,-1.0,0,-1.0,0,-1000.0,-1000.0,-1000.0]}],"num":[{"name":"truncated","val":-1.0},{"name":"occluded","val":-1},{"name":"alpha","val":-10.0}]}},"-2":{}}},"23":{"frame_properties":{"transforms":{"vehicle-iso8855_to_odom":{"src":"vehicle-iso8855","dst":"odom","transform_src_to_dst_4x4":[0.9968462252855658,0.0792136495941448,-0.0047750237585968205,28.31486990799519,-0.0792541194749835,0.9968139624344965,-0.008983809987074678,-1.5167656077786245,0.004048169977189257,0.009333917377757866,0.9999482438137589,0.35553456205991557,0.0,0.0,0.0,1.0]}}},"objects":{"-1":{"object_data":{"bbox":[{"name":"box2D0","coordinate_system":"CAM_LEFT","val":[705.3549999999999,179.665,52.09,17.71]},{"name":"box2D1","coordinate_system":"CAM_LEFT","val":[626.6999999999999,180.185,19.8,16.67]},{"name":"box2D2","coordinate_system":"CAM_LEFT","val":[829.8349999999999,175.5,34.37,13.54]},{"name":"box2D3","coordinate_system":"CAM_LEFT","val":[1216.3,167.16500000000002,51.0,26.03]},{"name":"box2D4","coordinate_system":"CAM_LEFT","val":[1087.645,163.525,31.29,18.75]}],"cuboid":[{"name":"box3D","coordinate_system":"CAM_LEFT","val":[-10.0,499.0,-1.0,0,-1.0,0,-1000.0,-1000.0,-1000.0]}],"num":[{"name":"truncated","val":-1.0},{"name":"occluded","val":-1},{"name":"alpha","val":-10.0}]}},"-2":{}}},"24":{"frame_properties":{"transforms":{"vehicle-iso8855_to_odom":{"src":"vehicle-iso8855","dst":"odom","transform_src_to_dst_4x4":[0.9967796294631484,0.08004108617216582,-0.004877992588026319,29.49652480986502,-0.08008040022652961,0.9967523223490184,-0.008481591324641685,-1.6184657171583015,0.004183274658423803,0.008844909056585373,0.9999521327528198,0.36904054007162235,0.0,0.0,0.0,1.0]}}},"objects":{"-1":{"object_data":{"bbox":[{"name":"box2D0","coordinate_system":"CAM_LEFT","val":[717.47,180.4,81.76,21.3]},{"name":"box2D1","coordinate_system":"CAM_LEFT","val":[627.225,180.70499999999998,18.75,17.71]},{"name":"box2D2","coordinate_system":"CAM_LEFT","val":[830.875,174.98,30.21,20.84]},{"name":"box2D3","coordinate_system":"CAM_LEFT","val":[1102.2,164.56,50.0,22.92]},{"name":"box2D4","coordinate_system":"CAM_LEFT","val":[1223.6950000000002,166.125,36.59,34.37]}],"cuboid":[{"name":"box3D","coordinate_system":"CAM_LEFT","val":[-10.0,499.0,-1.0,0,-1.0,0,-1000.0,-1000.0,-1000.0]}],"num":[{"name":"truncated","val":-1.0},{"name":"occluded","val":-1},{"name":"alpha","val":-10.0}]}},"-2":{}}},"25":{"frame_properties":{"transforms":{"vehicle-iso8855_to_odom":{"src":"vehicle-iso8855","dst":"odom","transform_src_to_dst_4x4":[0.9967004963390421,0.08085689448602847,-0.007091065616855947,30.67500526253675,-0.08089985497131873,0.9967041984128296,-0.005996193113877901,-1.715358430891247,0.006582861317614519,0.0065500748327425974,0.999956880298625,0.38276125550040474,0.0,0.0,0.0,1.0]}}},"objects":{"-1":{"object_data":{"bbox":[{"name":"box2D0","coordinate_system":"CAM_LEFT","val":[623.24,183.54999999999998,26.6,15.4]},{"name":"box2D1","coordinate_system":"CAM_LEFT","val":[840.0699999999999,175.41,38.6,18.92]},{"name":"box2D2","coordinate_system":"CAM_LEFT","val":[687.165,176.66000000000003,19.83,22.16]},{"name":"box2D3","coordinate_system":"CAM_LEFT","val":[1117.9,166.65,50.0,25.0]},{"name":"box2D4","coordinate_system":"CAM_LEFT","val":[757.44,176.01500000000001,37.5,22.91]}],"cuboid":[{"name":"box3D","coordinate_system":"CAM_LEFT","val":[-10.0,499.0,-1.0,0,-1.0,0,-1000.0,-1000.0,-1000.0]}],"num":[{"name":"truncated","val":-1.0},{"name":"occluded","val":-1},{"name":"alpha","val":-10.0}]}},"1":{"object_data":{"bbox":[{"name":"box2D","coordinate_system":"CAM_LEFT","val":[718.5,182.835,17.32,13.43]}],"cuboid":[{"name":"box3D","coordinate_system":"CAM_LEFT","val":[12.01,1.09,79.77,0,-1.35,0,4.21,1.43,1.59]}],"num":[{"name":"truncated","val":0.0},{"name":"occluded","val":0},{"name":"alpha","val":-1.5}]}},"-2":{}}},"26":{"frame_properties":{"transforms":{"vehicle-iso8855_to_odom":{"src":"vehicle-iso8855","dst":"odom","transform_src_to_dst_4x4":[0.9965700428915522,0.0821102024173663,-0.010298750900451506,31.96050687236632,-0.0821633917997225,0.9966070626404688,-0.004851777313769063,-1.8149920182570642,0.009865427466447292,0.005681316230964622,0.9999351958936079,0.39953529744658345,0.0,0.0,0.0,1.0]}}},"objects":{"-1":{"object_data":{"bbox":[{"name":"box2D0","coordinate_system":"CAM_LEFT","val":[620.455,184.355,26.03,20.83]},{"name":"box2D1","coordinate_system":"CAM_LEFT","val":[690.77,180.7,33.34,19.78]},{"name":"box2D2","coordinate_system":"CAM_LEFT","val":[750.66,180.185,28.12,18.75]},{"name":"box2D3","coordinate_system":"CAM_LEFT","val":[1142.9,176.01999999999998,50.0,33.34]}],"cuboid":[{"name":"box3D","coordinate_system":"CAM_LEFT","val":[-10.0,499.0,-1.0,0,-1.0,0,-1000.0,-1000.0,-1000.0]}],"num":[{"name":"truncated","val":-1.0},{"name":"occluded","val":-1},{"name":"alpha","val":-10.0}]}},"1":{"object_data":{"bbox":[{"name":"box2D","coordinate_system":"CAM_LEFT","val":[719.48,185.15,17.5,13.64]}],"cuboid":[{"name":"box3D","coordinate_system":"CAM_LEFT","val":[11.94,1.31,78.56,0,-1.35,0,4.21,1.43,1.59]}],"num":[{"name":"truncated","val":0.0},{"name":"occluded","val":0},{"name":"alpha","val":-1.5}]}},"-2":{}}},"27":{"frame_properties":{"transforms":{"vehicle-iso8855_to_odom":{"src":"vehicle-iso8855","dst":"odom","transform_src_to_dst_4x4":[0.9964783044440509,0.08333585123205055,-0.009280337910816259,33.12688122908051,-0.08340516595623947,0.9964886120701112,-0.007350122883037758,-1.905061165066887,0.008635222297172809,0.008098266111526487,0.9999299230555437,0.42009135028650085,0.0,0.0,0.0,1.0]}}},"objects":{"-1":{"object_data":{"bbox":[{"name":"box2D0","coordinate_system":"CAM_LEFT","val":[694.29,182.44,28.52,19.48]},{"name":"box2D1","coordinate_system":"CAM_LEFT","val":[756.0849999999999,177.66,28.59,30.56]},{"name":"box2D2","coordinate_system":"CAM_LEFT","val":[621.955,188.305,25.91,16.37]},{"name":"box2D3","coordinate_system":"CAM_LEFT","val":[1153.25,171.32999999999998,47.9,32.28]}],"cuboid":[{"name":"box3D","coordinate_system":"CAM_LEFT","val":[-10.0,499.0,-1.0,0,-1.0,0,-1000.0,-1000.0,-1000.0]}],"num":[{"name":"truncated","val":-1.0},{"name":"occluded","val":-1},{"name":"alpha","val":-10.0}]}},"1":{"object_data":{"bbox":[{"name":"box2D","coordinate_system":"CAM_LEFT","val":[720.46,185.59,17.68,13.86]}],"cuboid":[{"name":"box3D","coordinate_system":"CAM_LEFT","val":[11.86,1.34,77.37,0,-1.35,0,4.21,1.43,1.59]}],"num":[{"name":"truncated","val":0.0},{"name":"occluded","val":0},{"name":"alpha","val":-1.