{"vcd":{"metadata":{"schema_version":"4.3.1"},"coordinate_systems":{"odom":{"type":"scene_cs","parent":"","pose_wrt_parent":[],"children":["vehicle-iso8855"]},"vehicle-iso8855":{"type":"local_cs","parent":"odom","pose_wrt_parent":[],"children":["VELO_TOP","IMU"]},"VELO_TOP":{"type":"sensor_cs","parent":"vehicle-iso8855","pose_wrt_parent":[1.0,0.0,0.0,0.76,0.0,1.0,0.0,0.0,0.0,0.0,1.0,1.73,0.0,0.0,0.0,1.0],"children":["CAM_LEFT","CAM_RIGHT"]},"IMU":{"type":"sensor_cs","parent":"vehicle-iso8855","pose_wrt_parent":[1.0,0.0,0.0,-0.05,0.0,1.0,0.0,0.32,0.0,0.0,1.0,0.93,0.0,0.0,0.0,1.0],"children":[]},"CAM_LEFT":{"type":"sensor_cs","parent":"VELO_TOP","pose_wrt_parent":[0.00023477336244722357,0.010449405831956193,0.9999453632367953,0.2729034268115415,-0.9999442001630205,0.010565354842876283,0.00012436569234822658,-0.001969265862949749,-0.010563477335159157,-0.9998895968819285,0.0104513045568421,-0.07228590051542844,0.0,0.0,0.0,1.0],"children":[]},"CAM_RIGHT":{"type":"sensor_cs","parent":"VELO_TOP","pose_wrt_parent":[0.00023477336244722357,0.010449405831956193,0.9999453632367953,0.2729034268115415,-0.9999442001630205,0.010565354842876283,0.00012436569234822658,-0.001969265862949749,-0.010563477335159157,-0.9998895968819285,0.0104513045568421,-0.07228590051542844,0.0,0.0,0.0,1.0],"children":[]}},"frames":{"0":{"frame_properties":{"transforms":{"vehicle-iso8855_to_odom":{"src":"vehicle-iso8855","dst":"odom","transform_src_to_dst_4x4":[1.0000000000000002,-2.8682138541935503e-17,3.504182034464891e-18,1.3368909696154184e-26,-9.138164306813541e-19,1.0,-1.5124427059401808e-18,-4.656612873077393e-10,1.8712885106444338e-18,-1.6149436999918647e-18,1.0,3.637978807091714e-12,0.0,0.0,0.0,1.0]}}},"objects":{"-1":{"object_data":{"bbox":[{"name":"box2D0","coordinate_system":"CAM_LEFT","val":[499.235,180.725,241.59,27.17]},{"name":"box2D1","coordinate_system":"CAM_LEFT","val":[730.175,189.45499999999998,103.83,46.57]},{"name":"box2D2","coordinate_system":"CAM_LEFT","val":[649.15,172.475,38.8,20.37]}],"cuboid":[{"name":"box3D","coordinate_system":"CAM_LEFT","val":[-10.0,499.0,-1.0,0,-1.0,0,-1000.0,-1000.0,-1000.0]}],"num":[{"name":"truncated","val":-1.0},{"name":"occluded","val":-1},{"name":"alpha","val":-10.0}]}},"0":{"object_data":{"bbox":[{"name":"box2D","coordinate_system":"CAM_LEFT","val":[1055.56,290.295,370.88,167.41]}],"cuboid":[{"name":"box3D","coordinate_system":"CAM_LEFT","val":[3.32,0.96,5.45,0,-1.52,0,3.95,1.27,1.53]}],"num":[{"name":"truncated","val":1.0},{"name":"occluded","val":0},{"name":"alpha","val":-2.04}]}},"-2":{}}},"1":{"frame_properties":{"transforms":{"vehicle-iso8855_to_odom":{"src":"vehicle-iso8855","dst":"odom","transform_src_to_dst_4x4":[0.999991205665809,0.004080297719013943,-0.0009694130007264214,0.6842346176784718,-0.004081859226962112,0.9999903661904397,-0.001614295995623128,-0.00289592546171359,0.0009628168533174364,0.0016182388063664074,0.9999982271418648,0.004526427598200007,0.0,0.0,0.0,1.0]}}},"objects":{"-1":{"object_data":{"bbox":[{"name":"box2D0","coordinate_system":"CAM_LEFT","val":[499.235,180.725,241.59,27.17]},{"name":"box2D1","coordinate_system":"CAM_LEFT","val":[730.175,189.45499999999998,103.83,46.57]},{"name":"box2D2","coordinate_system":"CAM_LEFT","val":[644.785,172.95999999999998,39.77,21.34]}],"cuboid":[{"name":"box3D","coordinate_system":"CAM_LEFT","val":[-10.0,499.0,-1.0,0,-1.0,0,-1000.0,-1000.0,-1000.0]}],"num":[{"name":"truncated","val":-1.0},{"name":"occluded","val":-1},{"name":"alpha","val":-10.0}]}},"0":{"object_data":{"bbox":[{"name":"box2D","coordinate_system":"CAM_LEFT","val":[1067.0149999999999,292.095,347.97,163.81]}],"cuboid":[{"name":"box3D","coordinate_system":"CAM_LEFT","val":[3.28,0.96,4.72,0,-1.52,0,3.95,1.27,1.53]}],"num":[{"name":"truncated","val":1.0},{"name":"occluded","val":0},{"name":"alpha","val":-2.1}]}},"-2":{}}},"2":{"frame_properties":{"transforms":{"vehicle-iso8855_to_odom":{"src":"vehicle-iso8855","dst":"odom","transform_src_to_dst_4x4":[0.9999695742471048,0.007714771009003485,-0.0011545078357115526,1.3665799517240542,-0.007717741866335837,0.999966860198062,-0.0025913251656827707,-0.006635221803452138,0.0011344780952874378,0.002600156516122288,0.9999959760646755,0.010579213360746156,0.0,0.0,0.0,1.0]}}},"objects":{"-1":{"object_data":{"bbox":[{"name":"box2D0","coordinate_system":"CAM_LEFT","val":[499.235,180.725,241.59,27.17]},{"name":"box2D1","coordinate_system":"CAM_LEFT","val":[730.175,189.45499999999998,103.83,46.57]},{"name":"box2D2","coordinate_system":"CAM_LEFT","val":[643.8199999999999,172.95999999999998,37.84,23.28]}],"cuboid":[{"name":"box3D","coordinate_system":"CAM_LEFT","val":[-10.0,499.0,-1.0,0,-1.0,0,-1000.0,-1000.0,-1000.0]}],"num":[{"name":"truncated","val":-1.0},{"name":"occluded","val":-1},{"name":"alpha","val":-10.0}]}},"0":{"object_data":{"bbox":[{"name":"box2D","coordinate_system":"CAM_LEFT","val":[1081.665,294.23,318.65,159.54]}],"cuboid":[{"name":"box3D","coordinate_system":"CAM_LEFT","val":[3.27,0.96,4.01,0,-1.53,0,3.95,1.27,1.53]}],"num":[{"name":"truncated","val":1.0},{"name":"occluded","val":0},{"name":"alpha","val":-2.18}]}},"-2":{}}},"3":{"frame_properties":{"transforms":{"vehicle-iso8855_to_odom":{"src":"vehicle-iso8855","dst":"odom","transform_src_to_dst_4x4":[0.9999359176015572,0.011318266273022955,-0.00023987268424939385,2.119281955393429,-0.011319072758844232,0.9999291632891668,-0.003680624363710584,-0.01709745995772588,0.00019819740585797898,0.0036831036368394714,0.9999931977095586,0.017465530019068438,0.0,0.0,0.0,1.0]}}},"objects":{"-1":{"object_data":{"bbox":[{"name":"box2D0","coordinate_system":"CAM_LEFT","val":[499.235,180.725,241.59,27.17]},{"name":"box2D1","coordinate_system":"CAM_LEFT","val":[730.175,189.45499999999998,103.83,46.57]},{"name":"box2D2","coordinate_system":"CAM_LEFT","val":[643.8199999999999,172.95999999999998,37.84,23.28]}],"cuboid":[{"name":"box3D","coordinate_system":"CAM_LEFT","val":[-10.0,499.0,-1.0,0,-1.0,0,-1000.0,-1000.0,-1000.0]}],"num":[{"name":"truncated","val":-1.0},{"name":"occluded","val":-1},{"name":"alpha","val":-10.0}]}},"0":{"object_data":{"bbox":[{"name":"box2D","coordinate_system":"CAM_LEFT","val":[1100.22,296.925,281.54,154.15]}],"cuboid":[{"name":"box3D","coordinate_system":"CAM_LEFT","val":[3.25,0.96,3.32,0,-1.54,0,3.95,1.27,1.53]}],"num":[{"name":"truncated","val":1.0},{"name":"occluded","val":0},{"name":"alpha","val":-2.27}]}},"-2":{}}},"4":{"frame_properties":{"transforms":{"vehicle-iso8855_to_odom":{"src":"vehicle-iso8855","dst":"odom","transform_src_to_dst_4x4":[0.9998905234465038,0.014782052067345022,0.0006573116119513982,2.801172044055339,-0.014780447784996533,0.9998879259600785,-0.002381991294689717,-0.02534909482883911,-0.0006924486637256184,0.002372015162533391,0.9999969470247979,0.027674826026196885,0.0,0.0,0.0,1.0]}}},"objects":{"-1":{"object_data":{"bbox":[{"name":"box2D0","coordinate_system":"CAM_LEFT","val":[499.235,180.725,241.59,27.17]},{"name":"box2D1","coordinate_system":"CAM_LEFT","val":[643.8199999999999,172.95999999999998,37.84,23.28]},{"name":"box2D2","coordinate_system":"CAM_LEFT","val":[732.11,187.03,113.52,57.24]}],"cuboid":[{"name":"box3D","coordinate_system":"CAM_LEFT","val":[-10.0,499.0,-1.0,0,-1.0,0,-1000.0,-1000.0,-1000.0]}],"num":[{"name":"truncated","val":-1.0},{"name":"occluded","val":-1},{"name":"alpha","val":-10.0}]}},"0":{"object_data":{"bbox":[{"name":"box2D","coordinate_system":"CAM_LEFT","val":[1124.47,300.48,233.04,147.04]}],"cuboid":[{"name":"box3D","coordinate_system":"CAM_LEFT","val":[3.24,0.96,2.62,0,-1.55,0,3.95,1.27,1.53]}],"num":[{"name":"truncated","val":1.0},{"name":"occluded","val":0},{"name":"alpha","val":-2.39}]}},"-2":{}}},"5":{"frame_properties":{"transforms":{"vehicle-iso8855_to_odom":{"src":"vehicle-iso8855","dst":"odom","transform_src_to_dst_4x4":[0.9998302590903541,0.018419812047831368,0.0004043902052680307,3.551323941852401,-0.01841873866110848,0.9998271987789441,-0.0025144876186502844,-0.04031497981640105,-0.00045063671547890835,0.00250661244972665,0.99999675690503,0.03196059812513242,0.0,0.0,0.0,1.0]}}},"objects":{"-1":{"object_data":{"bbox":[{"name":"box2D0","coordinate_system":"CAM_LEFT","val":[711.74,179.26999999999998,74.72,41.72]},{"name":"box2D1","coordinate_system":"CAM_LEFT","val":[637.51,174.415,42.7,24.25]},{"name":"box2D2","coordinate_system":"CAM_LEFT","val":[488.07500000000005,179.26999999999998,246.45,28.14]}],"cuboid":[{"name":"box3D","coordinate_system":"CAM_LEFT","val":[-10.0,499.0,-1.0,0,-1.0,0,-1000.0,-1000.0,-1000.0]}],"num":[{"name":"truncated","val":-1.0},{"name":"occluded","val":-1},{"name":"alpha","val":-10.0}]}},"0":{"object_data":{"bbox":[{"name":"box2D","coordinate_system":"CAM_LEFT","val":[1157.505,305.77,166.99,136.44]}],"cuboid":[{"name":"box3D","coordinate_system":"CAM_LEFT","val":[3.22,0.96,1.91,0,-1.56,0,3.95,1.27,1.53]}],"num":[{"name":"truncated","val":2.0},{"name":"occluded","val":0},{"name":"alpha","val":-2.53}]}},"1":{"object_data":{"bbox":[{"name":"box2D","coordinate_system":"CAM_LEFT","val":[760.6999999999999,189.965,21.12,48.31]}],"cuboid":[{"name":"box3D","coordinate_system":"CAM_LEFT","val":[5.55,0.63,26.79,0,1.57,0,0.82,1.76,0.57]}],"num":[{"name":"truncated","val":0.0},{"name":"occluded","val":0},{"name":"alpha","val":1.36}]}},"2":{"object_data":{"bbox":[{"name":"box2D","coordinate_system":"CAM_LEFT","val":[780.66,191.395,18.02,46.19]}],"cuboid":[{"name":"box3D","coordinate_system":"CAM_LEFT","val":[6.19,0.67,26.35,0,1.59,0,0.59,1.66,0.5]}],"num":[{"name":"truncated","val":0.0},{"name":"occluded","val":0},{"name":"alpha","val":1.37}]}},"-2":{}}},"6":{"frame_properties":{"transforms":{"vehicle-iso8855_to_odom":{"src":"vehicle-iso8855","dst":"odom","transform_src_to_dst_4x4":[0.9997723020297744,0.021314870373921217,0.0010101460433338363,4.242919020741766,-0.021311791072256205,0.999768475617309,-0.002966938343609855,-0.07054370749173243,-0.0010731520760961799,0.002944734756343225,0.9999950884288563,0.06241753763411571,0.0,0.0,0.0,1.0]}}},"objects":{"-1":{"object_data":{"bbox":[{"name":"box2D0","coordinate_system":"CAM_LEFT","val":[711.13,181.87,84.26,44.32]},{"name":"box2D1","coordinate_system":"CAM_LEFT","val":[481.73499999999996,181.615,252.41,35.53]},{"name":"box2D2","coordinate_system":"CAM_LEFT","val":[637.0200000000001,171.01999999999998,35.9,25.22]}],"cuboid":[{"name":"box3D","coordinate_system":"CAM_LEFT","val":[-10.0,499.0,-1.0,0,-1.0,0,-1000.0,-1000.0,-1000.0]}],"num":[{"name":"truncated","val":-1.0},{"name":"occluded","val":-1},{"name":"alpha","val":-10.0}]}},"0":{"object_data":{"bbox":[{"name":"box2D","coordinate_system":"CAM_LEFT","val":[1205.1299999999999,313.46500000000003,71.74,121.07]}],"cuboid":[{"name":"box3D","coordinate_system":"CAM_LEFT","val":[3.2,0.96,1.21,0,-1.57,0,3.95,1.27,1.53]}],"num":[{"name":"truncated","val":2.0},{"name":"occluded","val":0},{"name":"alpha","val":-2.7}]}},"1":{"object_data":{"bbox":[{"name":"box2D","coordinate_system":"CAM_LEFT","val":[764.685,190.095,18.33,49.87]}],"cuboid":[{"name":"box3D","coordinate_system":"CAM_LEFT","val":[5.49,0.61,25.97,0,1.57,0,0.82,1.76,0.57]}],"num":[{"name":"truncated","val":0.0},{"name":"occluded","val":0},{"name":"alpha","val":1.36}]}},"2":{"object_data":{"bbox":[{"name":"box2D","coordinate_system":"CAM_LEFT","val":[780.395,191.39,11.33,47.72]}],"cuboid":[{"name":"box3D","coordinate_system":"CAM_LEFT","val":[6.13,0.65,25.52,0,1.58,0,0.59,1.66,0.5]}],"num":[{"name":"truncated","val":0.0},{"name":"occluded","val":0},{"name":"alpha","val":1.35}]}},"-2":{}}},"7":{"frame_properties":{"transforms":{"vehicle-iso8855_to_odom":{"src":"vehicle-iso8855","dst":"odom","transform_src_to_dst_4x4":[0.9996978185991661,0.024578578776973954,0.0004061445228436154,4.930129760857087,-0.024576320679028714,0.999686174719268,-0.004853507704583563,-0.10042652975715705,-0.0005253093858864656,0.004842059526790991,0.9999881391844543,0.08023625770268443,0.0,0.0,0.0,1.0]}}},"objects":{"-1":{"object_data":{"bbox":[{"name":"box2D0","coordinate_system":"CAM_LEFT","val":[709.76,182.26999999999998,84.9,44.84]},{"name":"box2D1","coordinate_system":"CAM_LEFT","val":[476.87,182.61499999999998,256.74,35.65]},{"name":"box2D2","coordinate_system":"CAM_LEFT","val":[634.595,171.99,44.63,23.28]}],"cuboid":[{"name":"box3D","coordinate_system":"CAM_LEFT","val":[-10.0,499.0,-1.0,0,-1.0,0,-1000.0,-1000.0,-1000.0]}],"num":[{"name":"truncated","val":-1.0},{"name":"occluded","val":-1},{"name":"alpha","val":-10.0}]}},"1":{"object_data":{"bbox":[{"name":"box2D","coordinate_system":"CAM_LEFT","val":[767.83,190.24,19.18,51.54]}],"cuboid":[{"name":"box3D","coordinate_system":"CAM_LEFT","val":[5.44,0.6,25.14,0,1.57,0,0.82,1.76,0.57]}],"num":[{"name":"truncated","val":0.0},{"name":"occluded","val":0},{"name":"alpha","val":1.36}]}},"2":{"object_data":{"bbox":[{"name":"box2D","coordinate_system":"CAM_LEFT","val":[787.1999999999999,191.38500000000002,14.1,49.35]}],"cuboid":[{"name":"box3D","coordinate_system":"CAM_LEFT","val":[6.08,0.63,24.69,0,1.57,0,0.59,1.66,0.5]}],"num":[{"name":"truncated","val":0.0},{"name":"occluded","val":0},{"name":"alpha","val":1.33}]}},"-2":{}}},"8":{"frame_properties":{"transforms":{"vehicle-iso8855_to_odom":{"src":"vehicle-iso8855","dst":"odom","transform_src_to_dst_4x4":[0.9996241877943058,0.027403332797469093,0.0007352062062999707,5.615723568431065,-0.027399025800449704,0.9996103180501261,-0.005339047940650064,-0.13213590376218107,-0.0008812274172512143,0.005316897527452121,0.9999854769140006,0.09957197694717536,0.0,0.0,0.0,1.0]}}},"objects":{"-1":{"object_data":{"bbox":[{"name":"box2D0","coordinate_system":"CAM_LEFT","val":[708.73,182.585,85.62,46.07]},{"name":"box2D1","coordinate_system":"CAM_LEFT","val":[472.24,182.805,261.12,36.13]},{"name":"box2D2","coordinate_system":"CAM_LEFT","val":[629.745,171.01999999999998,42.69,21.34]}],"cuboid":[{"name":"box3D","coordinate_system":"CAM_LEFT","val":[-10.0,499.0,-1.0,0,-1.0,0,-1000.0,-1000.0,-1000.0]}],"num":[{"name":"truncated","val":-1.0},{"name":"occluded","val":-1},{"name":"alpha","val":-10.0}]}},"1":{"object_data":{"bbox":[{"name":"box2D","coordinate_system":"CAM_LEFT","val":[770.805,190.385,19.33,53.31]}],"cuboid":[{"name":"box3D","coordinate_system":"CAM_LEFT","val":[5.38,0.57,24.32,0,1.57,0,0.82,1.76,0.57]}],"num":[{"name":"truncated","val":0.0},{"name":"occluded","val":0},{"name":"alpha","val":1.35}]}},"2":{"object_data":{"bbox":[{"name":"box2D","coordinate_system":"CAM_LEFT","val":[793.8449999999999,191.38,16.33,51.08]}],"cuboid":[{"name":"box3D","coordinate_system":"CAM_LEFT","val":[6.02,0.61,23.86,0,1.56,0,0.59,1.66,0.5]}],"num":[{"name":"truncated","val":0.0},{"name":"occluded","val":0},{"name":"alpha","val":1.32}]}},"-2":{}}},"9":{"frame_properties":{"transforms":{"vehicle-iso8855_to_odom":{"src":"vehicle-iso8855","dst":"odom","transform_src_to_dst_4x4":[0.9995513452220947,0.0298482143231439,0.002488446587875495,6.36944498383364,-0.029828079763978475,0.9995248455881816,-0.007769730337379458,-0.17084627056238152,-0.0027191767678438196,0.007692018827429004,0.9999667189082162,0.12356378557630307,0.0,0.0,0.0,1.0]}}},"objects":{"-1":{"object_data":{"bbox":[{"name":"box2D0","coordinate_system":"CAM_LEFT","val":[708.06,181.855,86.38,47.89]},{"name":"box2D1","coordinate_system":"CAM_LEFT","val":[467.495,182.275,266.15,36.17]},{"name":"box2D2","coordinate_system":"CAM_LEFT","val":[629.745,172.47500000000002,40.75,32.03]}],"cuboid":[{"name":"box3D","coordinate_system":"CAM_LEFT","val":[-10.0,499.0,-1.0,0,-1.0,0,-1000.0,-1000.0,-1000.0]}],"num":[{"name":"truncated","val":-1.0},{"name":"occluded","val":-1},{"name":"alpha","val":-10.0}]}},"1":{"object_data":{"bbox":[{"name":"box2D","coordinate_system":"CAM_LEFT","val":[775.11,190.55,20.06,55.22]}],"cuboid":[{"name":"box3D","coordinate_system":"CAM_LEFT","val":[5.32,0.56,23.49,0,1.57,0,0.82,1.76,0.57]}],"num":[{"name":"truncated","val":0.0},{"name":"occluded","val":0},{"name":"alpha","val":1.35}]}},"2":{"object_data":{"bbox":[{"name":"box2D","coordinate_system":"CAM_LEFT","val":[798.865,191.375,18.41,52.95]}],"cuboid":[{"name":"box3D","coordinate_system":"CAM_LEFT","val":[5.96,0.57,23.03,0,1.55,0,0.59,1.66,0.5]}],"num":[{"name":"truncated","val":0.0},{"name":"occluded","val":0},{"name":"alpha","val":1.3}]}},"-2":{}}},"10":{"frame_properties":{"transforms":{"vehicle-iso8855_to_odom":{"src":"vehicle-iso8855","dst":"odom","transform_src_to_dst_4x4":[0.9994951539102228,0.03165141444786947,0.002761389764114058,7.051872640083571,-0.031624596035249516,0.9994568475088996,-0.009267949782949526,-0.2054968268895056,-0.0030532336280469537,0.009175943058955367,0.9999532388233918,0.13684184168019622,0.0,0.0,0.0,1.0]}}},"objects":{"-1":{"object_data":{"bbox":[{"name":"box2D0","coordinate_system":"CAM_LEFT","val":[707.8050000000001,181.51,87.13,48.2]},{"name":"box2D1","coordinate_system":"CAM_LEFT","val":[463.43500000000006,182.57,270.79,36.4]},{"name":"box2D2","coordinate_system":"CAM_LEFT","val":[626.835,170.525,40.75,30.07]}],"cuboid":[{"name":"box3D","coordinate_system":"CAM_LEFT","val":[-10.0,499.0,-1.0,0,-1.0,0,-1000.0,-1000.0,-1000.0]}],"num":[{"name":"truncated","val":-1.0},{"name":"occluded","val":-1},{"name":"alpha","val":-10.0}]}},"1":{"object_data":{"bbox":[{"name":"box2D","coordinate_system":"CAM_LEFT","val":[778.94,190.715,20.0,57.27]}],"cuboid":[{"name":"box3D","coordinate_system":"CAM_LEFT","val":[5.26,0.54,22.66,0,1.57,0,0.82,1.76,0.57]}],"num":[{"name":"truncated","val":0.0},{"name":"occluded","val":0},{"name":"alpha","val":1.34}]}},"2":{"object_data":{"bbox":[{"name":"box2D","coordinate_system":"CAM_LEFT","val":[803.755,191.36999999999998,19.67,54.96]}],"cuboid":[{"name":"box3D","coordinate_system":"CAM_LEFT","val":[5.9,0.55,22.2,0,1.54,0,0.59,1.66,0.5]}],"num":[{"name":"truncated","val":0.0},{"name":"occluded","val":0},{"name":"alpha","val":1.28}]}},"-2":{}}},"11":{"frame_properties":{"transforms":{"vehicle-iso8855_to_odom":{"src":"vehicle-iso8855","dst":"odom","transform_src_to_dst_4x4":[0.9994732340955004,0.03228896695865364,0.0032675586335839117,7.734318836550842,-0.03225390590973069,0.9994269705806135,-0.010267230864462061,-0.24204923811406048,-0.003597204504496773,0.010156430908586884,0.9999419518306807,0.15280520331455313,0.0,0.0,0.0,1.0]}}},"objects":{"-1":{"object_data":{"bbox":[{"name":"box2D0","coordinate_system":"CAM_LEFT","val":[708.86,181.495,88.78,49.31]},{"name":"box2D1","coordinate_system":"CAM_LEFT","val":[460.17499999999995,182.70499999999998,275.45,36.77]},{"name":"box2D2","coordinate_system":"CAM_LEFT","val":[625.86,169.555,38.8,28.13]}],"cuboid":[{"name":"box3D","coordinate_system":"CAM_LEFT","val":[-10.0,499.0,-1.0,0,-1.0,0,-1000.0,-1000.0,-1000.0]}],"num":[{"name":"truncated","val":-1.0},{"name":"occluded","val":-1},{"name":"alpha","val":-10.0}]}},"1":{"object_data":{"bbox":[{"name":"box2D","coordinate_system":"CAM_LEFT","val":[784.845,189.82500000000002,23.13,59.49]}],"cuboid":[{"name":"box3D","coordinate_system":"CAM_LEFT","val":[5.22,0.49,21.83,0,1.57,0,0.82,1.76,0.57]}],"num":[{"name":"truncated","val":0.0},{"name":"occluded","val":0},{"name":"alpha","val":1.33}]}},"2":{"object_data":{"bbox":[{"name":"box2D","coordinate_system":"CAM_LEFT","val":[810.86,191.98,20.3,57.12]}],"cuboid":[{"name":"box3D","coordinate_system":"CAM_LEFT","val":[5.89,0.55,21.37,0,1.54,0,0.59,1.66,0.5]}],"num":[{"name":"truncated","val":0.0},{"name":"occluded","val":0},{"name":"alpha","val":1.27}]}},"-2":{}}},"12":{"frame_properties":{"transforms":{"vehicle-iso8855_to_odom":{"src":"vehicle-iso8855","dst":"odom","transform_src_to_dst_4x4":[0.9994668128011908,0.032458946039955215,0.003536513962228204,8.48396621440863,-0.03242872111214081,0.9994396480063187,-0.008292649759674274,-0.28018845054177394,-0.00380370294065629,0.008173543599987907,0.9999593616887429,0.1633992789660052,0.0,0.0,0.0,1.0]}}},"objects":{"-1":{"object_data":{"bbox":[{"name":"box2D0","coordinate_system":"CAM_LEFT","val":[710.79,181.955,91.26,50.19]},{"name":"box2D1","coordinate_system":"CAM_LEFT","val":[456.97,182.585,280.56,38.05]},{"name":"box2D2","coordinate_system":"CAM_LEFT","val":[630.225,169.07000000000002,43.65,27.16]}],"cuboid":[{"name":"box3D","coordinate_system":"CAM_LEFT","val":[-10.0,499.0,-1.0,0,-1.0,0,-1000.0,-1000.0,-1000.0]}],"num":[{"name":"truncated","val":-1.0},{"name":"occluded","val":-1},{"name":"alpha","val":-10.0}]}},"1":{"object_data":{"bbox":[{"name":"box2D","coordinate_system":"CAM_LEFT","val":[791.9699999999999,191.045,25.34,61.89]}],"cuboid":[{"name":"box3D","coordinate_system":"CAM_LEFT","val":[5.24,0.51,21.0,0,1.57,0,0.82,1.76,0.57]}],"num":[{"name":"truncated","val":0.0},{"name":"occluded","val":0},{"name":"alpha","val":1.33}]}},"2":{"object_data":{"bbox":[{"name":"box2D","coordinate_system":"CAM_LEFT","val":[817.89,192.635,20.0,59.45]}],"cuboid":[{"name":"box3D","coordinate_system":"CAM_LEFT","val":[5.89,0.55,20.55,0,1.54,0,0.59,1.66,0.5]}],"num":[{"name":"truncated","val":0.0},{"name":"occluded","val":0},{"name":"alpha","val":1.26}]}},"4":{"object_data":{"bbox":[{"name":"box2D","coordinate_system":"CAM_LEFT","val":[210.34,194.095,18.0,57.39]}],"cuboid":[{"name":"box3D","coordinate_system":"CAM_LEFT","val":[-13.6,0.71,24.43,0,2.4,0,0.73,1.9,0.56]}],"num":[{"name":"truncated","val":0.0},{"name":"occluded","val":0},{"name":"alpha","val":2.91}]}},"-2":{}}},"13":{"frame_properties":{"transforms":{"vehicle-iso8855_to_odom":{"src":"vehicle-iso8855","dst":"odom","transform_src_to_dst_4x4":[0.9994635051330072,0.032667251226063385,0.002356396523650965,9.171982365371427,-0.032650084053282506,0.9994424077464132,-0.006988963397061488,-0.31261849125671376,-0.0025833928383045637,0.006908277309513293,0.9999728005231229,0.17561198391824204,0.0,0.0,0.0,1.0]}}},"objects":{"-1":{"object_data":{"bbox":[{"name":"box2D0","coordinate_system":"CAM_LEFT","val":[712.6650000000001,183.24,93.67,50.76]},{"name":"box2D1","coordinate_system":"CAM_LEFT","val":[453.92499999999995,183.66,285.45,39.12]},{"name":"box2D2","coordinate_system":"CAM_LEFT","val":[628.29,170.05,45.6,25.22]}],"cuboid":[{"name":"box3D","coordinate_system":"CAM_LEFT","val":[-10.0,499.0,-1.0,0,-1.0,0,-1000.0,-1000.0,-1000.0]}],"num":[{"name":"truncated","val":-1.0},{"name":"occluded","val":-1},{"name":"alpha","val":-10.0}]}},"1":{"object_data":{"bbox":[{"name":"box2D","coordinate_system":"CAM_LEFT","val":[799.675,193.385,27.33,64.49]}],"cuboid":[{"name":"box3D","coordinate_system":"CAM_LEFT","val":[5.23,0.55,20.17,0,1.57,0,0.82,1.76,0.57]}],"num":[{"name":"truncated","val":0.0},{"name":"occluded","val":0},{"name":"alpha","val":1.32}]}},"2":{"object_data":{"bbox":[{"name":"box2D","coordinate_system":"CAM_LEFT","val":[827.425,194.16,21.53,61.98]}],"cuboid":[{"name":"box3D","coordinate_system":"CAM_LEFT","val":[5.88,0.56,19.72,0,1.54,0,0.59,1.66,0.5]}],"num":[{"name":"truncated","val":0.0},{"name":"occluded","val":0},{"name":"alpha","val":1.25}]}},"4":{"object_data":{"bbox":[{"name":"box2D","coordinate_system":"CAM_LEFT","val":[197.14999999999998,196.20499999999998,20.4,58.97]}],"cuboid":[{"name":"box3D","coordinate_system":"CAM_LEFT","val":[-13.68,0.76,23.79,0,2.41,0,0.73,1.9,0.56]}],"num":[{"name":"truncated","val":0.0},{"name":"occluded","val":0},{"name":"alpha","val":2.93}]}},"-2":{}}},"14":{"frame_properties":{"transforms":{"vehicle-iso8855_to_odom":{"src":"vehicle-iso8855","dst":"odom","transform_src_to_dst_4x4":[0.9994979873748177,0.03168237985836097,-6.340255836399608e-06,9.859036491030034,-0.031681677067957006,0.9994744425837145,-0.006863669582273178,-0.34537233408067647,-0.00021112046325992833,0.006860424803425728,0.9999764447224075,0.18006072028298506,0.0,0.0,0.0,1.0]}}},"objects":{"-1":{"object_data":{"bbox":[{"name":"box2D0","coordinate_system":"CAM_LEFT","val":[715.565,185.145,96.25,51.43]},{"name":"box2D1","coordinate_system":"CAM_LEFT","val":[451.715,185.63,290.39,39.86]},{"name":"box2D2","coordinate_system":"CAM_LEFT","val":[628.29,170.05,45.6,25.22]}],"cuboid":[{"name":"box3D","coordinate_system":"CAM_LEFT","val":[-10.0,499.0,-1.0,0,-1.0,0,-1000.0,-1000.0,-1000.0]}],"num":[{"name":"truncated","val":-1.0},{"name":"occluded","val":-1},{"name":"alpha","val":-10.0}]}},"1":{"object_data":{"bbox":[{"name":"box2D","coordinate_system":"CAM_LEFT","val":[806.77,195.92499999999998,28.0,67.33]}],"cuboid":[{"name":"box3D","coordinate_system":"CAM_LEFT","val":[5.23,0.61,19.34,0,1.57,0,0.82,1.76,0.57]}],"num":[{"name":"truncated","val":0.0},{"name":"occluded","val":0},{"name":"alpha","val":1.31}]}},"2":{"object_data":{"bbox":[{"name":"box2D","coordinate_system":"CAM_LEFT","val":[837.09,196.88,22.0,64.74]}],"cuboid":[{"name":"box3D","coordinate_system":"CAM_LEFT","val":[5.89,0.62,18.89,0,1.54,0,0.59,1.66,0.5]}],"num":[{"name":"truncated","val":0.0},{"name":"occluded","val":0},{"name":"alpha","val":1.24}]}},"4":{"object_data":{"bbox":[{"name":"box2D","coordinate_system":"CAM_LEFT","val":[182.935,198.445,22.33,60.65]}],"cuboid":[{"name":"box3D","coordinate_system":"CAM_LEFT","val":[-13.76,0.81,23.14,0,2.41,0,0.73,1.9,0.56]}],"num":[{"name":"truncated","val":0.0},{"name":"occluded","val":0},{"name":"alpha","val":2.95}]}},"-2":{}}},"15":{"frame_properties":{"transforms":{"vehicle-iso8855_to_odom":{"src":"vehicle-iso8855","dst":"odom","transform_src_to_dst_4x4":[0.9995341863778515,0.03029610843350197,-0.003681857649663423,10.616996141690851,-0.03032000608833649,0.9995183331482371,-0.0066180761081174435,-0.38033174882606846,0.003479582269487978,0.006726627264468038,0.9999713220852258,0.18335612158454254,0.0,0.0,0.0,1.0]}}},"objects":{"-1":{"object_data":{"bbox":[{"name":"box2D0","coordinate_system":"CAM_LEFT","val":[719.13,187.965,99.28,52.07]},{"name":"box2D1","coordinate_system":"CAM_LEFT","val":[449.445,188.57,295.99,40.74]},{"name":"box2D2","coordinate_system":"CAM_LEFT","val":[627.805,173.445,38.81,26.19]}],"cuboid":[{"name":"box3D","coordinate_system":"CAM_LEFT","val":[-10.0,499.0,-1.0,0,-1.0,0,-1000.0,-1000.0,-1000.0]}],"num":[{"name":"truncated","val":-1.0},{"name":"occluded","val":-1},{"name":"alpha","val":-10.0}]}},"1":{"object_data":{"bbox":[{"name":"box2D","coordinate_system":"CAM_LEFT","val":[816.505,199.02,31.67,70.44]}],"cuboid":[{"name":"box3D","coordinate_system":"CAM_LEFT","val":[5.26,0.66,18.5,0,1.57,0,0.82,1.76,0.57]}],"num":[{"name":"truncated","val":0.0},{"name":"occluded","val":0},{"name":"alpha","val":1.29}]}},"2":{"object_data":{"bbox":[{"name":"box2D","coordinate_system":"CAM_LEFT","val":[848.605,199.85,25.47,67.76]}],"cuboid":[{"name":"box3D","coordinate_system":"CAM_LEFT","val":[5.9,0.66,18.05,0,1.54,0,0.59,1.66,0.5]}],"num":[{"name":"truncated","val":0.0},{"name":"occluded","val":0},{"name":"alpha","val":1.23}]}},"4":{"object_data":{"bbox":[{"name":"box2D","coordinate_system":"CAM_LEFT","val":[168.01999999999998,200.81,23.22,62.42]}],"cuboid":[{"name":"box3D","coordinate_system":"CAM_LEFT","val":[-13.84,0.86,22.5,0,2.42,0,0.73,1.9,0.56]}],"num":[{"name":"truncated","val":0.0},{"name":"occluded","val":0},{"name":"alpha","val":2.96}]}},"-2":{}}},"16":{"frame_properties":{"transforms":{"vehicle-iso8855_to_odom":{"src":"vehicle-iso8855","dst":"odom","transform_src_to_dst_4x4":[0.9995508743434725,0.029391986050027474,-0.005844720287134657,11.306337032495218,-0.029416760994111977,0.9995584136123556,-0.004199041481874041,-0.41043254226297526,0.005718721169557551,0.004369088324375781,0.9999741033123799,0.18428342658380867,0.0,0.0,0.0,1.0]}}},"objects":{"-1":{"object_data":{"bbox":[{"name":"box2D0","coordinate_system":"CAM_LEFT","val":[722.25,190.605,102.2,53.83]},{"name":"box2D1","coordinate_system":"CAM_LEFT","val":[447.015,190.015,301.25,42.21]},{"name":"box2D2","coordinate_system":"CAM_LEFT","val":[631.1999999999999,177.32999999999998,47.56,26.2]}],"cuboid":[{"name":"box3D","coordinate_system":"CAM_LEFT","val":[-10.0,499.0,-1.0,0,-1.0,0,-1000.0,-1000.0,-1000.0]}],"num":[{"name":"truncated","val":-1.0},{"name":"occluded","val":-1},{"name":"alpha","val":-10.0}]}},"1":{"object_data":{"bbox":[{"name":"box2D","coordinate_system":"CAM_LEFT","val":[826.075,202.42000000000002,33.67,73.86]}],"cuboid":[{"name":"box3D","coordinate_system":"CAM_LEFT","val":[5.29,0.71,17.67,0,1.57,0,0.82,1.76,0.57]}],"num":[{"name":"truncated","val":0.0},{"name":"occluded","val":0},{"name":"alpha","val":1.28}]}},"2":{"object_data":{"bbox":[{"name":"box2D","coordinate_system":"CAM_LEFT","val":[861.63,203.615,27.66,71.05]}],"cuboid":[{"name":"box3D","coordinate_system":"CAM_LEFT","val":[5.96,0.72,17.23,0,1.54,0,0.59,1.66,0.5]}],"num":[{"name":"truncated","val":0.0},{"name":"occluded","val":0},{"name":"alpha","val":1.21}]}},"4":{"object_data":{"bbox":[{"name":"box2D","coordinate_system":"CAM_LEFT","val":[152.25,202.895,23.5,64.63]}],"cuboid":[{"name":"box3D","coordinate_system":"CAM_LEFT","val":[-13.83,0.89,21.74,0,2.42,0,0.73,1.9,0.56]}],"num":[{"name":"truncated","val":0.0},{"name":"occluded","val":0},{"name":"alpha","val":2.98}]}},"-2":{}}},"17":{"frame_properties":{"transforms":{"vehicle-iso8855_to_odom":{"src":"vehicle-iso8855","dst":"odom","transform_src_to_dst_4x4":[0.9995896750471891,0.028186238980078698,-0.005100732419201644,12.067612680079485,-0.028182061732294567,0.9996024115037327,0.0008889951854553491,-0.4403746777453827,0.005123761857418619,-0.0007448812526299738,0.9999865960183405,0.19318867258022665,0.0,0.0,0.0,1.0]}}},"objects":{"-1":{"object_data":{"bbox":[{"name":"box2D0","coordinate_system":"CAM_LEFT","val":[726.04,192.22,105.62,56.62]},{"name":"box2D1","coordinate_system":"CAM_LEFT","val":[444.46,189.065,307.14,44.63]},{"name":"box2D2","coordinate_system":"CAM_LEFT","val":[631.1999999999999,177.32999999999998,47.56,26.2]}],"cuboid":[{"name":"box3D","coordinate_system":"CAM_LEFT","val":[-10.0,499.0,-1.0,0,-1.0,0,-1000.0,-1000.0,-1000.0]}],"num":[{"name":"truncated","val":-1.0},{"name":"occluded","val":-1},{"name":"alpha","val":-10.0}]}},"1":{"object_data":{"bbox":[{"name":"box2D","coordinate_system":"CAM_LEFT","val":[840.435,203.785,33.29,77.63]}],"cuboid":[{"name":"box3D","coordinate_system":"CAM_LEFT","val":[5.31,0.7,16.82,0,1.57,0,0.82,1.76,0.57]}],"num":[{"name":"truncated","val":0.0},{"name":"occluded","val":0},{"name":"alpha","val":1.27}]}},"2":{"object_data":{"bbox":[{"name":"box2D","coordinate_system":"CAM_LEFT","val":[876.8399999999999,206.75,27.58,74.66]}],"cuboid":[{"name":"box3D","coordinate_system":"CAM_LEFT","val":[6.0,0.76,16.42,0,1.54,0,0.59,1.66,0.5]}],"num":[{"name":"truncated","val":0.0},{"name":"occluded","val":0},{"name":"alpha","val":1.2}]}},"4":{"object_data":{"bbox":[{"name":"box2D","coordinate_system":"CAM_LEFT","val":[136.54,200.88,25.64,66.94]}],"cuboid":[{"name":"box3D","coordinate_system":"CAM_LEFT","val":[-13.83,0.8,21.01,0,2.43,0,0.73,1.9,0.56]}],"num":[{"name":"truncated","val":0.0},{"name":"occluded","val":0},{"name":"alpha","val":3.0}]}},"-2":{}}},"18":{"frame_properties":{"transforms":{"vehicle-iso8855_to_odom":{"src":"vehicle-iso8855","dst":"odom","transform_src_to_dst_4x4":[0.9996108492053889,0.027746968872425597,-0.0028733028511051637,12.759785630789324,-0.027744901877952227,0.9996147496541601,0.0007567652433988456,-0.4689452515559427,0.002893193851840397,-0.0006767512419334931,0.9999955857088031,0.20605658967754967,0.0,0.0,0.0,1.0]}}},"objects":{"-1":{"object_data":{"bbox":[{"name":"box2D0","coordinate_system":"CAM_LEFT","val":[729.1450000000001,191.81,108.89,59.26]},{"name":"box2D1","coordinate_system":"CAM_LEFT","val":[441.405,187.815,313.07,45.49]},{"name":"box2D2","coordinate_system":"CAM_LEFT","val":[631.1999999999999,177.32999999999998,47.56,26.2]}],"cuboid":[{"name":"box3D","coordinate_system":"CAM_LEFT","val":[-10.0,499.0,-1.0,0,-1.0,0,-1000.0,-1000.0,-1000.0]}],"num":[{"name":"truncated","val":-1.0},{"name":"occluded","val":-1},{"name":"alpha","val":-10.0}]}},"1":{"object_data":{"bbox":[{"name":"box2D","coordinate_system":"CAM_LEFT","val":[854.745,205.29500000000002,30.67,81.79]}],"cuboid":[{"name":"box3D","coordinate_system":"CAM_LEFT","val":[5.34,0.7,15.99,0,1.57,0,0.82,1.76,0.57]}],"num":[{"name":"truncated","val":0.0},{"name":"occluded","val":0},{"name":"alpha","val":1.25}]}},"2":{"object_data":{"bbox":[{"name":"box2D","coordinate_system":"CAM_LEFT","val":[890.6500000000001,206.36,25.66,78.66]}],"cuboid":[{"name":"box3D","coordinate_system":"CAM_LEFT","val":[6.02,0.71,15.6,0,1.54,0,0.59,1.66,0.5]}],"num":[{"name":"truncated","val":0.0},{"name":"occluded","val":0},{"name":"alpha","val":1.18}]}},"4":{"object_data":{"bbox":[{"name":"box2D","coordinate_system":"CAM_LEFT","val":[116.94,200.22,27.0,67.92]}],"cuboid":[{"name":"box3D","coordinate_system":"CAM_LEFT","val":[-14.21,0.77,20.71,0,2.43,0,0.73,1.9,0.56]}],"num":[{"name":"truncated","val":0.0},{"name":"occluded","val":0},{"name":"alpha","val":3.03}]}},"-2":{}}},"19":{"frame_properties":{"transforms":{"vehicle-iso8855_to_odom":{"src":"vehicle-iso8855","dst":"odom","transform_src_to_dst_4x4":[0.9996441771545055,0.026673971470033902,0.00013537764719999436,13.45242138908012,-0.026673866422229763,0.999643925429489,-0.0007260867795299909,-0.500324461328381,-0.00015469706070435598,0.0007222173759880521,0.9999997272354031,0.21697808012354883,0.0,0.0,0.0,1.0]}}},"objects":{"-1":{"object_data":{"bbox":[{"name":"box2D0","coordinate_system":"CAM_LEFT","val":[732.855,190.23000000000002,112.39,61.28]},{"name":"box2D1","coordinate_system":"CAM_LEFT","val":[438.65999999999997,186.15,319.2,45.94]},{"name":"box2D2","coordinate_system":"CAM_LEFT","val":[631.1999999999999,177.32999999999998,47.56,26.2]}],"cuboid":[{"name":"box3D","coordinate_system":"CAM_LEFT","val":[-10.0,499.0,-1.0,0,-1.0,0,-1000.0,-1000.0,-1000.0]}],"num":[{"name":"truncated","val":-1.0},{"name":"occluded","val":-1},{"name":"alpha","val":-10.0}]}},"1":{"object_data":{"bbox":[{"name":"box2D","coordinate_system":"CAM_LEFT","val":[869.3299999999999,204.26500000000001,35.82,86.43]}],"cuboid":[{"name":"box3D","coordinate_system":"CAM_LEFT","val":[5.35,0.64,15.15,0,1.57,0,0.82,1.76,0.57]}],"num":[{"name":"truncated","val":0.0},{"name":"occluded","val":0},{"name":"alpha","val":1.23}]}},"2":{"object_data":{"bbox":[{"name":"box2D","coordinate_system":"CAM_LEFT","val":[911.36,205.14999999999998,28.44,83.1]}],"cuboid":[{"name":"box3D","coordinate_system":"CAM_LEFT","val":[6.04,0.65,14.78,0,1.55,0,0.59,1.66,0.5]}],"num":[{"name":"truncated","val":0.0},{"name":"occluded","val":0},{"name":"alpha","val":1.17}]}},"4":{"object_data":{"bbox":[{"name":"box2D","coordinate_system":"CAM_LEFT","val":[97.77499999999999,199.285,27.85,70.55]}],"cuboid":[{"name":"box3D","coordinate_system":"CAM_LEFT","val":[-14.24,0.72,19.95,0,2.43,0,0.73,1.9,0.56]}],"num":[{"name":"truncated","val":0.0},{"name":"occluded","val":0},{"name":"alpha","val":3.05}]}},"-2":{}}},"20":{"frame_properties":{"transforms":{"vehicle-iso8855_to_odom":{"src":"vehicle-iso8855","dst":"odom","transform_src_to_dst_4x4":[0.9996364773774455,0.026414563247021076,0.005402216663609503,14.216407353181545,-0.026406578114729542,0.9996500928863455,-0.001544158214270985,-0.5322292489231628,-0.005441114654383679,0.0014009428215069968,0.9999842156906921,0.22855509238821323,0.0,0.0,0.0,1.0]}}},"objects":{"-1":{"object_data":{"bbox":[{"name":"box2D0","coordinate_system":"CAM_LEFT","val":[736.485,187.5,116.49,64.12]},{"name":"box2D1","coordinate_system":"CAM_LEFT","val":[434.765,182.74,326.37,46.74]},{"name":"box2D2","coordinate_system":"CAM_LEFT","val":[633.14,169.555,43.68,28.13]}],"cuboid":[{"name":"box3D","coordinate_system":"CAM_LEFT","val":[-10.0,499.0,-1.0,0,-1.0,0,-1000.0,-1000.0,-1000.0]}],"num":[{"name":"truncated","val":-1.0},{"name":"occluded","val":-1},{"name":"alpha","val":-10.0}]}},"1":{"object_data":{"bbox":[{"name":"box2D","coordinate_system":"CAM_LEFT","val":[883.4250000000001,203.115,38.67,91.63]}],"cuboid":[{"name":"box3D","coordinate_system":"CAM_LEFT","val":[5.37,0.57,14.32,0,1.57,0,0.82,1.76,0.57]}],"num":[{"name":"truncated","val":0.0},{"name":"occluded","val":0},{"name":"alpha","val":1.21}]}},"2":{"object_data":{"bbox":[{"name":"box2D","coordinate_system":"CAM_LEFT","val":[932.06,203.785,29.34,88.07]}],"cuboid":[{"name":"box3D","coordinate_system":"CAM_LEFT","val":[6.05,0.59,13.96,0,1.55,0,0.59,1.66,0.5]}],"num":[{"name":"truncated","val":0.0},{"name":"occluded","val":0},{"name":"alpha","val":1.15}]}},"4":{"object_data":{"bbox":[{"name":"box2D","coordinate_system":"CAM_LEFT","val":[76.05,198.275,27.66,73.39]}],"cuboid":[{"name":"box3D","coordinate_system":"CAM_LEFT","val":[-14.27,0.66,19.2,0,2.43,0,0.73,1.9,0.56]}],"num":[{"name":"truncated","val":0.0},{"name":"occluded","val":0},{"name":"alpha","val":3.06}]}},"-2":{}}},"21":{"frame_properties":{"transforms":{"vehicle-iso8855_to_odom":{"src":"vehicle-iso8855","dst":"odom","transform_src_to_dst_4x4":[0.9996100031905981,0.02707451520937107,0.006841940329305059,14.909261406883411,-0.02706010133703858,0.9996314082189937,-0.0021905747512725783,-0.5588420641527261,-0.00689872719575413,0.002004576835455855,0.9999741942844271,0.23677617297508133,0.0,0.0,0.0,1.0]}}},"objects":{"-1":{"object_data":{"bbox":[{"name":"box2D0","coordinate_system":"CAM_LEFT","val":[430.39,182.13000000000002,333.26,47.6]},{"name":"box2D1","coordinate_system":"CAM_LEFT","val":[633.14,169.555,43.68,28.13]},{"name":"box2D2","coordinate_system":"CAM_LEFT","val":[733.085,173.44,115.47,45.62]}],"cuboid":[{"name":"box3D","coordinate_system":"CAM_LEFT","val":[-10.0,499.0,-1.0,0,-1.0,0,-1000.0,-1000.0,-1000.0]}],"num":[{"name":"truncated","val":-1.0},{"name":"occluded","val":-1},{"name":"alpha","val":-10.0}]}},"1":{"object_data":{"bbox":[{"name":"box2D","coordinate_system":"CAM_LEFT","val":[902.5,201.815,40.66,97.49]}],"cuboid":[{"name":"box3D","coordinate_system":"CAM_LEFT","val":[5.38,0.51,13.48,0,1.57,0,0.82,1.76,0.57]}],"num":[{"name":"truncated","val":0.0},{"name":"occluded","val":0},{"name":"alpha","val":1.19}]}},"2":{"object_data":{"bbox":[{"name":"box2D","coordinate_system":"CAM_LEFT","val":[954.3850000000001,202.955,34.39,93.69]}],"cuboid":[{"name":"box3D","coordinate_system":"CAM_LEFT","val":[6.06,0.54,13.14,0,1.55,0,0.59,1.66,0.5]}],"num":[{"name":"truncated","val":0.0},{"name":"occluded","val":0},{"name":"alpha","val":1.13}]}},"4":{"object_data":{"bbox":[{"name":"box2D","coordinate_system":"CAM_LEFT","val":[51.839999999999996,197.185,30.66,76.47]}],"cuboid":[{"name":"box3D","coordinate_system":"CAM_LEFT","val":[-14.29,0.61,18.44,0,2.43,0,0.73,1.9,0.56]}],"num":[{"name":"truncated","val":0.0},{"name":"occluded","val":0},{"name":"alpha","val":3.08}]}},"-2":{}}},"22":{"frame_properties":{"transforms":{"vehicle-iso8855_to_odom":{"src":"vehicle-iso8855","dst":"odom","transform_src_to_dst_4x4":[0.9996242248901263,0.026882620683390854,0.005360384128698169,15.6702032963729,-0.026856947988006794,0.9996277381111068,-0.004805158024646841,-0.5920202146354885,-0.005487563902477554,0.004659388808121982,0.9999740880334606,0.24487564281707644,0.0,0.0,0.0,1.0]}}},"objects":{"-1":{"object_data":{"bbox":[{"name":"box2D0","coordinate_system":"CAM_LEFT","val":[426.06,184.075,341.06,47.89]},{"name":"box2D1","coordinate_system":"CAM_LEFT","val":[633.14,169.555,43.68,28.13]},{"name":"box2D2","coordinate_system":"CAM_LEFT","val":[737.53,176.335,114.46,44.51]}],"cuboid":[{"name":"box3D","coordinate_system":"CAM_LEFT","val":[-10.0,499.0,-1.0,0,-1.0,0,-1000.0,-1000.0,-1000.0]}],"num":[{"name":"truncated","val":-1.0},{"name":"occluded","val":-1},{"name":"alpha","val":-10.0}]}},"1":{"object_data":{"bbox":[{"name":"box2D","coordinate_system":"CAM_LEFT","val":[922.3449999999999,204.91500000000002,39.33,104.17]}],"cuboid":[{"name":"box3D","coordinate_system":"CAM_LEFT","val":[5.41,0.53,12.64,0,1.57,0,0.82,1.76,0.57]}],"num":[{"name":"truncated","val":0.0},{"name":"occluded","val":0},{"name":"alpha","val":1.17}]}},"2":{"object_data":{"bbox":[{"name":"box2D","coordinate_system":"CAM_LEFT","val":[977.57,208.47,37.0,100.32]}],"cuboid":[{"name":"box3D","coordinate_system":"CAM_LEFT","val":[6.06,0.59,12.29,0,1.55,0,0.59,1.66,0.5]}],"num":[{"name":"truncated","val":0.0},{"name":"occluded","val":0},{"name":"alpha","val":1.1}]}},"4":{"object_data":{"bbox":[{"name":"box2D","coordinate_system":"CAM_LEFT","val":[24.36,202.68