{"vcd":{"metadata":{"schema_version":"4.3.1"},"coordinate_systems":{"odom":{"type":"scene_cs","parent":"","pose_wrt_parent":[],"children":["vehicle-iso8855"]},"vehicle-iso8855":{"type":"local_cs","parent":"odom","pose_wrt_parent":[],"children":["VELO_TOP","IMU"]},"VELO_TOP":{"type":"sensor_cs","parent":"vehicle-iso8855","pose_wrt_parent":[1.0,0.0,0.0,0.76,0.0,1.0,0.0,0.0,0.0,0.0,1.0,1.73,0.0,0.0,0.0,1.0],"children":["CAM_LEFT","CAM_RIGHT"]},"IMU":{"type":"sensor_cs","parent":"vehicle-iso8855","pose_wrt_parent":[1.0,0.0,0.0,-0.05,0.0,1.0,0.0,0.32,0.0,0.0,1.0,0.93,0.0,0.0,0.0,1.0],"children":[]},"CAM_LEFT":{"type":"sensor_cs","parent":"VELO_TOP","pose_wrt_parent":[0.00023477336244722357,0.010449405831956193,0.9999453632367953,0.2729034268115415,-0.9999442001630205,0.010565354842876283,0.00012436569234822658,-0.001969265862949749,-0.010563477335159157,-0.9998895968819285,0.0104513045568421,-0.07228590051542844,0.0,0.0,0.0,1.0],"children":[]},"CAM_RIGHT":{"type":"sensor_cs","parent":"VELO_TOP","pose_wrt_parent":[0.00023477336244722357,0.010449405831956193,0.9999453632367953,0.2729034268115415,-0.9999442001630205,0.010565354842876283,0.00012436569234822658,-0.001969265862949749,-0.010563477335159157,-0.9998895968819285,0.0104513045568421,-0.07228590051542844,0.0,0.0,0.0,1.0],"children":[]}},"frames":{"0":{"frame_properties":{"transforms":{"vehicle-iso8855_to_odom":{"src":"vehicle-iso8855","dst":"odom","transform_src_to_dst_4x4":[1.0000000000000002,2.356920620334642e-17,1.0846674460488135e-18,-5.4876334507359236e-27,1.1351746428701754e-17,1.0,-5.650865478537021e-19,-2.3283064365386963e-10,-6.500560299279939e-19,8.551802184489574e-20,1.0,-1.991121607015276e-29,0.0,0.0,0.0,1.0]}}},"objects":{"-1":{"object_data":{"bbox":[{"name":"box2D0","coordinate_system":"CAM_LEFT","val":[496.655,175.605,39.27,13.45]}],"cuboid":[{"name":"box3D","coordinate_system":"CAM_LEFT","val":[-10.0,499.0,-1.0,0,-1.0,0,-1000.0,-1000.0,-1000.0]}],"num":[{"name":"truncated","val":-1.0},{"name":"occluded","val":-1},{"name":"alpha","val":-10.0}]}},"0":{"object_data":{"bbox":[{"name":"box2D","coordinate_system":"CAM_LEFT","val":[643.615,205.475,82.43,62.61]}],"cuboid":[{"name":"box3D","coordinate_system":"CAM_LEFT","val":[0.83,0.86,20.43,0,-1.74,0,3.2,1.6,1.66]}],"num":[{"name":"truncated","val":0.0},{"name":"occluded","val":0},{"name":"alpha","val":-1.77}]}},"1":{"object_data":{"bbox":[{"name":"box2D","coordinate_system":"CAM_LEFT","val":[369.765,194.54999999999998,43.69,27.34]}],"cuboid":[{"name":"box3D","coordinate_system":"CAM_LEFT","val":[-13.85,1.22,41.67,0,1.56,0,3.09,1.5,1.49]}],"num":[{"name":"truncated","val":0.0},{"name":"occluded","val":0},{"name":"alpha","val":1.88}]}},"2":{"object_data":{"bbox":[{"name":"box2D","coordinate_system":"CAM_LEFT","val":[443.375,192.825,39.71,26.51]}],"cuboid":[{"name":"box3D","coordinate_system":"CAM_LEFT","val":[-10.0,1.15,43.44,0,1.5,0,4.05,1.5,1.67]}],"num":[{"name":"truncated","val":0.0},{"name":"occluded","val":0},{"name":"alpha","val":1.73}]}},"25":{"object_data":{"bbox":[{"name":"box2D","coordinate_system":"CAM_LEFT","val":[25.565,174.83,51.13,181.8]}],"cuboid":[{"name":"box3D","coordinate_system":"CAM_LEFT","val":[-12.9,0.02,12.02,0,1.58,0,6.2,3.5,2.18]}],"num":[{"name":"truncated","val":2.0},{"name":"occluded","val":0},{"name":"alpha","val":2.39}]}},"-2":{}}},"1":{"frame_properties":{"transforms":{"vehicle-iso8855_to_odom":{"src":"vehicle-iso8855","dst":"odom","transform_src_to_dst_4x4":[0.9999883100343118,-0.004783535475684012,0.0007053956865871182,1.3377552921701448,0.00478301015033119,0.999988284168229,0.000744540249573385,0.0041857458196499645,-0.000708948956986828,-0.0007411576311944684,0.9999994740382327,0.005670152306257541,0.0,0.0,0.0,1.0]}}},"objects":{"-1":{"object_data":{"bbox":[{"name":"box2D0","coordinate_system":"CAM_LEFT","val":[496.655,175.605,39.27,13.45]}],"cuboid":[{"name":"box3D","coordinate_system":"CAM_LEFT","val":[-10.0,499.0,-1.0,0,-1.0,0,-1000.0,-1000.0,-1000.0]}],"num":[{"name":"truncated","val":-1.0},{"name":"occluded","val":-1},{"name":"alpha","val":-10.0}]}},"0":{"object_data":{"bbox":[{"name":"box2D","coordinate_system":"CAM_LEFT","val":[639.99,205.50500000000002,81.2,62.35]}],"cuboid":[{"name":"box3D","coordinate_system":"CAM_LEFT","val":[0.73,0.86,20.51,0,-1.73,0,3.2,1.6,1.66]}],"num":[{"name":"truncated","val":0.0},{"name":"occluded","val":0},{"name":"alpha","val":-1.77}]}},"1":{"object_data":{"bbox":[{"name":"box2D","coordinate_system":"CAM_LEFT","val":[360.405,194.97,47.19,28.96]}],"cuboid":[{"name":"box3D","coordinate_system":"CAM_LEFT","val":[-13.6,1.17,39.38,0,1.56,0,3.09,1.5,1.49]}],"num":[{"name":"truncated","val":0.0},{"name":"occluded","val":0},{"name":"alpha","val":1.9}]}},"2":{"object_data":{"bbox":[{"name":"box2D","coordinate_system":"CAM_LEFT","val":[436.475,194.45499999999998,43.57,28.47]}],"cuboid":[{"name":"box3D","coordinate_system":"CAM_LEFT","val":[-9.73,1.17,40.6,0,1.51,0,4.05,1.5,1.67]}],"num":[{"name":"truncated","val":0.0},{"name":"occluded","val":0},{"name":"alpha","val":1.74}]}},"-2":{}}},"2":{"frame_properties":{"transforms":{"vehicle-iso8855_to_odom":{"src":"vehicle-iso8855","dst":"odom","transform_src_to_dst_4x4":[0.99995629164817,-0.00926838964850994,-0.0012295310340438232,2.563171601780622,0.009272247976455131,0.9999519859382534,0.0031703683707247224,0.013359899082639452,0.00120008778987565,-0.003181630315790945,0.9999942184922023,0.009038886323510933,0.0,0.0,0.0,1.0]}}},"objects":{"-1":{"object_data":{"bbox":[{"name":"box2D0","coordinate_system":"CAM_LEFT","val":[496.655,175.605,39.27,13.45]}],"cuboid":[{"name":"box3D","coordinate_system":"CAM_LEFT","val":[-10.0,499.0,-1.0,0,-1.0,0,-1000.0,-1000.0,-1000.0]}],"num":[{"name":"truncated","val":-1.0},{"name":"occluded","val":-1},{"name":"alpha","val":-10.0}]}},"0":{"object_data":{"bbox":[{"name":"box2D","coordinate_system":"CAM_LEFT","val":[636.415,207.155,79.99,62.11]}],"cuboid":[{"name":"box3D","coordinate_system":"CAM_LEFT","val":[0.63,0.92,20.58,0,-1.73,0,3.2,1.6,1.66]}],"num":[{"name":"truncated","val":0.0},{"name":"occluded","val":0},{"name":"alpha","val":-1.76}]}},"1":{"object_data":{"bbox":[{"name":"box2D","coordinate_system":"CAM_LEFT","val":[349.725,196.645,51.09,30.81]}],"cuboid":[{"name":"box3D","coordinate_system":"CAM_LEFT","val":[-13.39,1.19,37.19,0,1.57,0,3.09,1.5,1.49]}],"num":[{"name":"truncated","val":0.0},{"name":"occluded","val":0},{"name":"alpha","val":1.91}]}},"2":{"object_data":{"bbox":[{"name":"box2D","coordinate_system":"CAM_LEFT","val":[428.515,196.34,48.13,30.76]}],"cuboid":[{"name":"box3D","coordinate_system":"CAM_LEFT","val":[-9.44,1.18,37.75,0,1.51,0,4.05,1.5,1.67]}],"num":[{"name":"truncated","val":0.0},{"name":"occluded","val":0},{"name":"alpha","val":1.76}]}},"-2":{}}},"3":{"frame_properties":{"transforms":{"vehicle-iso8855_to_odom":{"src":"vehicle-iso8855","dst":"odom","transform_src_to_dst_4x4":[0.9998952709945068,-0.01358666312112294,-0.004984940125562813,3.7968130579222312,0.013612119839820384,0.9998942993956367,0.00510883837829713,0.02826982786341339,0.004915001148392641,-0.005176158937118035,0.9999745247466902,0.011299251573626922,0.0,0.0,0.0,1.0]}}},"objects":{"-1":{"object_data":{"bbox":[{"name":"box2D0","coordinate_system":"CAM_LEFT","val":[504.085,177.805,43.65,13.57]}],"cuboid":[{"name":"box3D","coordinate_system":"CAM_LEFT","val":[-10.0,499.0,-1.0,0,-1.0,0,-1000.0,-1000.0,-1000.0]}],"num":[{"name":"truncated","val":-1.0},{"name":"occluded","val":-1},{"name":"alpha","val":-10.0}]}},"0":{"object_data":{"bbox":[{"name":"box2D","coordinate_system":"CAM_LEFT","val":[632.86,208.795,78.78,61.89]}],"cuboid":[{"name":"box3D","coordinate_system":"CAM_LEFT","val":[0.53,0.96,20.66,0,-1.72,0,3.2,1.6,1.66]}],"num":[{"name":"truncated","val":0.0},{"name":"occluded","val":0},{"name":"alpha","val":-1.75}]}},"1":{"object_data":{"bbox":[{"name":"box2D","coordinate_system":"CAM_LEFT","val":[338.365,198.98999999999998,55.45,32.9]}],"cuboid":[{"name":"box3D","coordinate_system":"CAM_LEFT","val":[-13.16,1.23,35.04,0,1.57,0,3.09,1.5,1.49]}],"num":[{"name":"truncated","val":0.0},{"name":"occluded","val":0},{"name":"alpha","val":1.93}]}},"2":{"object_data":{"bbox":[{"name":"box2D","coordinate_system":"CAM_LEFT","val":[418.15000000000003,199.165,53.48,33.57]}],"cuboid":[{"name":"box3D","coordinate_system":"CAM_LEFT","val":[-9.24,1.22,34.94,0,1.52,0,4.05,1.5,1.67]}],"num":[{"name":"truncated","val":0.0},{"name":"occluded","val":0},{"name":"alpha","val":1.78}]}},"-2":{}}},"4":{"frame_properties":{"transforms":{"vehicle-iso8855_to_odom":{"src":"vehicle-iso8855","dst":"odom","transform_src_to_dst_4x4":[0.9998012130868648,-0.01887495084278443,-0.006424215182951803,5.162200203343151,0.018923527209945976,0.9997921504243173,0.007586571548031627,0.04981788841876235,0.0062796837475175725,-0.007706632247709451,0.9999505854748172,0.019433746307496006,0.0,0.0,0.0,1.0]}}},"objects":{"-1":{"object_data":{"bbox":[{"name":"box2D0","coordinate_system":"CAM_LEFT","val":[507.485,178.29000000000002,38.81,10.66]}],"cuboid":[{"name":"box3D","coordinate_system":"CAM_LEFT","val":[-10.0,499.0,-1.0,0,-1.0,0,-1000.0,-1000.0,-1000.0]}],"num":[{"name":"truncated","val":-1.0},{"name":"occluded","val":-1},{"name":"alpha","val":-10.0}]}},"0":{"object_data":{"bbox":[{"name":"box2D","coordinate_system":"CAM_LEFT","val":[629.3349999999999,210.42000000000002,77.57,61.66]}],"cuboid":[{"name":"box3D","coordinate_system":"CAM_LEFT","val":[0.43,1.01,20.74,0,-1.72,0,3.2,1.6,1.66]}],"num":[{"name":"truncated","val":0.0},{"name":"occluded","val":0},{"name":"alpha","val":-1.74}]}},"1":{"object_data":{"bbox":[{"name":"box2D","coordinate_system":"CAM_LEFT","val":[325.52,201.65,60.52,35.3]}],"cuboid":[{"name":"box3D","coordinate_system":"CAM_LEFT","val":[-12.94,1.27,32.89,0,1.58,0,3.09,1.5,1.49]}],"num":[{"name":"truncated","val":0.0},{"name":"occluded","val":0},{"name":"alpha","val":1.95}]}},"2":{"object_data":{"bbox":[{"name":"box2D","coordinate_system":"CAM_LEFT","val":[405.935,202.495,60.01,36.95]}],"cuboid":[{"name":"box3D","coordinate_system":"CAM_LEFT","val":[-9.02,1.25,32.11,0,1.52,0,4.05,1.5,1.67]}],"num":[{"name":"truncated","val":0.0},{"name":"occluded","val":0},{"name":"alpha","val":1.79}]}},"-2":{}}},"5":{"frame_properties":{"transforms":{"vehicle-iso8855_to_odom":{"src":"vehicle-iso8855","dst":"odom","transform_src_to_dst_4x4":[0.9997006882621321,-0.02383485755930866,-0.005516652367802665,6.413058748709364,0.023875403104278582,0.999687521526997,0.0074043520862777145,0.07555598391523725,0.0053384468553992915,-0.007533848175854447,0.9999573701497655,0.030588992026535398,0.0,0.0,0.0,1.0]}}},"objects":{"-1":{"object_data":{"bbox":[{"name":"box2D0","coordinate_system":"CAM_LEFT","val":[507.485,178.29000000000002,38.81,10.66]}],"cuboid":[{"name":"box3D","coordinate_system":"CAM_LEFT","val":[-10.0,499.0,-1.0,0,-1.0,0,-1000.0,-1000.0,-1000.0]}],"num":[{"name":"truncated","val":-1.0},{"name":"occluded","val":-1},{"name":"alpha","val":-10.0}]}},"0":{"object_data":{"bbox":[{"name":"box2D","coordinate_system":"CAM_LEFT","val":[626.9200000000001,210.89,76.68,61.44]}],"cuboid":[{"name":"box3D","coordinate_system":"CAM_LEFT","val":[0.37,1.03,20.8,0,-1.72,0,3.2,1.6,1.66]}],"num":[{"name":"truncated","val":0.0},{"name":"occluded","val":0},{"name":"alpha","val":-1.73}]}},"1":{"object_data":{"bbox":[{"name":"box2D","coordinate_system":"CAM_LEFT","val":[309.44,203.245,66.74,38.01]}],"cuboid":[{"name":"box3D","coordinate_system":"CAM_LEFT","val":[-12.75,1.25,30.68,0,1.58,0,3.09,1.5,1.49]}],"num":[{"name":"truncated","val":0.0},{"name":"occluded","val":0},{"name":"alpha","val":1.97}]}},"2":{"object_data":{"bbox":[{"name":"box2D","coordinate_system":"CAM_LEFT","val":[392.2,204.4,68.0,40.76]}],"cuboid":[{"name":"box3D","coordinate_system":"CAM_LEFT","val":[-8.77,1.22,29.3,0,1.52,0,4.05,1.5,1.67]}],"num":[{"name":"truncated","val":0.0},{"name":"occluded","val":0},{"name":"alpha","val":1.81}]}},"-2":{}}},"6":{"frame_properties":{"transforms":{"vehicle-iso8855_to_odom":{"src":"vehicle-iso8855","dst":"odom","transform_src_to_dst_4x4":[0.9995511164569789,-0.029440536897233038,-0.0055516102897687795,7.800159760870268,0.029481258353357073,0.9995379282449003,0.007401716408731466,0.11137591596455315,0.005331134542424445,-0.0075620623572753105,0.9999571961926146,0.04046854342295567,0.0,0.0,0.0,1.0]}}},"objects":{"-1":{"object_data":{"bbox":[{"name":"box2D0","coordinate_system":"CAM_LEFT","val":[511.84999999999997,177.805,35.9,9.69]}],"cuboid":[{"name":"box3D","coordinate_system":"CAM_LEFT","val":[-10.0,499.0,-1.0,0,-1.0,0,-1000.0,-1000.0,-1000.0]}],"num":[{"name":"truncated","val":-1.0},{"name":"occluded","val":-1},{"name":"alpha","val":-10.0}]}},"0":{"object_data":{"bbox":[{"name":"box2D","coordinate_system":"CAM_LEFT","val":[624.525,211.35500000000002,75.79,61.23]}],"cuboid":[{"name":"box3D","coordinate_system":"CAM_LEFT","val":[0.3,1.04,20.87,0,-1.71,0,3.2,1.6,1.66]}],"num":[{"name":"truncated","val":0.0},{"name":"occluded","val":0},{"name":"alpha","val":-1.73}]}},"1":{"object_data":{"bbox":[{"name":"box2D","coordinate_system":"CAM_LEFT","val":[290.84000000000003,205.105,74.2,41.15]}],"cuboid":[{"name":"box3D","coordinate_system":"CAM_LEFT","val":[-12.55,1.23,28.47,0,1.59,0,3.09,1.5,1.49]}],"num":[{"name":"truncated","val":0.0},{"name":"occluded","val":0},{"name":"alpha","val":2.0}]}},"2":{"object_data":{"bbox":[{"name":"box2D","coordinate_system":"CAM_LEFT","val":[371.7,208.16,79.3,45.82]}],"cuboid":[{"name":"box3D","coordinate_system":"CAM_LEFT","val":[-8.64,1.22,26.41,0,1.53,0,4.05,1.5,1.67]}],"num":[{"name":"truncated","val":0.0},{"name":"occluded","val":0},{"name":"alpha","val":1.85}]}},"-2":{}}},"7":{"frame_properties":{"transforms":{"vehicle-iso8855_to_odom":{"src":"vehicle-iso8855","dst":"odom","transform_src_to_dst_4x4":[0.9993639475301558,-0.03477392929888086,-0.00790406338920659,9.069773921776102,0.034827690609983,0.9993704082412866,0.006768980604121153,0.14830832992418505,0.007663703003083194,-0.007039955451570557,0.9999458518757506,0.048382848662365974,0.0,0.0,0.0,1.0]}}},"objects":{"-1":{"object_data":{"bbox":[{"name":"box2D0","coordinate_system":"CAM_LEFT","val":[511.84999999999997,177.805,35.9,9.69]}],"cuboid":[{"name":"box3D","coordinate_system":"CAM_LEFT","val":[-10.0,499.0,-1.0,0,-1.0,0,-1000.0,-1000.0,-1000.0]}],"num":[{"name":"truncated","val":-1.0},{"name":"occluded","val":-1},{"name":"alpha","val":-10.0}]}},"0":{"object_data":{"bbox":[{"name":"box2D","coordinate_system":"CAM_LEFT","val":[622.1400000000001,211.81,74.9,61.02]}],"cuboid":[{"name":"box3D","coordinate_system":"CAM_LEFT","val":[0.23,1.06,20.94,0,-1.71,0,3.2,1.6,1.66]}],"num":[{"name":"truncated","val":0.0},{"name":"occluded","val":0},{"name":"alpha","val":-1.72}]}},"1":{"object_data":{"bbox":[{"name":"box2D","coordinate_system":"CAM_LEFT","val":[267.945,208.61,82.31,45.06]}],"cuboid":[{"name":"box3D","coordinate_system":"CAM_LEFT","val":[-12.39,1.25,26.24,0,1.57,0,3.09,1.5,1.49]}],"num":[{"name":"truncated","val":0.0},{"name":"occluded","val":1},{"name":"alpha","val":2.01}]}},"2":{"object_data":{"bbox":[{"name":"box2D","coordinate_system":"CAM_LEFT","val":[345.99,212.91,94.26,52.3]}],"cuboid":[{"name":"box3D","coordinate_system":"CAM_LEFT","val":[-8.51,1.23,23.51,0,1.54,0,4.05,1.5,1.67]}],"num":[{"name":"truncated","val":0.0},{"name":"occluded","val":0},{"name":"alpha","val":1.88}]}},"-2":{}}},"8":{"frame_properties":{"transforms":{"vehicle-iso8855_to_odom":{"src":"vehicle-iso8855","dst":"odom","transform_src_to_dst_4x4":[0.9991559427791348,-0.040116862667315345,-0.008833987710579702,10.346124403495207,0.040174738582417956,0.9991716928863917,0.006474450893800813,0.19290026434044005,0.00856693579836462,-0.006823889233685594,0.9999400192745328,0.057473093217832366,0.0,0.0,0.0,1.0]}}},"objects":{"-1":{"object_data":{"bbox":[{"name":"box2D0","coordinate_system":"CAM_LEFT","val":[519.615,180.23000000000002,37.83,8.72]}],"cuboid":[{"name":"box3D","coordinate_system":"CAM_LEFT","val":[-10.0,499.0,-1.0,0,-1.0,0,-1000.0,-1000.0,-1000.0]}],"num":[{"name":"truncated","val":-1.0},{"name":"occluded","val":-1},{"name":"alpha","val":-10.0}]}},"0":{"object_data":{"bbox":[{"name":"box2D","coordinate_system":"CAM_LEFT","val":[619.77,212.24,74.02,60.86]}],"cuboid":[{"name":"box3D","coordinate_system":"CAM_LEFT","val":[0.17,1.07,21.0,0,-1.71,0,3.2,1.6,1.66]}],"num":[{"name":"truncated","val":0.0},{"name":"occluded","val":0},{"name":"alpha","val":-1.71}]}},"1":{"object_data":{"bbox":[{"name":"box2D","coordinate_system":"CAM_LEFT","val":[240.72,212.795,92.5,49.81]}],"cuboid":[{"name":"box3D","coordinate_system":"CAM_LEFT","val":[-12.23,1.27,24.01,0,1.56,0,3.09,1.5,1.49]}],"num":[{"name":"truncated","val":0.0},{"name":"occluded","val":1},{"name":"alpha","val":2.03}]}},"2":{"object_data":{"bbox":[{"name":"box2D","coordinate_system":"CAM_LEFT","val":[312.785,219.1,114.89,60.88]}],"cuboid":[{"name":"box3D","coordinate_system":"CAM_LEFT","val":[-8.36,1.23,20.61,0,1.54,0,4.05,1.5,1.67]}],"num":[{"name":"truncated","val":0.0},{"name":"occluded","val":0},{"name":"alpha","val":1.93}]}},"-2":{}}},"9":{"frame_properties":{"transforms":{"vehicle-iso8855_to_odom":{"src":"vehicle-iso8855","dst":"odom","transform_src_to_dst_4x4":[0.9989562852183896,-0.04494248149943863,-0.008155585775924155,11.627908718274837,0.04500059596250721,0.9989618157336748,0.007087811305241822,0.24491370875943447,0.007828574946631585,-0.00744741987215321,0.9999416229718378,0.07150782685824421,0.0,0.0,0.0,1.0]}}},"objects":{"-1":{"object_data":{"bbox":[{"name":"box2D0","coordinate_system":"CAM_LEFT","val":[519.615,180.23000000000002,37.83,8.72]}],"cuboid":[{"name":"box3D","coordinate_system":"CAM_LEFT","val":[-10.0,499.0,-1.0,0,-1.0,0,-1000.0,-1000.0,-1000.0]}],"num":[{"name":"truncated","val":-1.0},{"name":"occluded","val":-1},{"name":"alpha","val":-10.0}]}},"0":{"object_data":{"bbox":[{"name":"box2D","coordinate_system":"CAM_LEFT","val":[617.2049999999999,211.615,73.11,60.59]}],"cuboid":[{"name":"box3D","coordinate_system":"CAM_LEFT","val":[0.09,1.06,21.07,0,-1.7,0,3.2,1.6,1.66]}],"num":[{"name":"truncated","val":0.0},{"name":"occluded","val":0},{"name":"alpha","val":-1.71}]}},"1":{"object_data":{"bbox":[{"name":"box2D","coordinate_system":"CAM_LEFT","val":[204.55,214.815,106.44,55.39]}],"cuboid":[{"name":"box3D","coordinate_system":"CAM_LEFT","val":[-12.13,1.2,21.71,0,1.55,0,3.09,1.5,1.49]}],"num":[{"name":"truncated","val":0.0},{"name":"occluded","val":2},{"name":"alpha","val":2.05}]}},"2":{"object_data":{"bbox":[{"name":"box2D","coordinate_system":"CAM_LEFT","val":[267.375,225.21499999999997,144.87,71.97]}],"cuboid":[{"name":"box3D","coordinate_system":"CAM_LEFT","val":[-8.27,1.19,17.78,0,1.55,0,4.05,1.5,1.67]}],"num":[{"name":"truncated","val":0.0},{"name":"occluded","val":0},{"name":"alpha","val":1.98}]}},"-2":{}}},"10":{"frame_properties":{"transforms":{"vehicle-iso8855_to_odom":{"src":"vehicle-iso8855","dst":"odom","transform_src_to_dst_4x4":[0.9987586110254457,-0.04941584993691334,-0.0062698227674731245,13.04242593941559,0.049468434674949914,0.9987392705238903,0.008528979084134506,0.31131596478486256,0.005840451466563529,-0.008828549621531512,0.9999439713495185,0.0894541959992975,0.0,0.0,0.0,1.0]}}},"objects":{"-1":{"object_data":{"bbox":[{"name":"box2D0","coordinate_system":"CAM_LEFT","val":[525.4399999999999,178.29000000000002,37.84,12.6]}],"cuboid":[{"name":"box3D","coordinate_system":"CAM_LEFT","val":[-10.0,499.0,-1.0,0,-1.0,0,-1000.0,-1000.0,-1000.0]}],"num":[{"name":"truncated","val":-1.0},{"name":"occluded","val":-1},{"name":"alpha","val":-10.0}]}},"0":{"object_data":{"bbox":[{"name":"box2D","coordinate_system":"CAM_LEFT","val":[614.65,210.965,72.22,60.37]}],"cuboid":[{"name":"box3D","coordinate_system":"CAM_LEFT","val":[0.02,1.05,21.14,0,-1.7,0,3.2,1.6,1.66]}],"num":[{"name":"truncated","val":0.0},{"name":"occluded","val":0},{"name":"alpha","val":-1.7}]}},"1":{"object_data":{"bbox":[{"name":"box2D","coordinate_system":"CAM_LEFT","val":[159.64,218.69,126.6,62.4]}],"cuboid":[{"name":"box3D","coordinate_system":"CAM_LEFT","val":[-12.06,1.17,19.46,0,1.56,0,3.09,1.5,1.49]}],"num":[{"name":"truncated","val":0.0},{"name":"occluded","val":2},{"name":"alpha","val":2.11}]}},"2":{"object_data":{"bbox":[{"name":"box2D","coordinate_system":"CAM_LEFT","val":[203.66,233.97,191.1,87.98]}],"cuboid":[{"name":"box3D","coordinate_system":"CAM_LEFT","val":[-8.19,1.13,14.94,0,1.56,0,4.05,1.5,1.67]}],"num":[{"name":"truncated","val":0.0},{"name":"occluded","val":0},{"name":"alpha","val":2.06}]}},"-2":{}}},"11":{"frame_properties":{"transforms":{"vehicle-iso8855_to_odom":{"src":"vehicle-iso8855","dst":"odom","transform_src_to_dst_4x4":[0.9986082815477694,-0.052529471514197006,-0.004706872278993458,14.337476540082772,0.05257041985794513,0.9985762559770821,0.009044996116769462,0.37763117820220643,0.004225042031857742,-0.00927985028069781,0.9999480153480965,0.10432069954149281,0.0,0.0,0.0,1.0]}}},"objects":{"-1":{"object_data":{"bbox":[{"name":"box2D0","coordinate_system":"CAM_LEFT","val":[525.4399999999999,178.29000000000002,37.84,12.6]}],"cuboid":[{"name":"box3D","coordinate_system":"CAM_LEFT","val":[-10.0,499.0,-1.0,0,-1.0,0,-1000.0,-1000.0,-1000.0]}],"num":[{"name":"truncated","val":-1.0},{"name":"occluded","val":-1},{"name":"alpha","val":-10.0}]}},"0":{"object_data":{"bbox":[{"name":"box2D","coordinate_system":"CAM_LEFT","val":[611.75,210.26999999999998,71.34,60.2]}],"cuboid":[{"name":"box3D","coordinate_system":"CAM_LEFT","val":[-0.06,1.03,21.19,0,-1.7,0,3.2,1.6,1.66]}],"num":[{"name":"truncated","val":0.0},{"name":"occluded","val":0},{"name":"alpha","val":-1.69}]}},"1":{"object_data":{"bbox":[{"name":"box2D","coordinate_system":"CAM_LEFT","val":[102.66,223.665,154.14,71.45]}],"cuboid":[{"name":"box3D","coordinate_system":"CAM_LEFT","val":[-11.98,1.12,17.21,0,1.57,0,3.09,1.5,1.49]}],"num":[{"name":"truncated","val":2.0},{"name":"occluded","val":2},{"name":"alpha","val":2.17}]}},"2":{"object_data":{"bbox":[{"name":"box2D","coordinate_system":"CAM_LEFT","val":[119.215,247.625,238.43,113.09]}],"cuboid":[{"name":"box3D","coordinate_system":"CAM_LEFT","val":[-8.16,1.09,12.08,0,1.57,0,4.05,1.5,1.67]}],"num":[{"name":"truncated","val":0.0},{"name":"occluded","val":0},{"name":"alpha","val":2.15}]}},"-2":{}}},"12":{"frame_properties":{"transforms":{"vehicle-iso8855_to_odom":{"src":"vehicle-iso8855","dst":"odom","transform_src_to_dst_4x4":[0.9984388340701227,-0.05565637400876119,-0.0047183315791883155,15.765658897002375,0.055698681220460546,0.9984036820379253,0.00936720894476911,0.45470468266596015,0.00418945473728915,-0.009615390023828139,0.9999449948590643,0.11878809273085944,0.0,0.0,0.0,1.0]}}},"objects":{"-1":{"object_data":{"bbox":[{"name":"box2D0","coordinate_system":"CAM_LEFT","val":[527.375,176.835,39.77,13.57]}],"cuboid":[{"name":"box3D","coordinate_system":"CAM_LEFT","val":[-10.0,499.0,-1.0,0,-1.0,0,-1000.0,-1000.0,-1000.0]}],"num":[{"name":"truncated","val":-1.0},{"name":"occluded","val":-1},{"name":"alpha","val":-10.0}]}},"0":{"object_data":{"bbox":[{"name":"box2D","coordinate_system":"CAM_LEFT","val":[608.865,209.57999999999998,70.47,60.02]}],"cuboid":[{"name":"box3D","coordinate_system":"CAM_LEFT","val":[-0.14,1.01,21.24,0,-1.69,0,3.2,1.6,1.66]}],"num":[{"name":"truncated","val":0.0},{"name":"occluded","val":0},{"name":"alpha","val":-1.69}]}},"1":{"object_data":{"bbox":[{"name":"box2D","coordinate_system":"CAM_LEFT","val":[62.34,229.95999999999998,124.68,82.9]}],"cuboid":[{"name":"box3D","coordinate_system":"CAM_LEFT","val":[-11.91,1.1,14.95,0,1.57,0,3.09,1.5,1.49]}],"num":[{"name":"truncated","val":2.0},{"name":"occluded","val":3},{"name":"alpha","val":2.24}]}},"2":{"object_data":{"bbox":[{"name":"box2D","coordinate_system":"CAM_LEFT","val":[73.385,257.995,146.77,130.49]}],"cuboid":[{"name":"box3D","coordinate_system":"CAM_LEFT","val":[-8.11,1.05,9.22,0,1.57,0,4.05,1.5,1.67]}],"num":[{"name":"truncated","val":1.0},{"name":"occluded","val":0},{"name":"alpha","val":2.28}]}},"-2":{}}},"13":{"frame_properties":{"transforms":{"vehicle-iso8855_to_odom":{"src":"vehicle-iso8855","dst":"odom","transform_src_to_dst_4x4":[0.9982648928138202,-0.05867102785927548,-0.004991419171760172,17.0694716898049,0.05871495988730619,0.9982327221282957,0.009164385291161804,0.5287140865708481,0.004444914042378632,-0.009441555076836815,0.9999455484059555,0.13030809685681602,0.0,0.0,0.0,1.0]}}},"objects":{"-1":{"object_data":{"bbox":[{"name":"box2D0","coordinate_system":"CAM_LEFT","val":[530.775,179.745,42.69,15.51]}],"cuboid":[{"name":"box3D","coordinate_system":"CAM_LEFT","val":[-10.0,499.0,-1.0,0,-1.0,0,-1000.0,-1000.0,-1000.0]}],"num":[{"name":"truncated","val":-1.0},{"name":"occluded","val":-1},{"name":"alpha","val":-10.0}]}},"0":{"object_data":{"bbox":[{"name":"box2D","coordinate_system":"CAM_LEFT","val":[605.99,208.89000000000001,69.6,59.86]}],"cuboid":[{"name":"box3D","coordinate_system":"CAM_LEFT","val":[-0.22,1.0,21.29,0,-1.69,0,3.2,1.6,1.66]}],"num":[{"name":"truncated","val":0.0},{"name":"occluded","val":0},{"name":"alpha","val":-1.68}]}},"1":{"object_data":{"bbox":[{"name":"box2D","coordinate_system":"CAM_LEFT","val":[26.08,231.235,52.16,83.93]}],"cuboid":[{"name":"box3D","coordinate_system":"CAM_LEFT","val":[-11.83,1.06,12.7,0,1.58,0,3.09,1.5,1.49]}],"num":[{"name":"truncated","val":2.0},{"name":"occluded","val":0},{"name":"alpha","val":2.32}]}},"-2":{}}},"14":{"frame_properties":{"transforms":{"vehicle-iso8855_to_odom":{"src":"vehicle-iso8855","dst":"odom","transform_src_to_dst_4x4":[0.9980979552589486,-0.06155112604708497,-0.003454068650403085,18.379394960023927,0.06158156556456395,0.998056514839507,0.009534357295267347,0.605024495190162,0.002860505291578765,-0.00972892947617388,0.9999485813984259,0.14462575067522782,0.0,0.0,0.0,1.0]}}},"objects":{"-1":{"object_data":{"bbox":[{"name":"box2D0","coordinate_system":"CAM_LEFT","val":[531.26,176.35000000000002,41.72,12.6]}],"cuboid":[{"name":"box3D","coordinate_system":"CAM_LEFT","val":[-10.0,499.0,-1.0,0,-1.0,0,-1000.0,-1000.0,-1000.0]}],"num":[{"name":"truncated","val":-1.0},{"name":"occluded","val":-1},{"name":"alpha","val":-10.0}]}},"0":{"object_data":{"bbox":[{"name":"box2D","coordinate_system":"CAM_LEFT","val":[603.125,208.21,68.73,59.7]}],"cuboid":[{"name":"box3D","coordinate_system":"CAM_LEFT","val":[-0.31,0.98,21.34,0,-1.69,0,3.2,1.6,1.66]}],"num":[{"name":"truncated","val":0.0},{"name":"occluded","val":0},{"name":"alpha","val":-1.67}]}},"-2":{}}},"15":{"frame_properties":{"transforms":{"vehicle-iso8855_to_odom":{"src":"vehicle-iso8855","dst":"odom","transform_src_to_dst_4x4":[0.9979037115165342,-0.06469978137471614,-0.0014563075189095932,19.82516224421257,0.06471202276027693,0.9978418252928466,0.011137585308936344,0.696704597709939,0.0007325652183260157,-0.01120847832242924,0.9999369146910703,0.16080212471841746,0.0,0.0,0.0,1.0]}}},"objects":{"-1":{"object_data":{"bbox":[{"name":"box2D0","coordinate_system":"CAM_LEFT","val":[531.26,176.35000000000002,41.72,12.6]}],"cuboid":[{"name":"box3D","coordinate_system":"CAM_LEFT","val":[-10.0,499.0,-1.0,0,-1.0,0,-1000.0,-1000.0,-1000.0]}],"num":[{"name":"truncated","val":-1.0},{"name":"occluded","val":-1},{"name":"alpha","val":-10.0}]}},"0":{"object_data":{"bbox":[{"name":"box2D","coordinate_system":"CAM_LEFT","val":[600.2750000000001,207.52499999999998,67.87,59.53]}],"cuboid":[{"name":"box3D","coordinate_system":"CAM_LEFT","val":[-0.39,0.97,21.39,0,-1.69,0,3.2,1.6,1.66]}],"num":[{"name":"truncated","val":0.0},{"name":"occluded","val":0},{"name":"alpha","val":-1.67}]}},"-2":{}}},"16":{"frame_properties":{"transforms":{"vehicle-iso8855_to_odom":{"src":"vehicle-iso8855","dst":"odom","transform_src_to_dst_4x4":[0.9977232886207079,-0.06743962185674215,-0.00036979413108816496,21.14408742514907,0.06743890006843209,0.9976432743671556,0.012644835607506667,0.783503863934115,-0.0004838403040303596,-0.012640985475842127,0.999919982490979,0.1731168961380176,0.0,0.0,0.0,1.0]}}},"objects":{"-1":{"object_data":{"bbox":[{"name":"box2D0","coordinate_system":"CAM_LEFT","val":[531.26,176.35000000000002,41.72,12.6]}],"cuboid":[{"name":"box3D","coordinate_system":"CAM_LEFT","val":[-10.0,499.0,-1.0,0,-1.0,0,-1000.0,-1000.0,-1000.0]}],"num":[{"name":"truncated","val":-1.0},{"name":"occluded","val":-1},{"name":"alpha","val":-10.0}]}},"0":{"object_data":{"bbox":[{"name":"box2D","coordinate_system":"CAM_LEFT","val":[597.965,206.45999999999998,67.43,59.4]}],"cuboid":[{"name":"box3D","coordinate_system":"CAM_LEFT","val":[-0.46,0.94,21.43,0,-1.69,0,3.2,1.6,1.66]}],"num":[{"name":"truncated","val":0.0},{"name":"occluded","val":0},{"name":"alpha","val":-1.66}]}},"-2":{}}},"17":{"frame_properties":{"transforms":{"vehicle-iso8855_to_odom":{"src":"vehicle-iso8855","dst":"odom","transform_src_to_dst_4x4":[0.9975340784670054,-0.07018224377117377,-0.00046363372022617153,22.46358093351225,0.07018217881504535,0.9974450686225559,0.013334048796878356,0.8755487389173291,-0.000473364295232516,-0.01333370690348573,0.9999109901318497,0.18543452149217834,0.0,0.0,0.0,1.0]}}},"objects":{"-1":{"object_data":{"bbox":[{"name":"box2D0","coordinate_system":"CAM_LEFT","val":[531.26,176.35000000000002,41.72,12.6]}],"cuboid":[{"name":"box3D","coordinate_system":"CAM_LEFT","val":[-10.0,499.0,-1.0,0,-1.0,0,-1000.0,-1000.0,-1000.0]}],"num":[{"name":"truncated","val":-1.0},{"name":"occluded","val":-1},{"name":"alpha","val":-10.0}]}},"0":{"object_data":{"bbox":[{"name":"box2D","coordinate_system":"CAM_LEFT","val":[595.665,205.39999999999998,66.99,59.28]}],"cuboid":[{"name":"box3D","coordinate_system":"CAM_LEFT","val":[-0.53,0.9,21.47,0,-1.69,0,3.2,1.6,1.66]}],"num":[{"name":"truncated","val":0.0},{"name":"occluded","val":0},{"name":"alpha","val":-1.66}]}},"-2":{}}},"18":{"frame_properties":{"transforms":{"vehicle-iso8855_to_odom":{"src":"vehicle-iso8855","dst":"odom","transform_src_to_dst_4x4":[0.9972934114082639,-0.0734871984879394,-0.0023416276521964897,23.918662372041112,0.07351047135684956,0.9972193955596348,0.012234693317377731,0.9770435970907613,0.001436023175695909,-0.012373713188476725,0.9999224115196982,0.19663671933346547,0.0,0.0,0.0,1.0]}}},"objects":{"-1":{"object_data":{"bbox":[{"name":"box2D0","coordinate_system":"CAM_LEFT","val":[537.565,173.925,40.75,11.63]}],"cuboid":[{"name":"box3D","coordinate_system":"CAM_LEFT","val":[-10.0,499.0,-1.0,0,-1.0,0,-1000.0,-1000.0,-1000.0]}],"num":[{"name":"truncated","val":-1.0},{"name":"occluded","val":-1},{"name":"alpha","val":-10.0}]}},"0":{"object_data":{"bbox":[{"name":"box2D","coordinate_system":"CAM_LEFT","val":[594.075,205.79000000000002,66.15,59.16]}],"cuboid":[{"name":"box3D","coordinate_system":"CAM_LEFT","val":[-0.57,0.92,21.5,0,-1.68,0,3.2,1.6,1.66]}],"num":[{"name":"truncated","val":0.0},{"name":"occluded","val":0},{"name":"alpha","val":-1.65}]}},"-2":{}}},"19":{"frame_properties":{"transforms":{"vehicle-iso8855_to_odom":{"src":"vehicle-iso8855","dst":"odom","transform_src_to_dst_4x4":[0.9970321674722129,-0.07693697105259899,-0.002749456475870052,25.24007524632326,0.07696317264457603,0.9969708258724523,0.011217950600768432,1.0742828011399217,0.0018780527528077249,-0.011396264495511498,0.9999332968120455,0.2104617961417052,0.0,0.0,0.0,1.0]}}},"objects":{"-1":{"object_data":{"bbox":[{"name":"box2D0","coordinate_system":"CAM_LEFT","val":[537.565,173.925,40.75,11.63]}],"cuboid":[{"name":"box3D","coordinate_system":"CAM_LEFT","val":[-10.0,499.0,-1.0,0,-1.0,0,-1000.0,-1000.0,-1000.0]}],"num":[{"name":"truncated","val":-1.0},{"name":"occluded","val":-1},{"name":"alpha","val":-10.0}]}},"0":{"object_data":{"bbox":[{"name":"box2D","coordinate_system":"CAM_LEFT","val":[592.495,206.17000000000002,65.31,59.04]}],"cuboid":[{"name":"box3D","coordinate_system":"CAM_LEFT","val":[-0.62,0.94,21.54,0,-1.68,0,3.2,1.6,1.66]}],"num":[{"name":"truncated","val":0.0},{"name":"occluded","val":0},{"name":"alpha","val":-1.65}]}},"-2":{}}},"20":{"frame_properties":{"transforms":{"vehicle-iso8855_to_odom":{"src":"vehicle-iso8855","dst":"odom","transform_src_to_dst_4x4":[0.9967157841908734,-0.08092366628147545,-0.0030009632348543635,26.566196310180356,0.08094808302117715,0.99667602835838,0.009181631171121831,1.1739740338569826,0.002247976861352709,-0.009394398933954556,0.9999533448459985,0.22508326309996435,0.0,0.0,0.0,1.0]}}},"objects":{"-1":{"object_data":{"bbox":[{"name":"box2D0","coordinate_system":"CAM_LEFT","val":[539.99,175.865,33.96,13.57]}],"cuboid":[{"name":"box3D","coordinate_system":"CAM_LEFT","val":[-10.0,499.0,-1.0,0,-1.0,0,-1000.0,-1000.0,-1000.0]}],"num":[{"name":"truncated","val":-1.0},{"name":"occluded","val":-1},{"name":"alpha","val":-10.0}]}},"0":{"object_data":{"bbox":[{"name":"box2D","coordinate_system":"CAM_LEFT","val":[590.915,206.555,64.47,58.93]}],"cuboid":[{"name":"box3D","coordinate_system":"CAM_LEFT","val":[-0.67,0.95,21.58,0,-1.67,0,3.2,1.6,1.66]}],"num":[{"name":"truncated","val":0.0},{"name":"occluded","val":0},{"name":"alpha","val":-1.64}]}},"-2":{}}},"21":{"frame_properties":{"transforms":{"vehicle-iso8855_to_odom":{"src":"vehicle-iso8855","dst":"odom","transform_src_to_dst_4x4":[0.9962977212727494,-0.08590531541118684,-0.003335771399817155,28.025016977922473,0.08592717929306563,0.9962762401470592,0.007083302702635501,1.2906375395324101,0.0027148564353771157,-0.007343711768873624,0.9999693492562616,0.2410120738729679,0.0,0.0,0.0,1.0]}}},"objects":{"-1":{"object_data":{"bbox":[{"name":"box2D0","coordinate_system":"CAM_LEFT","val":[539.99,175.865,33.96,13.57]}],"cuboid":[{"name":"box3D","coordinate_system":"CAM_LEFT","val":[-10.0,499.0,-1.0,0,-1.0,0,-1000.0,-1000.0,-1000.0]}],"num":[{"name":"truncated","val":-1.0},{"name":"occluded","val":-1},{"name":"alpha","val":-10.0}]}},"0":{"object_data":{"bbox":[{"name":"box2D","coordinate_system":"CAM_LEFT","val":[591.155,206.655,63.77,58.81]}],"cuboid":[{"name":"box3D","coordinate_system":"CAM_LEFT","val":[-0.67,0.95,21.62,0,-1.66,0,3.2,1.6,1.66]}],"num":[{"name":"truncated","val":0.0},{"name":"occluded","val":0},{"name":"alpha","val":-1.63}]}},"-2":{}}},"22":{"frame_properties":{"transforms":{"vehicle-iso8855_to_odom":{"src":"vehicle-iso8855","dst":"odom","transform_src_to_dst_4x4":[0.9958830258200009,-0.09056774994939279,-0.0038054635333938155,29.35370338314247,0.090591479767888,0.9958661981148124,0.006610540508422842,1.4030923897601335,0.003191030721268293,-0.006928067656526709,0.9999709091776032,0.25721925678215457,0.0,0.0,0.0,1.0]}}},"objects":{"-1":{"object_data":{"bbox":[{"name":"box2D0","coordinate_system":"CAM_LEFT","val":[546.785,178.29000000000002,37.85,12.6]}],"cuboid":[{"name":"box3D","coordinate_system":"CAM_LEFT","val":[-10.0,499.0,-1.0,0,-1.0,0,-1000.0,-1000.0,-1000.0]}],"num":[{"name":"truncated","val":-1.0},{"name":"occluded","val":-1},{"name":"alpha","val":-10.0}]}},"0":{"object_data":{"bbox":[{"name":"box2D","coordinate_system":"CAM_LEFT","val":[591.4,206.75,63.06,58.7]}],"cuboid":[{"name":"box3D","coordinate_system":"CAM_LEFT","val":[-0.66,0.96,21.65,0,-1.66,0,3.2,1.6,1.66]}],"num":[{"name":"truncated","val":0.0},{"name":"occluded","val":0},{"name":"alpha","val":-1.63}]}},"-2":{}}},"23":{"frame_properties":{"transforms":{"vehicle-iso8855_to_odom":{"src":"vehicle-iso8855","dst":"odom","transform_src_to_dst_4x4":[0.9954610999745876,-0.09508747583929225,-0.003945931562549901,30.683485016739333,0.09511092514064032,0.995447030418278,0.006254722241884791,1.522880203889845,0.003333220106117353,-0.0066016338843979255,0.9999726536629793,0.27402165761534364,0.0,0.0,0.0,1.0]}}},"objects":{"-1":{"object_data":{"bbox":[{"name":"box2D0","coordinate_system":"CAM_LEFT","val":[546.785,178.29000000000002,37.85,12.6]}],"cuboid":[{"name":"box3D","coordinate_system":"CAM_LEFT","val":[-10.0,499.0,-1.0,0,-1.0,0,-1000.0,-1000.0,-1000.0]}],"num":[{"name":"truncated","val":-1.0},{"name":"occluded","val":-1},{"name":"alpha","val":-10.0}]}},"0":{"object_data":{"bbox":[{"name":"box2D","coordinate_system":"CAM_LEFT","val":[591.645,206.84500000000003,62.37,58.59]}],"cuboid":[{"name":"box3D","coordinate_system":"CAM_LEFT","val":[-0.65,0.96,21.69,0,-1.65,0,3.2,1.6,1.66]}],"num":[{"name":"truncated","val":0.0},{"name":"occluded","val":0},{"name":"alpha","val":-1.62}]}},"-2":{}}},"24":{"frame_properties":{"transforms":{"vehicle-iso8855_to_odom":{"src":"vehicle-iso8855","dst":"odom","transform_src_to_dst_4x4":[0.9949977208541834,-0.0998432941093914,-0.0032942550548309755,32.14857687378967,0.09986652123464689,0.994969778679623,0.00786240743740762,1.6629606433410165,0.0024926755646384503,-0.008152063273033186,0.9999636645563287,0.18965989088107413,0.0,0.0,0.0,1.0]}}},"objects":{"-1":{"object_data":{"bbox":[{"name":"box2D0","coordinate_system":"CAM_LEFT","val":[555.03,179.26000000000002,48.5,14.54]}],"cuboid":[{"name":"box3D","coordinate_system":"CAM_LEFT","val":[-10.0,499.0,-1.0,0,-1.0,0,-1000.0,-1000.0,-1000.0]}],"num":[{"name":"truncated","val":-1.0},{"name":"occluded","val":-1},{"name":"alpha","val":-10.0}]}},"0":{"object_data":{"bbox":[{"name":"box2D","coordinate_system":"CAM_LEFT","val":[591.885,206.935,61.67,58.47]}],"cuboid":[{"name":"box3D","coordinate_system":"CAM_LEFT","val":[-0.64,0.97,21.72,0,-1.65,0,3.2,1.6,1.66]}],"num":[{"name":"truncated","val":0.0},{"name":"occluded","val":0},{"name":"alpha","val":-1.62}]}},"-2":{}}},"25":{"frame_properties":{"transforms":{"vehicle-iso8855_to_odom":{"src":"vehicle-iso8855","dst":"odom","transform_src_to_dst_4x4":[0.994569739967966,-0.10406037861040802,-0.0015716053931298178,33.48016661766333,0.10407062958395338,0.9945250466321034,0.009446463857564267,1.7959540975452375,0.0005799983213420264,-0.009558725065155033,0.9999541461372496,0.20473450832826348,0.0,0.0,0.0,1.0]}}},"objects":{"-1":{"object_data":{"bbox":[{"name":"box2D0","coordinate_system":"CAM_LEFT","val":[555.03,179.26000000000002,48.5,14.54]}],"cuboid":[{"name":"box3D","coordinate_system":"CAM_LEFT","val":[-10.0,499.0,-1.0,0,-1.0,0,-1000.0,-1000.0,-1000.0]}],"num":[{"name":"truncated","val":-1.0},{"name":"occluded","val":-1},{"name":"alpha","val":-10.0}]}},"0":{"object_data":{"bbox":[{"name":"box2D","coordinate_system":"CAM_LEFT","val":[592.6899999999999,206.005,61.3,58.33]}],"cuboid":[{"name":"box3D","coordinate_system":"CAM_LEFT","val":[-0.62,0.94,21.77,0,-1.64,0,3.2,1.6,1.66]}],"num":[{"name":"truncated","val":0.0},{"name":"occluded","val":0},{"name":"alpha","val":-1.61}]}},"-2":{}}},"26":{"frame_properties":{"transforms":{"vehicle-iso8855_to_odom":{"src":"vehicle-iso8855","dst":"odom","transform_src_to_dst_4x4":[0.9941240276277602,-0.10824641798901173,-0.00036150478455746377,34.807899076898856,0.10824352672260201,0.9940595511218071,0.01135551611177807,1.9347534379986946,-0.0008698366596508994,-0.011327921965640328,0.9999354587012734,0.21936003595028544,0.0,0.0,0.0,1.0]}}},"objects":{"-1":{"object_data":{"bbox":[{"name":"box2D0","coordinate_system":"CAM_LEFT","val":[556.975,173.92999999999998,42.69,15.52]}],"cuboid":[{"name":"box3D","coordinate_system":"CAM_LEFT","val":[-10.0,499.0,-1.0,0,-1.0,0,-1000.0,-1000.0,-1000.0]}],"num":[{"name":"truncated","val":-1.0},{"name":"occluded","val":-1},{"name":"alpha","val":-10.0}]}},"0":{"object_data":{"bbox":[{"name":"box2D","coordinate_system":"CAM_LEFT","val":[593.485,205.07999999999998,60.93,58.2]}],"cuboid":[{"name":"box3D","coordinate_system":"CAM_LEFT","val":[-0.6,0.92,21.81,0,-1.64,0,3.2,1.6,1.66]}],"num":[{"name":"truncated","val":0.0},{"name":"occluded","val":0},{"name":"alpha","val":-1.61}]}},"-2":{}}},"27":{"frame_properties":{"transforms":{"vehicle-iso8855_to_odom":{"src":"vehicle-iso8855","dst":"odom","transform_src_to_dst_4x4":[0.9935914532778738,-0.11303045557338796,0.0003742806910700689,36.26845148348592,0.11301641833134443,0.9935104901355448,0.012813866636750854,2.092208340013753,-0.0018202089764418764,-0.012689448510562817,0.9999178289918528,0.23449953801459092,0.0,0.0,0.0,1.0]}}},"objects":{"-1":{"object_data":{"bbox":[{"name":"box2D0","coordinate_system":"CAM_LEFT","val":[556.975,173.92999999999998,42.69,15.52]}],"cuboid":[{"name":"box3D","coordinate_system":"CAM_LEFT","val":[-10.0,499.0,-1.0,0,-1.0,0,-1000.0,-1000.0,-1000.0]}],"num":[{"name":