{"vcd":{"metadata":{"schema_version":"4.3.0"},"coordinate_systems":{"odom":{"type":"scene_cs","parent":"","pose_wrt_parent":[],"children":["vehicle-iso8855"]},"vehicle-iso8855":{"type":"local_cs","parent":"odom","pose_wrt_parent":[],"children":["VELO_TOP","IMU"]},"VELO_TOP":{"type":"sensor_cs","parent":"vehicle-iso8855","pose_wrt_parent":[1.0,0.0,0.0,0.76,0.0,1.0,0.0,0.0,0.0,0.0,1.0,1.73,0.0,0.0,0.0,1.0],"children":["CAM_LEFT","CAM_RIGHT"]},"IMU":{"type":"sensor_cs","parent":"vehicle-iso8855","pose_wrt_parent":[1.0,0.0,0.0,-0.05,0.0,1.0,0.0,0.32,0.0,0.0,1.0,0.93,0.0,0.0,0.0,1.0],"children":[]},"CAM_LEFT":{"type":"sensor_cs","parent":"VELO_TOP","pose_wrt_parent":[-0.001596098749880686,-0.005270646083406376,0.9999848824834427,0.33219372564521515,-0.9999163217792767,0.012848686699665409,-0.0015282682317304763,-0.022106265805714228,-0.012840446259307029,-0.9999035698836585,-0.005290712540285821,-0.06171977166794895,0.0,0.0,0.0,1.0],"children":[]},"CAM_RIGHT":{"type":"sensor_cs","parent":"VELO_TOP","pose_wrt_parent":[-0.001596098749880686,-0.005270646083406376,0.9999848824834427,0.33219372564521515,-0.9999163217792767,0.012848686699665409,-0.0015282682317304763,-0.022106265805714228,-0.012840446259307029,-0.9999035698836585,-0.005290712540285821,-0.06171977166794895,0.0,0.0,0.0,1.0],"children":[]}},"frames":{"0":{"frame_properties":{"transforms":{"vehicle-iso8855_to_odom":{"src":"vehicle-iso8855","dst":"odom","transform_src_to_dst_4x4":[1.0,-8.023096076392733e-18,0.0,-4.656612873077393e-10,5.854691731421724e-18,1.0,0.0,-1.1641532182693481e-10,1.734723475976807e-18,-6.938893903907228e-18,1.0,0.0,0.0,0.0,0.0,1.0]}}},"objects":{"-1":{"object_data":{"bbox":[{"name":"box2D0","coordinate_system":"CAM_LEFT","val":[771.24,168.29,44.94,20.08]},{"name":"box2D1","coordinate_system":"CAM_LEFT","val":[584.765,175.455,39.21,24.85]},{"name":"box2D2","coordinate_system":"CAM_LEFT","val":[633.06,174.5,36.34,21.04]},{"name":"box2D3","coordinate_system":"CAM_LEFT","val":[434.15500000000003,186.935,24.85,24.87]},{"name":"box2D4","coordinate_system":"CAM_LEFT","val":[492.015,181.67499999999998,18.17,20.09]},{"name":"box2D5","coordinate_system":"CAM_LEFT","val":[514.48,181.67000000000002,9.56,18.16]},{"name":"box2D6","coordinate_system":"CAM_LEFT","val":[549.385,179.28,21.99,17.2]},{"name":"box2D7","coordinate_system":"CAM_LEFT","val":[531.6949999999999,179.28,15.31,15.3]},{"name":"box2D8","coordinate_system":"CAM_LEFT","val":[687.5649999999999,170.68,21.03,19.12]}],"cuboid":[{"name":"box3D","coordinate_system":"CAM_LEFT","val":[-10.0,499.0,-1.0,0,-1.0,0,-1000.0,-1000.0,-1000.0]}],"num":[{"name":"truncated","val":-1.0},{"name":"occluded","val":-1},{"name":"alpha","val":-10.0}]}},"0":{"object_data":{"bbox":[{"name":"box2D","coordinate_system":"CAM_LEFT","val":[931.74,171.335,33.0,65.01]}],"cuboid":[{"name":"box3D","coordinate_system":"CAM_LEFT","val":[9.35,-0.26,20.12,0,1.56,0,0.93,1.8,0.61]}],"num":[{"name":"truncated","val":0.0},{"name":"occluded","val":2},{"name":"alpha","val":1.13}]}},"-2":{}}},"1":{"frame_properties":{"transforms":{"vehicle-iso8855_to_odom":{"src":"vehicle-iso8855","dst":"odom","transform_src_to_dst_4x4":[0.9999998049639356,0.0005343974130428853,-0.000323251443855996,1.159122184121472,-0.000533964626022565,0.9999989630360266,0.001337463513547618,0.011725023434194761,0.0003239658456975763,-0.001337290647857689,0.9999990533494787,0.021251487942664807,0.0,0.0,0.0,1.0]}}},"objects":{"-1":{"object_data":{"bbox":[{"name":"box2D0","coordinate_system":"CAM_LEFT","val":[785.6,169.48000000000002,61.74,25.22]},{"name":"box2D1","coordinate_system":"CAM_LEFT","val":[584.765,175.455,39.21,24.85]},{"name":"box2D2","coordinate_system":"CAM_LEFT","val":[633.06,174.5,36.34,21.04]},{"name":"box2D3","coordinate_system":"CAM_LEFT","val":[434.15500000000003,186.935,24.85,24.87]},{"name":"box2D4","coordinate_system":"CAM_LEFT","val":[492.015,181.67499999999998,18.17,20.09]},{"name":"box2D5","coordinate_system":"CAM_LEFT","val":[514.48,181.67000000000002,9.56,18.16]},{"name":"box2D6","coordinate_system":"CAM_LEFT","val":[549.385,179.28,21.99,17.2]},{"name":"box2D7","coordinate_system":"CAM_LEFT","val":[531.215,179.28,10.51,19.12]},{"name":"box2D8","coordinate_system":"CAM_LEFT","val":[685.655,169.72,22.95,19.12]}],"cuboid":[{"name":"box3D","coordinate_system":"CAM_LEFT","val":[-10.0,499.0,-1.0,0,-1.0,0,-1000.0,-1000.0,-1000.0]}],"num":[{"name":"truncated","val":-1.0},{"name":"occluded","val":-1},{"name":"alpha","val":-10.0}]}},"0":{"object_data":{"bbox":[{"name":"box2D","coordinate_system":"CAM_LEFT","val":[956.83,174.12,35.22,69.7]}],"cuboid":[{"name":"box3D","coordinate_system":"CAM_LEFT","val":[9.42,-0.17,18.8,0,1.56,0,0.93,1.8,0.61]}],"num":[{"name":"truncated","val":0.0},{"name":"occluded","val":2},{"name":"alpha","val":1.1}]}},"-2":{}}},"2":{"frame_properties":{"transforms":{"vehicle-iso8855_to_odom":{"src":"vehicle-iso8855","dst":"odom","transform_src_to_dst_4x4":[0.9999993518065459,0.0011383408727696942,2.380222708644254e-05,2.4307270634391616,-0.0011384256846051505,0.9999916173769898,0.003933085647696318,0.02332248754206394,-1.9324835412468322e-05,-0.003933110195362623,0.9999922651054567,0.04176619396666323,0.0,0.0,0.0,1.0]}}},"objects":{"-1":{"object_data":{"bbox":[{"name":"box2D0","coordinate_system":"CAM_LEFT","val":[584.765,175.455,39.21,24.85]},{"name":"box2D1","coordinate_system":"CAM_LEFT","val":[633.06,174.5,36.34,21.04]},{"name":"box2D2","coordinate_system":"CAM_LEFT","val":[434.15500000000003,186.935,24.85,24.87]},{"name":"box2D3","coordinate_system":"CAM_LEFT","val":[492.015,181.67499999999998,18.17,20.09]},{"name":"box2D4","coordinate_system":"CAM_LEFT","val":[514.48,181.67000000000002,9.56,18.16]},{"name":"box2D5","coordinate_system":"CAM_LEFT","val":[549.385,179.28,21.99,17.2]},{"name":"box2D6","coordinate_system":"CAM_LEFT","val":[531.215,179.28,10.51,19.12]},{"name":"box2D7","coordinate_system":"CAM_LEFT","val":[690.4300000000001,172.59,28.68,21.04]}],"cuboid":[{"name":"box3D","coordinate_system":"CAM_LEFT","val":[-10.0,499.0,-1.0,0,-1.0,0,-1000.0,-1000.0,-1000.0]}],"num":[{"name":"truncated","val":-1.0},{"name":"occluded","val":-1},{"name":"alpha","val":-10.0}]}},"0":{"object_data":{"bbox":[{"name":"box2D","coordinate_system":"CAM_LEFT","val":[981.75,174.175,34.0,75.15]}],"cuboid":[{"name":"box3D","coordinate_system":"CAM_LEFT","val":[9.44,-0.16,17.47,0,1.56,0,0.93,1.8,0.61]}],"num":[{"name":"truncated","val":0.0},{"name":"occluded","val":1},{"name":"alpha","val":1.07}]}},"1":{"object_data":{"bbox":[{"name":"box2D","coordinate_system":"CAM_LEFT","val":[777.6500000000001,165.68,56.64,19.7]}],"cuboid":[{"name":"box3D","coordinate_system":"CAM_LEFT","val":[13.96,-1.17,57.2,0,3.09,0,4.09,1.51,1.76]}],"num":[{"name":"truncated","val":0.0},{"name":"occluded","val":1},{"name":"alpha","val":2.85}]}},"-2":{}}},"3":{"frame_properties":{"transforms":{"vehicle-iso8855_to_odom":{"src":"vehicle-iso8855","dst":"odom","transform_src_to_dst_4x4":[0.9999984940510339,0.0016452701822640165,0.0005522514750425408,3.583603927831465,-0.0016481004781790944,0.9999853068153154,0.005164292622800316,0.03303991635125008,-0.0005437467040448471,-0.005165195011559297,0.9999865124590501,0.06222762869787828,0.0,0.0,0.0,1.0]}}},"objects":{"-1":{"object_data":{"bbox":[{"name":"box2D0","coordinate_system":"CAM_LEFT","val":[633.06,174.5,36.34,21.04]},{"name":"box2D1","coordinate_system":"CAM_LEFT","val":[434.15500000000003,186.935,24.85,24.87]},{"name":"box2D2","coordinate_system":"CAM_LEFT","val":[492.015,181.67499999999998,18.17,20.09]},{"name":"box2D3","coordinate_system":"CAM_LEFT","val":[514.48,181.67000000000002,9.56,18.16]},{"name":"box2D4","coordinate_system":"CAM_LEFT","val":[549.385,179.28,21.99,17.2]},{"name":"box2D5","coordinate_system":"CAM_LEFT","val":[531.215,179.28,10.51,19.12]},{"name":"box2D6","coordinate_system":"CAM_LEFT","val":[690.4300000000001,172.59,28.68,21.04]},{"name":"box2D7","coordinate_system":"CAM_LEFT","val":[595.29,177.845,14.34,16.25]}],"cuboid":[{"name":"box3D","coordinate_system":"CAM_LEFT","val":[-10.0,499.0,-1.0,0,-1.0,0,-1000.0,-1000.0,-1000.0]}],"num":[{"name":"truncated","val":-1.0},{"name":"occluded","val":-1},{"name":"alpha","val":-10.0}]}},"0":{"object_data":{"bbox":[{"name":"box2D","coordinate_system":"CAM_LEFT","val":[1014.4799999999999,174.24,33.6,81.54]}],"cuboid":[{"name":"box3D","coordinate_system":"CAM_LEFT","val":[9.48,-0.14,16.14,0,1.56,0,0.93,1.8,0.61]}],"num":[{"name":"truncated","val":0.0},{"name":"occluded","val":2},{"name":"alpha","val":1.03}]}},"1":{"object_data":{"bbox":[{"name":"box2D","coordinate_system":"CAM_LEFT","val":[781.1500000000001,165.18,57.92,20.12]}],"cuboid":[{"name":"box3D","coordinate_system":"CAM_LEFT","val":[13.95,-1.19,56.03,0,3.09,0,4.09,1.51,1.76]}],"num":[{"name":"truncated","val":0.0},{"name":"occluded","val":1},{"name":"alpha","val":2.84}]}},"2":{"object_data":{"bbox":[{"name":"box2D","coordinate_system":"CAM_LEFT","val":[571.52,175.575,19.72,15.71]}],"cuboid":[{"name":"box3D","coordinate_system":"CAM_LEFT","val":[-3.26,-0.49,70.38,0,-1.57,0,3.68,1.5,1.78]}],"num":[{"name":"truncated","val":0.0},{"name":"occluded","val":0},{"name":"alpha","val":-1.52}]}},"-2":{}}},"4":{"frame_properties":{"transforms":{"vehicle-iso8855_to_odom":{"src":"vehicle-iso8855","dst":"odom","transform_src_to_dst_4x4":[0.9999974449838007,0.002090763369545871,0.0008594965983006339,4.845306603943594,-0.0020962416280907617,0.9999771745736764,0.006423091365014369,0.04349094174949597,-0.0008460478157791408,-0.006424876666460466,0.9999790023610066,0.08178677577839723,0.0,0.0,0.0,1.0]}}},"objects":{"-1":{"object_data":{"bbox":[{"name":"box2D0","coordinate_system":"CAM_LEFT","val":[633.06,174.5,36.34,21.04]},{"name":"box2D1","coordinate_system":"CAM_LEFT","val":[434.15500000000003,186.935,24.85,24.87]},{"name":"box2D2","coordinate_system":"CAM_LEFT","val":[492.015,181.67499999999998,18.17,20.09]},{"name":"box2D3","coordinate_system":"CAM_LEFT","val":[514.48,181.67000000000002,9.56,18.16]},{"name":"box2D4","coordinate_system":"CAM_LEFT","val":[549.385,179.28,21.99,17.2]},{"name":"box2D5","coordinate_system":"CAM_LEFT","val":[531.215,179.28,10.51,19.12]},{"name":"box2D6","coordinate_system":"CAM_LEFT","val":[690.4300000000001,172.59,28.68,21.04]},{"name":"box2D7","coordinate_system":"CAM_LEFT","val":[590.505,176.895,20.07,16.25]}],"cuboid":[{"name":"box3D","coordinate_system":"CAM_LEFT","val":[-10.0,499.0,-1.0,0,-1.0,0,-1000.0,-1000.0,-1000.0]}],"num":[{"name":"truncated","val":-1.0},{"name":"occluded","val":-1},{"name":"alpha","val":-10.0}]}},"0":{"object_data":{"bbox":[{"name":"box2D","coordinate_system":"CAM_LEFT","val":[1049.85,174.305,29.0,89.11]}],"cuboid":[{"name":"box3D","coordinate_system":"CAM_LEFT","val":[9.51,-0.13,14.81,0,1.56,0,0.93,1.8,0.61]}],"num":[{"name":"truncated","val":0.0},{"name":"occluded","val":2},{"name":"alpha","val":1.0}]}},"1":{"object_data":{"bbox":[{"name":"box2D","coordinate_system":"CAM_LEFT","val":[784.805,164.665,59.27,20.57]}],"cuboid":[{"name":"box3D","coordinate_system":"CAM_LEFT","val":[13.93,-1.2,54.85,0,3.09,0,4.09,1.51,1.76]}],"num":[{"name":"truncated","val":0.0},{"name":"occluded","val":1},{"name":"alpha","val":2.84}]}},"2":{"object_data":{"bbox":[{"name":"box2D","coordinate_system":"CAM_LEFT","val":[571.46,175.56,20.02,15.96]}],"cuboid":[{"name":"box3D","coordinate_system":"CAM_LEFT","val":[-3.22,-0.48,69.28,0,-1.57,0,3.68,1.5,1.78]}],"num":[{"name":"truncated","val":0.0},{"name":"occluded","val":0},{"name":"alpha","val":-1.52}]}},"-2":{}}},"5":{"frame_properties":{"transforms":{"vehicle-iso8855_to_odom":{"src":"vehicle-iso8855","dst":"odom","transform_src_to_dst_4x4":[0.9999956116675324,0.0024160879428923475,0.0017143992331730034,5.9818656021827366,-0.002427570006629069,0.9999744251408657,0.006727255611212056,0.05471608183286888,-0.0016981017464831089,-0.006731387913935682,0.9999759021432518,0.09911377307448355,0.0,0.0,0.0,1.0]}}},"objects":{"-1":{"object_data":{"bbox":[{"name":"box2D0","coordinate_system":"CAM_LEFT","val":[633.06,174.5,36.34,21.04]},{"name":"box2D1","coordinate_system":"CAM_LEFT","val":[434.15500000000003,186.935,24.85,24.87]},{"name":"box2D2","coordinate_system":"CAM_LEFT","val":[492.015,181.67499999999998,18.17,20.09]},{"name":"box2D3","coordinate_system":"CAM_LEFT","val":[514.48,181.67000000000002,9.56,18.16]},{"name":"box2D4","coordinate_system":"CAM_LEFT","val":[690.4300000000001,172.59,28.68,21.04]},{"name":"box2D5","coordinate_system":"CAM_LEFT","val":[543.645,179.76000000000002,31.55,18.16]},{"name":"box2D6","coordinate_system":"CAM_LEFT","val":[589.54,175.935,16.26,18.17]}],"cuboid":[{"name":"box3D","coordinate_system":"CAM_LEFT","val":[-10.0,499.0,-1.0,0,-1.0,0,-1000.0,-1000.0,-1000.0]}],"num":[{"name":"truncated","val":-1.0},{"name":"occluded","val":-1},{"name":"alpha","val":-10.0}]}},"0":{"object_data":{"bbox":[{"name":"box2D","coordinate_system":"CAM_LEFT","val":[1097.985,174.395,31.47,98.23]}],"cuboid":[{"name":"box3D","coordinate_system":"CAM_LEFT","val":[9.53,-0.12,13.47,0,1.56,0,0.93,1.8,0.61]}],"num":[{"name":"truncated","val":0.0},{"name":"occluded","val":1},{"name":"alpha","val":0.95}]}},"1":{"object_data":{"bbox":[{"name":"box2D","coordinate_system":"CAM_LEFT","val":[788.615,164.125,60.67,21.03]}],"cuboid":[{"name":"box3D","coordinate_system":"CAM_LEFT","val":[13.92,-1.22,53.68,0,3.09,0,4.09,1.51,1.76]}],"num":[{"name":"truncated","val":0.0},{"name":"occluded","val":1},{"name":"alpha","val":2.83}]}},"2":{"object_data":{"bbox":[{"name":"box2D","coordinate_system":"CAM_LEFT","val":[571.395,175.54500000000002,20.33,16.23]}],"cuboid":[{"name":"box3D","coordinate_system":"CAM_LEFT","val":[-3.17,-0.48,68.19,0,-1.57,0,3.68,1.5,1.78]}],"num":[{"name":"truncated","val":0.0},{"name":"occluded","val":0},{"name":"alpha","val":-1.52}]}},"-2":{}}},"6":{"frame_properties":{"transforms":{"vehicle-iso8855_to_odom":{"src":"vehicle-iso8855","dst":"odom","transform_src_to_dst_4x4":[0.9999905678284429,0.0028092845135998827,0.00331242730794853,7.119111776079205,-0.002830334291378063,0.9999757229308196,0.006367319434735409,0.06329263033386992,-0.0032944592800404756,-0.0063766346536835265,0.9999742422025408,0.11485925924949442,0.0,0.0,0.0,1.0]}}},"objects":{"-1":{"object_data":{"bbox":[{"name":"box2D0","coordinate_system":"CAM_LEFT","val":[633.06,174.5,36.34,21.04]},{"name":"box2D1","coordinate_system":"CAM_LEFT","val":[434.15500000000003,186.935,24.85,24.87]},{"name":"box2D2","coordinate_system":"CAM_LEFT","val":[492.015,181.67499999999998,18.17,20.09]},{"name":"box2D3","coordinate_system":"CAM_LEFT","val":[514.48,181.67000000000002,9.56,18.16]},{"name":"box2D4","coordinate_system":"CAM_LEFT","val":[690.4300000000001,172.59,28.68,21.04]},{"name":"box2D5","coordinate_system":"CAM_LEFT","val":[543.645,179.76000000000002,31.55,18.16]},{"name":"box2D6","coordinate_system":"CAM_LEFT","val":[587.635,175.935,20.07,18.17]}],"cuboid":[{"name":"box3D","coordinate_system":"CAM_LEFT","val":[-10.0,499.0,-1.0,0,-1.0,0,-1000.0,-1000.0,-1000.0]}],"num":[{"name":"truncated","val":-1.0},{"name":"occluded","val":-1},{"name":"alpha","val":-10.0}]}},"0":{"object_data":{"bbox":[{"name":"box2D","coordinate_system":"CAM_LEFT","val":[1149.14,174.525,29.5,109.53]}],"cuboid":[{"name":"box3D","coordinate_system":"CAM_LEFT","val":[9.52,-0.09,12.13,0,1.56,0,0.93,1.8,0.61]}],"num":[{"name":"truncated","val":0.0},{"name":"occluded","val":0},{"name":"alpha","val":0.9}]}},"1":{"object_data":{"bbox":[{"name":"box2D","coordinate_system":"CAM_LEFT","val":[792.6,163.56,62.14,21.52]}],"cuboid":[{"name":"box3D","coordinate_system":"CAM_LEFT","val":[13.91,-1.23,52.51,0,3.09,0,4.09,1.51,1.76]}],"num":[{"name":"truncated","val":0.0},{"name":"occluded","val":1},{"name":"alpha","val":2.83}]}},"2":{"object_data":{"bbox":[{"name":"box2D","coordinate_system":"CAM_LEFT","val":[570.515,174.32,20.71,16.52]}],"cuboid":[{"name":"box3D","coordinate_system":"CAM_LEFT","val":[-3.2,-0.57,67.02,0,-1.57,0,3.68,1.5,1.78]}],"num":[{"name":"truncated","val":0.0},{"name":"occluded","val":0},{"name":"alpha","val":-1.52}]}},"-2":{}}},"7":{"frame_properties":{"transforms":{"vehicle-iso8855_to_odom":{"src":"vehicle-iso8855","dst":"odom","transform_src_to_dst_4x4":[0.9999829010455583,0.0030909352795224112,0.004964245723880111,8.366439181640986,-0.0031188241954888643,0.999979343631223,0.005620075311417003,0.0715663087460486,-0.0049467718915360975,-0.005635461823681311,0.9999718851137198,0.1301456694279816,0.0,0.0,0.0,1.0]}}},"objects":{"-1":{"object_data":{"bbox":[{"name":"box2D0","coordinate_system":"CAM_LEFT","val":[434.15500000000003,186.935,24.85,24.87]},{"name":"box2D1","coordinate_system":"CAM_LEFT","val":[492.015,181.67499999999998,18.17,20.09]},{"name":"box2D2","coordinate_system":"CAM_LEFT","val":[514.48,181.67000000000002,9.56,18.16]},{"name":"box2D3","coordinate_system":"CAM_LEFT","val":[543.645,179.76000000000002,31.55,18.16]},{"name":"box2D4","coordinate_system":"CAM_LEFT","val":[624.45,169.245,22.94,16.25]},{"name":"box2D5","coordinate_system":"CAM_LEFT","val":[693.3000000000001,169.23499999999999,22.94,20.09]},{"name":"box2D6","coordinate_system":"CAM_LEFT","val":[587.635,173.545,14.33,19.13]}],"cuboid":[{"name":"box3D","coordinate_system":"CAM_LEFT","val":[-10.0,499.0,-1.0,0,-1.0,0,-1000.0,-1000.0,-1000.0]}],"num":[{"name":"truncated","val":-1.0},{"name":"occluded","val":-1},{"name":"alpha","val":-10.0}]}},"0":{"object_data":{"bbox":[{"name":"box2D","coordinate_system":"CAM_LEFT","val":[1203.6850000000002,174.935,38.61,120.31]}],"cuboid":[{"name":"box3D","coordinate_system":"CAM_LEFT","val":[9.51,-0.08,10.79,0,1.56,0,0.93,1.8,0.61]}],"num":[{"name":"truncated","val":1.0},{"name":"occluded","val":3},{"name":"alpha","val":0.85}]}},"1":{"object_data":{"bbox":[{"name":"box2D","coordinate_system":"CAM_LEFT","val":[796.765,162.97500000000002,63.69,22.03]}],"cuboid":[{"name":"box3D","coordinate_system":"CAM_LEFT","val":[13.9,-1.25,51.34,0,3.09,0,4.09,1.51,1.76]}],"num":[{"name":"truncated","val":0.0},{"name":"occluded","val":2},{"name":"alpha","val":2.82}]}},"2":{"object_data":{"bbox":[{"name":"box2D","coordinate_system":"CAM_LEFT","val":[569.5999999999999,173.06,21.12,16.82]}],"cuboid":[{"name":"box3D","coordinate_system":"CAM_LEFT","val":[-3.23,-0.69,65.84,0,-1.57,0,3.68,1.5,1.78]}],"num":[{"name":"truncated","val":0.0},{"name":"occluded","val":0},{"name":"alpha","val":-1.52}]}},"24":{"object_data":{"bbox":[{"name":"box2D","coordinate_system":"CAM_LEFT","val":[633.175,171.915,14.61,17.93]}],"cuboid":[{"name":"box3D","coordinate_system":"CAM_LEFT","val":[2.91,-0.88,72.03,0,-3.13,0,1.43,1.8,0.67]}],"num":[{"name":"truncated","val":0.0},{"name":"occluded","val":0},{"name":"alpha","val":3.1}]}},"-2":{}}},"8":{"frame_properties":{"transforms":{"vehicle-iso8855_to_odom":{"src":"vehicle-iso8855","dst":"odom","transform_src_to_dst_4x4":[0.9999805587358799,0.0033645207591612588,0.005249966698776099,9.492757394518328,-0.0033889522250168435,0.9999834381787197,0.004651706255098362,0.08182054742966997,-0.005234228987505104,-0.004669407706373553,0.9999753994366949,0.14607606343543086,0.0,0.0,0.0,1.0]}}},"objects":{"-1":{"object_data":{"bbox":[{"name":"box2D0","coordinate_system":"CAM_LEFT","val":[434.15500000000003,186.935,24.85,24.87]},{"name":"box2D1","coordinate_system":"CAM_LEFT","val":[492.015,181.67499999999998,18.17,20.09]},{"name":"box2D2","coordinate_system":"CAM_LEFT","val":[514.48,181.67000000000002,9.56,18.16]},{"name":"box2D3","coordinate_system":"CAM_LEFT","val":[543.645,179.76000000000002,31.55,18.16]},{"name":"box2D4","coordinate_system":"CAM_LEFT","val":[698.5600000000001,169.245,21.98,18.17]},{"name":"box2D5","coordinate_system":"CAM_LEFT","val":[618.71,166.845,34.42,15.31]},{"name":"box2D6","coordinate_system":"CAM_LEFT","val":[576.29,174.78500000000003,30.6,24.47]}],"cuboid":[{"name":"box3D","coordinate_system":"CAM_LEFT","val":[-10.0,499.0,-1.0,0,-1.0,0,-1000.0,-1000.0,-1000.0]}],"num":[{"name":"truncated","val":-1.0},{"name":"occluded","val":-1},{"name":"alpha","val":-10.0}]}},"1":{"object_data":{"bbox":[{"name":"box2D","coordinate_system":"CAM_LEFT","val":[801.1,162.9,65.3,22.54]}],"cuboid":[{"name":"box3D","coordinate_system":"CAM_LEFT","val":[13.89,-1.22,50.17,0,3.09,0,4.09,1.51,1.76]}],"num":[{"name":"truncated","val":0.0},{"name":"occluded","val":2},{"name":"alpha","val":2.82}]}},"2":{"object_data":{"bbox":[{"name":"box2D","coordinate_system":"CAM_LEFT","val":[568.66,171.745,21.54,17.13]}],"cuboid":[{"name":"box3D","coordinate_system":"CAM_LEFT","val":[-3.26,-0.78,64.67,0,-1.57,0,3.68,1.5,1.78]}],"num":[{"name":"truncated","val":0.0},{"name":"occluded","val":0},{"name":"alpha","val":-1.52}]}},"24":{"object_data":{"bbox":[{"name":"box2D","coordinate_system":"CAM_LEFT","val":[627.95,172.155,6.66,18.23]}],"cuboid":[{"name":"box3D","coordinate_system":"CAM_LEFT","val":[2.77,-0.84,70.88,0,-3.13,0,1.43,1.8,0.67]}],"num":[{"name":"truncated","val":0.0},{"name":"occluded","val":1},{"name":"alpha","val":3.1}]}},"-2":{}}},"9":{"frame_properties":{"transforms":{"vehicle-iso8855_to_odom":{"src":"vehicle-iso8855","dst":"odom","transform_src_to_dst_4x4":[0.9999846755844953,0.0037251051536104844,0.004095386155955346,10.617241805612764,-0.0037390345431763915,0.9999872336016852,0.003398860740601106,0.09532289207980219,-0.004082672758963207,-0.0034141214453516713,0.9999858376786641,0.1661635785099093,0.0,0.0,0.0,1.0]}}},"objects":{"-1":{"object_data":{"bbox":[{"name":"box2D0","coordinate_system":"CAM_LEFT","val":[492.015,181.67499999999998,18.17,20.09]},{"name":"box2D1","coordinate_system":"CAM_LEFT","val":[698.5600000000001,169.245,21.98,18.17]},{"name":"box2D2","coordinate_system":"CAM_LEFT","val":[514.005,176.415,18.17,24.87]},{"name":"box2D3","coordinate_system":"CAM_LEFT","val":[541.26,173.545,19.12,19.13]},{"name":"box2D4","coordinate_system":"CAM_LEFT","val":[620.625,166.845,28.69,15.31]},{"name":"box2D5","coordinate_system":"CAM_LEFT","val":[434.51,187.03,28.56,24.48]},{"name":"box2D6","coordinate_system":"CAM_LEFT","val":[573.74,176.83,33.66,22.44]}],"cuboid":[{"name":"box3D","coordinate_system":"CAM_LEFT","val":[-10.0,499.0,-1.0,0,-1.0,0,-1000.0,-1000.0,-1000.0]}],"num":[{"name":"truncated","val":-1.0},{"name":"occluded","val":-1},{"name":"alpha","val":-10.0}]}},"1":{"object_data":{"bbox":[{"name":"box2D","coordinate_system":"CAM_LEFT","val":[805.64,162.82999999999998,67.0,23.08]}],"cuboid":[{"name":"box3D","coordinate_system":"CAM_LEFT","val":[13.88,-1.2,49.01,0,3.09,0,4.09,1.51,1.76]}],"num":[{"name":"truncated","val":0.0},{"name":"occluded","val":2},{"name":"alpha","val":2.81}]}},"2":{"object_data":{"bbox":[{"name":"box2D","coordinate_system":"CAM_LEFT","val":[566.775,173.90499999999997,22.03,17.47]}],"cuboid":[{"name":"box3D","coordinate_system":"CAM_LEFT","val":[-3.37,-0.59,63.5,0,-1.57,0,3.68,1.5,1.78]}],"num":[{"name":"truncated","val":0.0},{"name":"occluded","val":0},{"name":"alpha","val":-1.52}]}},"24":{"object_data":{"bbox":[{"name":"box2D","coordinate_system":"CAM_LEFT","val":[628.14,172.39499999999998,7.72,18.53]}],"cuboid":[{"name":"box3D","coordinate_system":"CAM_LEFT","val":[2.63,-0.8,69.73,0,-3.13,0,1.43,1.8,0.67]}],"num":[{"name":"truncated","val":0.0},{"name":"occluded","val":2},{"name":"alpha","val":3.1}]}},"-2":{}}},"10":{"frame_properties":{"transforms":{"vehicle-iso8855_to_odom":{"src":"vehicle-iso8855","dst":"odom","transform_src_to_dst_4x4":[0.9999704184029795,0.004055717523697969,0.006535554631231821,11.861782800794291,-0.0040819499923918446,0.9999836467679956,0.0040054813494493505,0.11431171163748949,-0.006519202652890849,-0.004032040668091446,0.9999706208908447,0.20095619607446197,0.0,0.0,0.0,1.0]}}},"objects":{"-1":{"object_data":{"bbox":[{"name":"box2D0","coordinate_system":"CAM_LEFT","val":[434.15500000000003,186.935,24.85,24.87]},{"name":"box2D1","coordinate_system":"CAM_LEFT","val":[698.5600000000001,169.245,21.98,18.17]},{"name":"box2D2","coordinate_system":"CAM_LEFT","val":[540.78,172.59,20.08,21.04]},{"name":"box2D3","coordinate_system":"CAM_LEFT","val":[500.13500000000005,176.89,42.07,23.9]},{"name":"box2D4","coordinate_system":"CAM_LEFT","val":[618.71,165.42,28.68,14.34]},{"name":"box2D5","coordinate_system":"CAM_LEFT","val":[571.1850000000001,173.76999999999998,32.63,20.4]}],"cuboid":[{"name":"box3D","coordinate_system":"CAM_LEFT","val":[-10.0,499.0,-1.0,0,-1.0,0,-1000.0,-1000.0,-1000.0]}],"num":[{"name":"truncated","val":-1.0},{"name":"occluded","val":-1},{"name":"alpha","val":-10.0}]}},"1":{"object_data":{"bbox":[{"name":"box2D","coordinate_system":"CAM_LEFT","val":[810.405,162.75,68.79,23.64]}],"cuboid":[{"name":"box3D","coordinate_system":"CAM_LEFT","val":[13.87,-1.17,47.84,0,3.09,0,4.09,1.51,1.76]}],"num":[{"name":"truncated","val":0.0},{"name":"occluded","val":1},{"name":"alpha","val":2.8}]}},"2":{"object_data":{"bbox":[{"name":"box2D","coordinate_system":"CAM_LEFT","val":[565.41,171.72,22.56,17.84]}],"cuboid":[{"name":"box3D","coordinate_system":"CAM_LEFT","val":[-3.42,-0.75,62.19,0,-1.57,0,3.68,1.5,1.78]}],"num":[{"name":"truncated","val":0.0},{"name":"occluded","val":0},{"name":"alpha","val":-1.52}]}},"24":{"object_data":{"bbox":[{"name":"box2D","coordinate_system":"CAM_LEFT","val":[628.385,170.54,8.67,18.84]}],"cuboid":[{"name":"box3D","coordinate_system":"CAM_LEFT","val":[2.49,-0.96,68.58,0,-3.13,0,1.43,1.8,0.67]}],"num":[{"name":"truncated","val":0.0},{"name":"occluded","val":2},{"name":"alpha","val":3.1}]}},"-2":{}}},"11":{"frame_properties":{"transforms":{"vehicle-iso8855_to_odom":{"src":"vehicle-iso8855","dst":"odom","transform_src_to_dst_4x4":[0.9999301704982463,0.00470607640698093,0.010840063293135102,12.987927024570252,-0.004746291933369683,0.9999819386033476,0.0036871642184786503,0.12752489123691324,-0.01082251542991498,-0.0037383568506038356,0.9999344467753006,0.23602299195934892,0.0,0.0,0.0,1.0]}}},"objects":{"-1":{"object_data":{"bbox":[{"name":"box2D0","coordinate_system":"CAM_LEFT","val":[439.41,182.63,27.72,27.72]},{"name":"box2D1","coordinate_system":"CAM_LEFT","val":[497.26500000000004,173.545,42.07,26.77]},{"name":"box2D2","coordinate_system":"CAM_LEFT","val":[542.6899999999999,168.765,20.08,22.95]},{"name":"box2D3","coordinate_system":"CAM_LEFT","val":[699.995,164.465,22.95,21.99]},{"name":"box2D4","coordinate_system":"CAM_LEFT","val":[616.325,162.075,27.73,13.39]},{"name":"box2D5","coordinate_system":"CAM_LEFT","val":[570.6750000000001,172.235,33.65,19.37]}],"cuboid":[{"name":"box3D","coordinate_system":"CAM_LEFT","val":[-10.0,499.0,-1.0,0,-1.0,0,-1000.0,-1000.0,-1000.0]}],"num":[{"name":"truncated","val":-1.0},{"name":"occluded","val":-1},{"name":"alpha","val":-10.0}]}},"1":{"object_data":{"bbox":[{"name":"box2D","coordinate_system":"CAM_LEFT","val":[815.4050000000001,162.66500000000002,70.67,24.23]}],"cuboid":[{"name":"box3D","coordinate_system":"CAM_LEFT","val":[13.86,-1.15,46.68,0,3.09,0,4.09,1.51,1.76]}],"num":[{"name":"truncated","val":0.0},{"name":"occluded","val":2},{"name":"alpha","val":2.8}]}},"2":{"object_data":{"bbox":[{"name":"box2D","coordinate_system":"CAM_LEFT","val":[563.9799999999999,169.44,23.12,18.24]}],"cuboid":[{"name":"box3D","coordinate_system":"CAM_LEFT","val":[-3.47,-0.93,60.88,0,-1.57,0,3.68,1.5,1.78]}],"num":[{"name":"truncated","val":0.0},{"name":"occluded","val":0},{"name":"alpha","val":-1.52}]}},"24":{"object_data":{"bbox":[{"name":"box2D","coordinate_system":"CAM_LEFT","val":[627.8100000000001,168.625,7.16,19.17]}],"cuboid":[{"name":"box3D","coordinate_system":"CAM_LEFT","val":[2.35,-1.12,67.42,0,-3.13,0,1.43,1.8,0.67]}],"num":[{"name":"truncated","val":0.0},{"name":"occluded","val":2},{"name":"alpha","val":3.1}]}},"-2":{}}},"12":{"frame_properties":{"transforms":{"vehicle-iso8855_to_odom":{"src":"vehicle-iso8855","dst":"odom","transform_src_to_dst_4x4":[0.9999294835564635,0.005313749096901527,0.010620357105067809,14.106688314169018,-0.005330074855621631,0.9999846557371297,0.0015095006883304753,0.1353052531420509,-0.01061217303559722,-0.0015660015420738812,0.9999424630560665,0.2650611535355889,0.0,0.0,0.0,1.0]}}},"objects":{"-1":{"object_data":{"bbox":[{"name":"box2D0","coordinate_system":"CAM_LEFT","val":[439.41,182.63,27.72,27.72]},{"name":"box2D1","coordinate_system":"CAM_LEFT","val":[497.26500000000004,173.545,42.07,26.77]},{"name":"box2D2","coordinate_system":"CAM_LEFT","val":[542.6899999999999,168.765,20.08,22.95]},{"name":"box2D3","coordinate_system":"CAM_LEFT","val":[701.4300000000001,165.42,18.16,23.9]},{"name":"box2D4","coordinate_system":"CAM_LEFT","val":[579.985,174.02499999999998,21.99,20.09]},{"name":"box2D5","coordinate_system":"CAM_LEFT","val":[618.235,163.02,27.73,13.38]}],"cuboid":[{"name":"box3D","coordinate_system":"CAM_LEFT","val":[-10.0,499.0,-1.0,0,-1.0,0,-1000.0,-1000.0,-1000.0]}],"num":[{"name":"truncated","val":-1.0},{"name":"occluded","val":-1},{"name":"alpha","val":-10.0}]}},"1":{"object_data":{"bbox":[{"name":"box2D","coordinate_system":"CAM_LEFT","val":[820.6650000000001,162.57500000000002,72.65,24.85]}],"cuboid":[{"name":"box3D","coordinate_system":"CAM_LEFT","val":[13.85,-1.13,45.52,0,3.09,0,4.09,1.51,1.76]}],"num":[{"name":"truncated","val":0.0},{"name":"occluded","val":2},{"name":"alpha","val":2.79}]}},"2":{"object_data":{"bbox":[{"name":"box2D","coordinate_system":"CAM_LEFT","val":[562.61,170.425,23.64,18.61]}],"cuboid":[{"name":"box3D","coordinate_system":"CAM_LEFT","val":[-3.52,-0.83,59.69,0,-1.57,0,3.68,1.5,1.78]}],"num":[{"name":"truncated","val":0.0},{"name":"occluded","val":0},{"name":"alpha","val":-1.51}]}},"24":{"object_data":{"bbox":[{"name":"box2D","coordinate_system":"CAM_LEFT","val":[627.11,167.965,5.5,19.51]}],"cuboid":[{"name":"box3D","coordinate_system":"CAM_LEFT","val":[2.22,-1.16,66.22,0,-3.14,0,1.43,1.8,0.67]}],"num":[{"name":"truncated","val":0.0},{"name":"occluded","val":2},{"name":"alpha","val":3.1}]}},"-2":{}}},"13":{"frame_properties":{"transforms":{"vehicle-iso8855_to_odom":{"src":"vehicle-iso8855","dst":"odom","transform_src_to_dst_4x4":[0.9999660915452107,0.00541800086719945,0.0062016954454684504,15.335925012209504,-0.00541524366026916,0.9999852310624315,-0.0004612950416122371,0.13783126926248684,-0.0062041031499510775,0.000427695707866151,0.9999806629032811,0.2767486525356752,0.0,0.0,0.0,1.0]}}},"objects":{"-1":{"object_data":{"bbox":[{"name":"box2D0","coordinate_system":"CAM_LEFT","val":[439.41,182.63,27.72,27.72]},{"name":"box2D1","coordinate_system":"CAM_LEFT","val":[542.6899999999999,168.765,20.08,22.95]},{"name":"box2D2","coordinate_system":"CAM_LEFT","val":[701.4300000000001,165.42,18.16,23.9]},{"name":"box2D3","coordinate_system":"CAM_LEFT","val":[618.235,163.02,27.73,13.38]},{"name":"box2D4","coordinate_system":"CAM_LEFT","val":[507.31,175.935,25.82,25.81]},{"name":"box2D5","coordinate_system":"CAM_LEFT","val":[572.2049999999999,174.79,40.81,22.44]}],"cuboid":[{"name":"box3D","coordinate_system":"CAM_LEFT","val":[-10.0,499.0,-1.0,0,-1.0,0,-1000.0,-1000.0,-1000.0]}],"num":[{"name":"truncated","val":-1.0},{"name":"occluded","val":-1},{"name":"alpha","val":-10.0}]}},"1":{"object_data":{"bbox":[{"name":"box2D","coordinate_system":"CAM_LEFT","val":[826.2,162.48499999999999,74.76,25.51]}],"cuboid":[{"name":"box3D","coordinate_system":"CAM_LEFT","val":[13.84,-1.1,44.35,0,3.09,0,4.09,1.51,1.76]}],"num":[{"name":"truncated","val":0.0},{"name":"occluded","val":2},{"name":"alpha","val":2.78}]}},"2":{"object_data":{"bbox":[{"name":"box2D","coordinate_system":"CAM_LEFT","val":[562.0899999999999,172.38,24.12,19.0]}],"cuboid":[{"name":"box3D","coordinate_system":"CAM_LEFT","val":[-3.49,-0.66,58.52,0,-1.57,0,3.68,1.5,1.78]}],"num":[{"name":"truncated","val":0.0},{"name":"occluded","val":0},{"name":"alpha","val":-1.51}]}},"24":{"object_data":{"bbox":[{"name":"box2D","coordinate_system":"CAM_LEFT","val":[627.0,170.79999999999998,6.8,19.9]}],"cuboid":[{"name":"box3D","coordinate_system":"CAM_LEFT","val":[2.02,-0.89,64.95,0,-3.14,0,1.43,1.8,0.67]}],"num":[{"name":"truncated","val":0.0},{"name":"occluded","val":2},{"name":"alpha","val":3.1}]}},"25":{"object_data":{"bbox":[{"name":"box2D","coordinate_system":"CAM_LEFT","val":[482.04499999999996,178.23,16.41,21.7]}],"cuboid":[{"name":"box3D","coordinate_system":"CAM_LEFT","val":[-10.97,-0.2,63.29,0,0.07,0,1.32,1.91,0.56]}],"num":[{"name":"truncated","val":0.0},{"name":"occluded","val":0},{"name":"alpha","val":0.24}]}},"-2":{}}},"14":{"frame_properties":{"transforms":{"vehicle-iso8855_to_odom":{"src":"vehicle-iso8855","dst":"odom","transform_src_to_dst_4x4":[0.9999782498938204,0.005190737339864866,0.004068904663518257,16.45913064507236,-0.005175989351377654,0.9999800277135232,-0.003626748998165134,0.13629215005907347,-0.004087648899635763,0.003605609508779202,0.99998514524294,0.28363876973101215,0.0,0.0,0.0,1.0]}}},"objects":{"-1":{"object_data":{"bbox":[{"name":"box2D0","coordinate_system":"CAM_LEFT","val":[439.41,182.63,27.72,27.72]},{"name":"box2D1","coordinate_system":"CAM_LEFT","val":[701.4300000000001,165.42,18.16,23.9]},{"name":"box2D2","coordinate_system":"CAM_LEFT","val":[618.235,163.02,27.73,13.38]},{"name":"box2D3","coordinate_system":"CAM_LEFT","val":[510.175,175.935,23.89,25.81]},{"name":"box2D4","coordinate_system":"CAM_LEFT","val":[537.43,174.5,19.12,15.3]},{"name":"box2D5","coordinate_system":"CAM_LEFT","val":[784.15,163.51,36.34,20.08]},{"name":"box2D6","coordinate_system":"CAM_LEFT","val":[575.775,177.34,47.95,27.54]}],"cuboid":[{"name":"box3D","coordinate_system":"CAM_LEFT","val":[-10.0,499.0,-1.0,0,-1.0,0,-1000.0,-1000.0,-1000.0]}],"num":[{"name":"truncated","val":-1.0},{"name":"occluded","val":-1},{"name":"alpha","val":-10.0}]}},"1":{"object_data":{"bbox":[{"name":"box2D","coordinate_system":"CAM_LEFT","val":[832.035,162.385,76.99,26.21]}],"cuboid":[{"name":"box3D","coordinate_system":"CAM_LEFT","val":[13.83,-1.08,43.19,0,3.08,0,4.09,1.51,1.76]}],"num":[{"name":"truncated","val":0.0},{"name":"occluded","val":0},{"name":"alpha","val":2.78}]}},"2":{"object_data":{"bbox":[{"name":"box2D","coordinate_system":"CAM_LEFT","val":[561.5450000000001,174.42,24.63,19.4]}],"cuboid":[{"name":"box3D","coordinate_system":"CAM_LEFT","val":[-3.46,-0.49,57.36,0,-1.57,0,3.68,1.5,1.78]}],"num":[{"name":"truncated","val":0.0},{"name":"occluded","val":0},{"name":"alpha","val":-1.51}]}},"24":{"object_data":{"bbox":[{"name":"box2D","coordinate_system":"CAM_LEFT","val":[626.5,172.74,8.0,20.28]}],"cuboid":[{"name":"box3D","coordinate_system":"CAM_LEFT","val":[1.83,-0.7,63.75,0,-3.14,0,1.43,1.8,0.67]}],"num":[{"name":"truncated","val":0.0},{"name":"occluded","val":2},{"name":"alpha","val":3.11}]}},"25":{"object_data":{"bbox":[{"name":"box2D","coordinate_system":"CAM_LEFT","val":[480.12,179.04,9.66,22.12]}],"cuboid":[{"name":"box3D","coordinate_system":"CAM_LEFT","val":[-10.74,-0.12,62.1,0,0.07,0,1.32,1.91,0.56]}],"num":[{"name":"truncated","val":0.0},{"name":"occluded","val":1},{"name":"alpha","val":0.24}]}},"-2":{}}},"15":{"frame_properties":{"transforms":{"vehicle-iso8855_to_odom":{"src":"vehicle-iso8855","dst":"odom","transform_src_to_dst_4x4":[0.9999792026419748,0.005358661086954567,0.003588737225717932,17.691433945505104,-0.005342714895010718,0.999975877966328,-0.0044383423732019655,0.13619384478172122,-0.003612434230643585,0.004419076467576449,0.999983710908384,0.2946206014569682,0.0,0.0,0.0,1.0]}}},"objects":{"-1":{"object_data":{"bbox":[{"name":"box2D0","coordinate_system":"CAM_LEFT","val":[439.41,182.63,27.72,27.72]},{"name":"box2D1","coordinate_system":"CAM_LEFT","val":[701.4300000000001,165.42,18.16,23.9]},{"name":"box2D2","coordinate_system":"CAM_LEFT","val":[618.235,163.02,27.73,13.38]},{"name":"box2D3","coordinate_system":"CAM_LEFT","val":[537.91,174.025,20.08,25.81]},{"name":"box2D4","coordinate_system":"CAM_LEFT","val":[510.18,179.755,25.82,25.81]},{"name":"box2D5","coordinate_system":"CAM_LEFT","val":[786.535,165.41,35.37,22.0]},{"name":"box2D6","coordinate_system":"CAM_LEFT","val":[564.5550000000001,177.34,35.69,25.5]}],"cuboid":[{"name":"box3D","coordinate_system":"CAM_LEFT","val":[-10.0,499.0,-1.0,0,-1.0,0,-1000.0,-1000.0,-1000.0]}],"num":[{"name":"truncated","val":-1.0},{"name":"occluded","val":-1},{"name":"alpha","val":-10.0}]}},"1":{"object_data":{"bbox":[{"name":"box2D","coordinate_system":"CAM_LEFT","val":[838.1949999999999,162.28,79.35,26.94]}],"cuboid":[{"name":"box3D","coordinate_system":"CAM_LEFT","val":[13.82,-1.05,42.02,0,3.08,0,4.09,1.51,1.76]}],"num":[{"name":"truncated","val":0.0},{"name":"occluded","val":2},{"name":"alpha","val":2.77}]}},"2":{"object_data":{"bbox":[{"name":"box2D","coordinate_system":"CAM_LEFT","val":[560.8050000000001,174.055,25.17,19.81]}],"cuboid":[{"name":"box3D","coordinate_system":"CAM_LEFT","val":[-3.45,-0.51,56.19,0,-1.57,0,3.68,1.5,1.78]}],"num":[{"name":"truncated","val":0.0},{"name":"occluded","val":0},{"name":"alpha","val":-1.51}]}},"3":{"object_data":{"bbox":[{"name":"box2D","coordinate_system":"CAM_LEFT","val":[589.4449999999999,176.48999999999998,21.03,20.4]}],"cuboid":[{"name":"box3D","coordinate_system":"CAM_LEFT","val":[-1.31,-0.34,61.37,0,0.0,0,1.79,1.73,0.6]}],"num":[{"name":"truncated","val":0.0},{"name":"occluded","val":0},{"name":"alpha","val":0.01}]}},"24":{"object_data":{"bbox":[{"name":"box2D","coordinate_system":"CAM_LEFT","val":[620.53,172.79000000000002,7.32,20.66]}],"cuboid":[{"name":"box3D","coordinate_system":"CAM_LEFT","val":[1.63,-0.68,62.57,0,-3.14,0,1.43,1.8,0.67]}],"num":[{"name":"truncated","val":0.0},{"name":"occluded","val":2},{"name":"alpha","val":3.11}]}},"25":{"object_data":{"bbox":[{"name":"box2D","coordinate_system":"CAM_LEFT","val":[479.32,179.875,10.26,22.55]}],"cuboid":[{"name":"box3D","coordinate_system":"CAM_LEFT","val":[-10.51,-0.05,60.91,0,0.07,0,1.32,1.91,0.56]}],"num":[{"name":"truncated","val":0.0},{"name":"occluded","val":2},{"name":"alpha","val":0.24}]}},"-2":{}}},"16":{"frame_properties":{"transforms":{"vehicle-iso8855_to_odom":{"src":"vehicle-iso8855","dst":"odom","transform_src_to_dst_4x4":[0.9999694030995586,0.005914145620833627,0.005120131471778982,18.809936404974742,-0.0058960612737959,0.9999763524086435,-0.003539927253544051,0.13857370060193527,-0.005140946038266862,0.0035096303338547847,0.9999806263967073,0.3067594729767145,0.0,0.0,0.0,1.0]}}},"objects":{"-1":{"object_data":{"bbox":[{"name":"box2D0","coordinate_system":"CAM_LEFT","val":[439.41,182.63,27.72,27.72]},{"name":"box2D1","coordinate_system":"CAM_LEFT","val":[542.6899999999999,168.765,20.08,22.95]},{"name":"box2D2","coordinate_system":"CAM_LEFT","val":[627.315,163.98,34.41,19.14]},{"name":"box2D3","coordinate_system":"CAM_LEFT","val":[793.2249999999999,164.465,35.37,21.99]},{"name":"box2D4","coordinate_system":"CAM_LEFT","val":[511.61,176.89,26.76,27.72]},{"name":"box2D5","coordinate_system":"CAM_LEFT","val":[710.995,167.33,21.99,31.56]},{"name":"box2D6","coordinate_system":"CAM_LEFT","val":[116.205,196.97500000000002,64.07,33.47]},{"name":"box2D7","coordinate_system":"CAM_LEFT","val":[563.0250000000001,177.34,32.63,25.5]}],"cuboid":[{"name":"box3D","coordinate_system":"CAM_LEFT","val":[-10.0,499.0,-1.0,0,-1.0,0,-1000.0,-1000.0,-1000.0]}],"num":[{"name":"truncated","val":-1.0},{"name":"occluded","val":-1},{"name":"alpha","val":-10.0}]}},"1":{"object_data":{"bbox":[{"name":"box2D","coordinate_system":"CAM_LEFT","val":[844.7049999999999,162.17,81.85,27.7]}],"cuboid":[{"name":"box3D","coordinate_system":"CAM_LEFT","val":[13.81,-1.03,40.86,0,3.08,0,4.09,1.51,1.76]}],"num":[{"name":"truncated","val":0.0},{"name":"occluded","val":2},{"name":"alpha","val":2.76}]}},"2":{"object_data":{"bbox":[{"name":"box2D","coordinate_system":"CAM_LEFT","val":[559.61,174.35,25.76,20.24]}],"cuboid":[{"name":"box3D","coordinate_system":"CAM_LEFT","val":[-3.47,-0.48,55.04,0,-1.57,0,3.68,1.5,1.78]}],"num":[{"name":"truncated","val":0.0},{"name":"occluded","val":0},{"name":"alpha","val":-1.51}]}},"3":{"object_data":{"bbox":[{"name":"box2D","coordinate_system":"CAM_LEFT","val":[592.9200000000001,175.345,21.44,20.79]}],"cuboid":[{"name":"box3D","coordinate_system":"CAM_LEFT","val":[-0.99,-0.43,60.21,0,0.0,0,1.79,1.73,0.6]}],"num":[{"name":"truncated","val":0.0},{"name":"occlud