{"vcd":{"metadata":{"schema_version":"4.3.0"},"coordinate_systems":{"odom":{"type":"scene_cs","parent":"","pose_wrt_parent":[],"children":["vehicle-iso8855"]},"vehicle-iso8855":{"type":"local_cs","parent":"odom","pose_wrt_parent":[],"children":["VELO_TOP","IMU"]},"VELO_TOP":{"type":"sensor_cs","parent":"vehicle-iso8855","pose_wrt_parent":[1.0,0.0,0.0,0.76,0.0,1.0,0.0,0.0,0.0,0.0,1.0,1.73,0.0,0.0,0.0,1.0],"children":["CAM_LEFT","CAM_RIGHT"]},"IMU":{"type":"sensor_cs","parent":"vehicle-iso8855","pose_wrt_parent":[1.0,0.0,0.0,-0.05,0.0,1.0,0.0,0.32,0.0,0.0,1.0,0.93,0.0,0.0,0.0,1.0],"children":[]},"CAM_LEFT":{"type":"sensor_cs","parent":"VELO_TOP","pose_wrt_parent":[0.00023477336244722335,0.010449405831956193,0.9999453632367953,0.2729034268115415,-0.9999442001630205,0.010565354842876283,0.00012436569234822647,-0.001969265862949749,-0.010563477335159157,-0.9998895968819285,0.010451304556842098,-0.07228590051542844,0.0,0.0,0.0,1.0],"children":[]},"CAM_RIGHT":{"type":"sensor_cs","parent":"VELO_TOP","pose_wrt_parent":[0.00023477336244722335,0.010449405831956193,0.9999453632367953,0.2729034268115415,-0.9999442001630205,0.010565354842876283,0.00012436569234822647,-0.001969265862949749,-0.010563477335159157,-0.9998895968819285,0.010451304556842098,-0.07228590051542844,0.0,0.0,0.0,1.0],"children":[]}},"frames":{"0":{"frame_properties":{"transforms":{"vehicle-iso8855_to_odom":{"src":"vehicle-iso8855","dst":"odom","transform_src_to_dst_4x4":[1.0000000000000002,4.011548038196368e-18,-2.783570622747178e-35,0.0,4.1199682554449184e-18,1.0000000000000002,-6.93889390390723e-18,0.0,1.7347234759768075e-18,-1.387778780781446e-17,1.0,0.0,0.0,0.0,0.0,1.0]}}},"objects":{"-1":{"object_data":{"bbox":[{"name":"box2D0","coordinate_system":"CAM_LEFT","val":[1161.945,192.85500000000002,74.71,115.47]},{"name":"box2D1","coordinate_system":"CAM_LEFT","val":[895.615,189.94,25.23,57.24]},{"name":"box2D2","coordinate_system":"CAM_LEFT","val":[853.885,190.425,23.27,36.87]}],"cuboid":[{"name":"box3D","coordinate_system":"CAM_LEFT","val":[-10.0,499.0,-1.0,0,-1.0,0,-1000.0,-1000.0,-1000.0]}],"num":[{"name":"truncated","val":-1.0},{"name":"occluded","val":-1},{"name":"alpha","val":-10.0}]}},"0":{"object_data":{"bbox":[{"name":"box2D","coordinate_system":"CAM_LEFT","val":[487.225,239.015,135.99,99.21]}],"cuboid":[{"name":"box3D","coordinate_system":"CAM_LEFT","val":[-2.04,1.04,12.85,0,1.59,0,3.87,1.43,1.67]}],"num":[{"name":"truncated","val":0.0},{"name":"occluded","val":0},{"name":"alpha","val":1.74}]}},"-2":{}}},"1":{"frame_properties":{"transforms":{"vehicle-iso8855_to_odom":{"src":"vehicle-iso8855","dst":"odom","transform_src_to_dst_4x4":[0.9999999926794999,-6.270797561183373e-06,-0.00012083739912169141,0.0188505757226177,6.2762352378195204e-06,0.9999999989678217,4.4999620782849774e-05,-0.010766336353657613,0.00012083711681345464,-4.5000378857382264e-05,0.9999999916866785,-0.01093163823662935,0.0,0.0,0.0,1.0]}}},"objects":{"-1":{"object_data":{"bbox":[{"name":"box2D0","coordinate_system":"CAM_LEFT","val":[893.02,190.27,24.12,58.06]},{"name":"box2D1","coordinate_system":"CAM_LEFT","val":[852.7099999999999,189.97500000000002,24.62,36.09]},{"name":"box2D2","coordinate_system":"CAM_LEFT","val":[1139.15,190.425,81.5,100.91]}],"cuboid":[{"name":"box3D","coordinate_system":"CAM_LEFT","val":[-10.0,499.0,-1.0,0,-1.0,0,-1000.0,-1000.0,-1000.0]}],"num":[{"name":"truncated","val":-1.0},{"name":"occluded","val":-1},{"name":"alpha","val":-10.0}]}},"0":{"object_data":{"bbox":[{"name":"box2D","coordinate_system":"CAM_LEFT","val":[475.19,244.285,150.02,108.75]}],"cuboid":[{"name":"box3D","coordinate_system":"CAM_LEFT","val":[-2.06,1.03,11.91,0,1.59,0,3.87,1.43,1.67]}],"num":[{"name":"truncated","val":0.0},{"name":"occluded","val":0},{"name":"alpha","val":1.76}]}},"-2":{}}},"2":{"frame_properties":{"transforms":{"vehicle-iso8855_to_odom":{"src":"vehicle-iso8855","dst":"odom","transform_src_to_dst_4x4":[0.9999999861941365,0.00011073297572266603,-0.0001238948544203295,0.047580863221460844,-0.00011071651261451974,0.9999999850425596,0.00013287864469407957,-0.025086787822155742,0.0001239095666149178,-0.000132864925653369,0.9999999834966651,-0.02690779847441819,0.0,0.0,0.0,1.0]}}},"objects":{"-1":{"object_data":{"bbox":[{"name":"box2D0","coordinate_system":"CAM_LEFT","val":[892.8299999999999,189.825,24.08,57.89]},{"name":"box2D1","coordinate_system":"CAM_LEFT","val":[852.5250000000001,189.635,24.63,35.95]},{"name":"box2D2","coordinate_system":"CAM_LEFT","val":[1138.4,189.26,80.0,99.76]}],"cuboid":[{"name":"box3D","coordinate_system":"CAM_LEFT","val":[-10.0,499.0,-1.0,0,-1.0,0,-1000.0,-1000.0,-1000.0]}],"num":[{"name":"truncated","val":-1.0},{"name":"occluded","val":-1},{"name":"alpha","val":-10.0}]}},"0":{"object_data":{"bbox":[{"name":"box2D","coordinate_system":"CAM_LEFT","val":[460.815,250.645,167.27,120.29]}],"cuboid":[{"name":"box3D","coordinate_system":"CAM_LEFT","val":[-2.09,1.02,10.97,0,1.58,0,3.87,1.43,1.67]}],"num":[{"name":"truncated","val":0.0},{"name":"occluded","val":0},{"name":"alpha","val":1.77}]}},"-2":{}}},"3":{"frame_properties":{"transforms":{"vehicle-iso8855_to_odom":{"src":"vehicle-iso8855","dst":"odom","transform_src_to_dst_4x4":[0.9999999029549468,0.00033038048357261204,-0.00029144267635234256,0.09449016688341608,-0.0003303079915258558,0.9999999145104642,0.00024874825561511054,-0.03834578750133002,0.0002915248330060292,-0.00024865196563027454,0.9999999265927332,-0.04778961914250766,0.0,0.0,0.0,1.0]}}},"objects":{"-1":{"object_data":{"bbox":[{"name":"box2D0","coordinate_system":"CAM_LEFT","val":[892.82,189.285,24.24,57.49]},{"name":"box2D1","coordinate_system":"CAM_LEFT","val":[852.4000000000001,189.20499999999998,24.66,35.59]},{"name":"box2D2","coordinate_system":"CAM_LEFT","val":[1099.895,184.12,84.39,96.06]}],"cuboid":[{"name":"box3D","coordinate_system":"CAM_LEFT","val":[-10.0,499.0,-1.0,0,-1.0,0,-1000.0,-1000.0,-1000.0]}],"num":[{"name":"truncated","val":-1.0},{"name":"occluded","val":-1},{"name":"alpha","val":-10.0}]}},"0":{"object_data":{"bbox":[{"name":"box2D","coordinate_system":"CAM_LEFT","val":[443.32000000000005,258.445,188.94,134.55]}],"cuboid":[{"name":"box3D","coordinate_system":"CAM_LEFT","val":[-2.11,1.01,10.02,0,1.58,0,3.87,1.43,1.67]}],"num":[{"name":"truncated","val":0.0},{"name":"occluded","val":0},{"name":"alpha","val":1.78}]}},"-2":{}}},"4":{"frame_properties":{"transforms":{"vehicle-iso8855_to_odom":{"src":"vehicle-iso8855","dst":"odom","transform_src_to_dst_4x4":[0.9999998286839352,0.00041103544664946863,-0.00041675167878451756,0.1430071709896967,-0.00041091128053980766,0.9999998711799897,0.00029797973725899016,-0.05025724833170572,0.00041687410533296264,-0.0002978084382443021,0.9999998687630484,-0.06665536072414602,0.0,0.0,0.0,1.0]}}},"objects":{"-1":{"object_data":{"bbox":[{"name":"box2D0","coordinate_system":"CAM_LEFT","val":[1099.595,184.2,88.01,97.16]},{"name":"box2D1","coordinate_system":"CAM_LEFT","val":[861.6500000000001,186.54000000000002,27.16,34.92]},{"name":"box2D2","coordinate_system":"CAM_LEFT","val":[902.405,188.0,36.87,45.6]}],"cuboid":[{"name":"box3D","coordinate_system":"CAM_LEFT","val":[-10.0,499.0,-1.0,0,-1.0,0,-1000.0,-1000.0,-1000.0]}],"num":[{"name":"truncated","val":-1.0},{"name":"occluded","val":-1},{"name":"alpha","val":-10.0}]}},"0":{"object_data":{"bbox":[{"name":"box2D","coordinate_system":"CAM_LEFT","val":[421.565,268.265,216.89,152.63]}],"cuboid":[{"name":"box3D","coordinate_system":"CAM_LEFT","val":[-2.13,0.99,9.09,0,1.58,0,3.87,1.43,1.67]}],"num":[{"name":"truncated","val":0.0},{"name":"occluded","val":0},{"name":"alpha","val":1.8}]}},"-2":{}}},"5":{"frame_properties":{"transforms":{"vehicle-iso8855_to_odom":{"src":"vehicle-iso8855","dst":"odom","transform_src_to_dst_4x4":[0.9999997501894423,0.0006874094216587412,-0.00016458839717167553,0.2708771174245212,-0.0006873415031011592,0.9999996787609727,0.0004123585934474031,-0.0572293842715557,0.00016487180348170402,-0.0004122453619995755,0.9999999014355201,-0.14812106017936988,0.0,0.0,0.0,1.0]}}},"objects":{"-1":{"object_data":{"bbox":[{"name":"box2D0","coordinate_system":"CAM_LEFT","val":[862.95,184.565,31.14,35.29]},{"name":"box2D1","coordinate_system":"CAM_LEFT","val":[907.59,185.725,44.66,49.19]},{"name":"box2D2","coordinate_system":"CAM_LEFT","val":[1078.05,184.12,73.7,92.18]}],"cuboid":[{"name":"box3D","coordinate_system":"CAM_LEFT","val":[-10.0,499.0,-1.0,0,-1.0,0,-1000.0,-1000.0,-1000.0]}],"num":[{"name":"truncated","val":-1.0},{"name":"occluded","val":-1},{"name":"alpha","val":-10.0}]}},"0":{"object_data":{"bbox":[{"name":"box2D","coordinate_system":"CAM_LEFT","val":[393.69,281.005,254.16,176.25]}],"cuboid":[{"name":"box3D","coordinate_system":"CAM_LEFT","val":[-2.15,0.98,8.16,0,1.58,0,3.87,1.43,1.67]}],"num":[{"name":"truncated","val":0.0},{"name":"occluded","val":0},{"name":"alpha","val":1.83}]}},"-2":{}}},"6":{"frame_properties":{"transforms":{"vehicle-iso8855_to_odom":{"src":"vehicle-iso8855","dst":"odom","transform_src_to_dst_4x4":[0.9999995953947453,0.0008891577155228557,0.0001364144524334418,0.36974959464144863,-0.0008892114444854999,0.9999995269104769,0.00039431184342688297,-0.061649665257989206,-0.0001360637824792842,-0.00039443298517855924,0.9999999129546298,-0.20174816239750454,0.0,0.0,0.0,1.0]}}},"objects":{"-1":{"object_data":{"bbox":[{"name":"box2D0","coordinate_system":"CAM_LEFT","val":[863.675,183.065,31.07,35.25]},{"name":"box2D1","coordinate_system":"CAM_LEFT","val":[908.675,183.875,45.61,48.51]},{"name":"box2D2","coordinate_system":"CAM_LEFT","val":[1062.5,188.0,64.0,86.36]}],"cuboid":[{"name":"box3D","coordinate_system":"CAM_LEFT","val":[-10.0,499.0,-1.0,0,-1.0,0,-1000.0,-1000.0,-1000.0]}],"num":[{"name":"truncated","val":-1.0},{"name":"occluded","val":-1},{"name":"alpha","val":-10.0}]}},"0":{"object_data":{"bbox":[{"name":"box2D","coordinate_system":"CAM_LEFT","val":[356.655,285.2,306.03,177.6]}],"cuboid":[{"name":"box3D","coordinate_system":"CAM_LEFT","val":[-2.17,1.0,7.22,0,1.57,0,3.87,1.43,1.67]}],"num":[{"name":"truncated","val":0.0},{"name":"occluded","val":0},{"name":"alpha","val":1.86}]}},"-2":{}}},"7":{"frame_properties":{"transforms":{"vehicle-iso8855_to_odom":{"src":"vehicle-iso8855","dst":"odom","transform_src_to_dst_4x4":[0.9999992490157535,0.001158073296052331,0.00040104135686965724,0.4856564361375614,-0.0011582723574123537,0.9999992059535039,0.0004964851539127387,-0.0684939102821871,-0.00040046607222553614,-0.0004969492961780746,0.9999997963341403,-0.265138159653922,0.0,0.0,0.0,1.0]}}},"objects":{"-1":{"object_data":{"bbox":[{"name":"box2D0","coordinate_system":"CAM_LEFT","val":[1064.55,185.26000000000002,66.7,87.8]},{"name":"box2D1","coordinate_system":"CAM_LEFT","val":[868.925,187.51000000000002,20.37,38.8]},{"name":"box2D2","coordinate_system":"CAM_LEFT","val":[905.3149999999999,187.03,38.81,55.3]}],"cuboid":[{"name":"box3D","coordinate_system":"CAM_LEFT","val":[-10.0,499.0,-1.0,0,-1.0,0,-1000.0,-1000.0,-1000.0]}],"num":[{"name":"truncated","val":-1.0},{"name":"occluded","val":-1},{"name":"alpha","val":-10.0}]}},"0":{"object_data":{"bbox":[{"name":"box2D","coordinate_system":"CAM_LEFT","val":[306.73,285.545,380.92,176.91]}],"cuboid":[{"name":"box3D","coordinate_system":"CAM_LEFT","val":[-2.19,0.98,6.3,0,1.57,0,3.87,1.43,1.67]}],"num":[{"name":"truncated","val":0.0},{"name":"occluded","val":0},{"name":"alpha","val":1.9}]}},"-2":{}}},"8":{"frame_properties":{"transforms":{"vehicle-iso8855_to_odom":{"src":"vehicle-iso8855","dst":"odom","transform_src_to_dst_4x4":[0.9999988705669967,0.0013632382620178945,0.0006328081639060118,0.6034769396116845,-0.0013635517394617496,0.9999989477471278,0.0004952083313771346,-0.07694605963735751,-0.000632132411086792,-0.0004960706387451931,0.9999996771612155,-0.31716463474558193,0.0,0.0,0.0,1.0]}}},"objects":{"-1":{"object_data":{"bbox":[{"name":"box2D0","coordinate_system":"CAM_LEFT","val":[869.0600000000001,186.76500000000001,18.92,38.79]},{"name":"box2D1","coordinate_system":"CAM_LEFT","val":[902.57,185.11,33.9,54.5]},{"name":"box2D2","coordinate_system":"CAM_LEFT","val":[1041.65,184.12,49.5,74.72]}],"cuboid":[{"name":"box3D","coordinate_system":"CAM_LEFT","val":[-10.0,499.0,-1.0,0,-1.0,0,-1000.0,-1000.0,-1000.0]}],"num":[{"name":"truncated","val":-1.0},{"name":"occluded","val":-1},{"name":"alpha","val":-10.0}]}},"0":{"object_data":{"bbox":[{"name":"box2D","coordinate_system":"CAM_LEFT","val":[240.785,285.985,481.57,176.03]}],"cuboid":[{"name":"box3D","coordinate_system":"CAM_LEFT","val":[-2.21,0.96,5.38,0,1.57,0,3.87,1.43,1.67]}],"num":[{"name":"truncated","val":0.0},{"name":"occluded","val":0},{"name":"alpha","val":1.95}]}},"-2":{}}},"9":{"frame_properties":{"transforms":{"vehicle-iso8855_to_odom":{"src":"vehicle-iso8855","dst":"odom","transform_src_to_dst_4x4":[0.9999985260843786,0.0014493392971312382,0.0009204589466269623,0.7542874888810863,-0.001449593952548924,0.9999989112350521,0.0002760544935611388,-0.09318130011409136,-0.0009200578478378529,-0.0002773883784027454,0.9999995382745153,-0.4018762349820913,0.0,0.0,0.0,1.0]}}},"objects":{"-1":{"object_data":{"bbox":[{"name":"box2D0","coordinate_system":"CAM_LEFT","val":[869.9,184.095,19.18,37.99]},{"name":"box2D1","coordinate_system":"CAM_LEFT","val":[904.3100000000001,182.17000000000002,34.2,53.72]},{"name":"box2D2","coordinate_system":"CAM_LEFT","val":[1033.9,183.14999999999998,65.0,76.66]}],"cuboid":[{"name":"box3D","coordinate_system":"CAM_LEFT","val":[-10.0,499.0,-1.0,0,-1.0,0,-1000.0,-1000.0,-1000.0]}],"num":[{"name":"truncated","val":-1.0},{"name":"occluded","val":-1},{"name":"alpha","val":-10.0}]}},"0":{"object_data":{"bbox":[{"name":"box2D","coordinate_system":"CAM_LEFT","val":[230.745,286.54,461.49,174.92]}],"cuboid":[{"name":"box3D","coordinate_system":"CAM_LEFT","val":[-2.22,0.94,4.47,0,1.57,0,3.87,1.43,1.67]}],"num":[{"name":"truncated","val":1.0},{"name":"occluded","val":0},{"name":"alpha","val":2.01}]}},"-2":{}}},"10":{"frame_properties":{"transforms":{"vehicle-iso8855_to_odom":{"src":"vehicle-iso8855","dst":"odom","transform_src_to_dst_4x4":[0.9999987523593703,0.0012347377096682366,0.0009852423515376435,0.9035740413039999,-0.0012347001839216837,0.999999237008779,-3.8695164233409365e-05,-0.1085387471147821,-0.0009852893781848377,3.7478637043079024e-05,0.9999995138999782,-0.4791075159975665,0.0,0.0,0.0,1.0]}}},"objects":{"-1":{"object_data":{"bbox":[{"name":"box2D0","coordinate_system":"CAM_LEFT","val":[871.2149999999999,181.68,19.87,37.12]},{"name":"box2D1","coordinate_system":"CAM_LEFT","val":[906.36,179.45,34.52,53.02]},{"name":"box2D2","coordinate_system":"CAM_LEFT","val":[1024.65,184.595,48.5,67.93]}],"cuboid":[{"name":"box3D","coordinate_system":"CAM_LEFT","val":[-10.0,499.0,-1.0,0,-1.0,0,-1000.0,-1000.0,-1000.0]}],"num":[{"name":"truncated","val":-1.0},{"name":"occluded","val":-1},{"name":"alpha","val":-10.0}]}},"0":{"object_data":{"bbox":[{"name":"box2D","coordinate_system":"CAM_LEFT","val":[217.295,287.29,434.59,173.42]}],"cuboid":[{"name":"box3D","coordinate_system":"CAM_LEFT","val":[-2.24,0.91,3.55,0,1.57,0,3.87,1.43,1.67]}],"num":[{"name":"truncated","val":1.0},{"name":"occluded","val":0},{"name":"alpha","val":2.1}]}},"-2":{}}},"11":{"frame_properties":{"transforms":{"vehicle-iso8855_to_odom":{"src":"vehicle-iso8855","dst":"odom","transform_src_to_dst_4x4":[0.9999994485424725,0.0007320685534479702,0.0007529876389582619,1.0956254193442132,-0.0007320075688326713,0.9999997287806175,-8.12626024152075e-05,-0.13084054419122543,-0.0007530469245292115,8.071136495137087e-05,0.9999997132029611,-0.5935489032314548,0.0,0.0,0.0,1.0]}}},"objects":{"-1":{"object_data":{"bbox":[{"name":"box2D0","coordinate_system":"CAM_LEFT","val":[1027.9,178.95499999999998,49.6,69.09]},{"name":"box2D1","coordinate_system":"CAM_LEFT","val":[911.135,190.42499999999998,27.17,50.45]},{"name":"box2D2","coordinate_system":"CAM_LEFT","val":[885.425,191.395,20.37,38.81]}],"cuboid":[{"name":"box3D","coordinate_system":"CAM_LEFT","val":[-10.0,499.0,-1.0,0,-1.0,0,-1000.0,-1000.0,-1000.0]}],"num":[{"name":"truncated","val":-1.0},{"name":"occluded","val":-1},{"name":"alpha","val":-10.0}]}},"0":{"object_data":{"bbox":[{"name":"box2D","coordinate_system":"CAM_LEFT","val":[198.4,288.33,396.8,171.34]}],"cuboid":[{"name":"box3D","coordinate_system":"CAM_LEFT","val":[-2.25,0.89,2.64,0,1.57,0,3.87,1.43,1.67]}],"num":[{"name":"truncated","val":1.0},{"name":"occluded","val":0},{"name":"alpha","val":2.23}]}},"-2":{}}},"12":{"frame_properties":{"transforms":{"vehicle-iso8855_to_odom":{"src":"vehicle-iso8855","dst":"odom","transform_src_to_dst_4x4":[0.9999998998733332,-0.0004404825394930227,7.89205685172326e-05,1.3008644926749837,0.0004404764360338886,0.9999998999997106,7.733743315579637e-05,-0.15071560959515268,-7.895462641410588e-05,-7.730266276153776e-05,0.9999999938952324,-0.6869781054997872,0.0,0.0,0.0,1.0]}}},"objects":{"-1":{"object_data":{"bbox":[{"name":"box2D0","coordinate_system":"CAM_LEFT","val":[913.7249999999999,187.70999999999998,26.35,48.16]},{"name":"box2D1","coordinate_system":"CAM_LEFT","val":[889.9449999999999,189.07999999999998,23.09,38.34]},{"name":"box2D2","coordinate_system":"CAM_LEFT","val":[1012.51,182.665,45.56,75.69]}],"cuboid":[{"name":"box3D","coordinate_system":"CAM_LEFT","val":[-10.0,499.0,-1.0,0,-1.0,0,-1000.0,-1000.0,-1000.0]}],"num":[{"name":"truncated","val":-1.0},{"name":"occluded","val":-1},{"name":"alpha","val":-10.0}]}},"0":{"object_data":{"bbox":[{"name":"box2D","coordinate_system":"CAM_LEFT","val":[170.085,295.02,340.17,157.96]}],"cuboid":[{"name":"box3D","coordinate_system":"CAM_LEFT","val":[-2.27,0.92,1.72,0,1.57,0,3.87,1.43,1.67]}],"num":[{"name":"truncated","val":1.0},{"name":"occluded","val":0},{"name":"alpha","val":2.42}]}},"-2":{}}},"13":{"frame_properties":{"transforms":{"vehicle-iso8855_to_odom":{"src":"vehicle-iso8855","dst":"odom","transform_src_to_dst_4x4":[0.9999947709685725,-0.0031867483079734823,-0.0005501551907457807,1.5676779563123295,0.003186706196448255,0.999994919443179,-7.740444330233251e-05,-0.164184291033534,0.0005503990641298018,7.565085559669027e-05,0.9999998456688971,-0.7905704863409528,0.0,0.0,0.0,1.0]}}},"objects":{"-1":{"object_data":{"bbox":[{"name":"box2D0","coordinate_system":"CAM_LEFT","val":[919.5,184.925,28.6,47.09]},{"name":"box2D1","coordinate_system":"CAM_LEFT","val":[894.465,186.44,23.51,37.56]},{"name":"box2D2","coordinate_system":"CAM_LEFT","val":[1006.235,184.11,67.93,68.9]}],"cuboid":[{"name":"box3D","coordinate_system":"CAM_LEFT","val":[-10.0,499.0,-1.0,0,-1.0,0,-1000.0,-1000.0,-1000.0]}],"num":[{"name":"truncated","val":-1.0},{"name":"occluded","val":-1},{"name":"alpha","val":-10.0}]}},"0":{"object_data":{"bbox":[{"name":"box2D","coordinate_system":"CAM_LEFT","val":[119.065,291.78,238.13,164.44]}],"cuboid":[{"name":"box3D","coordinate_system":"CAM_LEFT","val":[-2.27,0.84,0.74,0,1.58,0,3.87,1.43,1.67]}],"num":[{"name":"truncated","val":2.0},{"name":"occluded","val":0},{"name":"alpha","val":2.73}]}},"-2":{}}},"14":{"frame_properties":{"transforms":{"vehicle-iso8855_to_odom":{"src":"vehicle-iso8855","dst":"odom","transform_src_to_dst_4x4":[0.9999740820611324,-0.007159109299578007,-0.0007631251751447829,1.783762530344115,0.007158967957383125,0.9999743566283195,-0.00018778595282348075,-0.16568556246362934,0.0007644499862034708,0.00018231789712227546,0.9999996911881536,-0.8596136024222794,0.0,0.0,0.0,1.0]}}},"objects":{"-1":{"object_data":{"bbox":[{"name":"box2D0","coordinate_system":"CAM_LEFT","val":[998.4449999999999,183.625,60.11,67.93]},{"name":"box2D1","coordinate_system":"CAM_LEFT","val":[900.465,195.275,17.47,36.87]},{"name":"box2D2","coordinate_system":"CAM_LEFT","val":[925.205,191.88,24.25,51.42]}],"cuboid":[{"name":"box3D","coordinate_system":"CAM_LEFT","val":[-10.0,499.0,-1.0,0,-1.0,0,-1000.0,-1000.0,-1000.0]}],"num":[{"name":"truncated","val":-1.0},{"name":"occluded","val":-1},{"name":"alpha","val":-10.0}]}},"-2":{}}},"15":{"frame_properties":{"transforms":{"vehicle-iso8855_to_odom":{"src":"vehicle-iso8855","dst":"odom","transform_src_to_dst_4x4":[0.9999150981617329,-0.013009511644116262,-0.0007409959474121236,1.9956557782669682,0.013009317420630292,0.9999153397802959,-0.00026633119419999487,-0.16658820126475118,0.000744398053304557,0.0002566687307047027,0.9999996899963022,-0.920202248961285,0.0,0.0,0.0,1.0]}}},"objects":{"-1":{"object_data":{"bbox":[{"name":"box2D0","coordinate_system":"CAM_LEFT","val":[1006.345,177.865,65.29,81.53]},{"name":"box2D1","coordinate_system":"CAM_LEFT","val":[924.725,189.94,42.69,49.48]}],"cuboid":[{"name":"box3D","coordinate_system":"CAM_LEFT","val":[-10.0,499.0,-1.0,0,-1.0,0,-1000.0,-1000.0,-1000.0]}],"num":[{"name":"truncated","val":-1.0},{"name":"occluded","val":-1},{"name":"alpha","val":-10.0}]}},"-2":{}}},"16":{"frame_properties":{"transforms":{"vehicle-iso8855_to_odom":{"src":"vehicle-iso8855","dst":"odom","transform_src_to_dst_4x4":[0.999762349733134,-0.02179414847539157,-0.000509066120623689,2.2588977643776826,0.021793891202147878,0.9997623571112367,-0.0005055785324300261,-0.17318884113576713,0.0005199637982819646,0.0004943638499092903,0.9999997426209831,-1.011282027143365,0.0,0.0,0.0,1.0]}}},"objects":{"-1":{"object_data":{"bbox":[{"name":"box2D0","coordinate_system":"CAM_LEFT","val":[1007.6700000000001,186.545,49.46,56.27]},{"name":"box2D1","coordinate_system":"CAM_LEFT","val":[948.4899999999999,188.48499999999999,28.12,52.39]}],"cuboid":[{"name":"box3D","coordinate_system":"CAM_LEFT","val":[-10.0,499.0,-1.0,0,-1.0,0,-1000.0,-1000.0,-1000.0]}],"num":[{"name":"truncated","val":-1.0},{"name":"occluded","val":-1},{"name":"alpha","val":-10.0}]}},"-2":{}}},"17":{"frame_properties":{"transforms":{"vehicle-iso8855_to_odom":{"src":"vehicle-iso8855","dst":"odom","transform_src_to_dst_4x4":[0.9994711150304234,-0.03251901434417813,-6.265720809331484e-05,2.505342520221028,0.03251893809016653,0.9994706459504499,-0.0009729074357237575,-0.1766799106584574,9.426203110434263e-05,0.0009703553337332963,0.9999995247624847,-1.0853206999834153,0.0,0.0,0.0,1.0]}}},"objects":{"-1":{"object_data":{"bbox":[{"name":"box2D0","coordinate_system":"CAM_LEFT","val":[1021.125,183.26,55.55,57.34]},{"name":"box2D1","coordinate_system":"CAM_LEFT","val":[962.025,184.825,32.37,54.95]}],"cuboid":[{"name":"box3D","coordinate_system":"CAM_LEFT","val":[-10.0,499.0,-1.0,0,-1.0,0,-1000.0,-1000.0,-1000.0]}],"num":[{"name":"truncated","val":-1.0},{"name":"occluded","val":-1},{"name":"alpha","val":-10.0}]}},"-2":{}}},"18":{"frame_properties":{"transforms":{"vehicle-iso8855_to_odom":{"src":"vehicle-iso8855","dst":"odom","transform_src_to_dst_4x4":[0.9989266592895735,-0.046318991844524385,0.000283469716036846,2.781661222143177,0.04631935908842793,0.998925606504776,-0.0014661659874354207,-0.1831425911599828,-0.00021525382760309716,0.0014777224273606364,0.9999988850004871,-1.1714138941140428,0.0,0.0,0.0,1.0]}}},"objects":{"-1":{"object_data":{"bbox":[{"name":"box2D0","coordinate_system":"CAM_LEFT","val":[978.0899999999999,189.94,29.1,53.36]},{"name":"box2D1","coordinate_system":"CAM_LEFT","val":[1018.38,183.625,45.64,65.99]}],"cuboid":[{"name":"box3D","coordinate_system":"CAM_LEFT","val":[-10.0,499.0,-1.0,0,-1.0,0,-1000.0,-1000.0,-1000.0]}],"num":[{"name":"truncated","val":-1.0},{"name":"occluded","val":-1},{"name":"alpha","val":-10.0}]}},"-2":{}}},"19":{"frame_properties":{"transforms":{"vehicle-iso8855_to_odom":{"src":"vehicle-iso8855","dst":"odom","transform_src_to_dst_4x4":[0.9978734921969477,-0.06517478795029899,0.0008605732404896159,3.039328701117583,0.06517617395318284,0.9978723333540629,-0.0016948968530838006,-0.18333371312555485,-0.0007482776845120698,0.0017473815129219455,0.9999981933675456,-1.230609217469056,0.0,0.0,0.0,1.0]}}},"objects":{"-1":{"object_data":{"bbox":[{"name":"box2D0","coordinate_system":"CAM_LEFT","val":[1035.845,184.11,49.49,65.0]},{"name":"box2D1","coordinate_system":"CAM_LEFT","val":[1000.405,191.885,32.99,57.25]}],"cuboid":[{"name":"box3D","coordinate_system":"CAM_LEFT","val":[-10.0,499.0,-1.0,0,-1.0,0,-1000.0,-1000.0,-1000.0]}],"num":[{"name":"truncated","val":-1.0},{"name":"occluded","val":-1},{"name":"alpha","val":-10.0}]}},"-2":{}}},"20":{"frame_properties":{"transforms":{"vehicle-iso8855_to_odom":{"src":"vehicle-iso8855","dst":"odom","transform_src_to_dst_4x4":[0.9963390145290367,-0.08547627813724738,0.0015407800335762727,3.304960661070884,0.0854784341801794,0.9963390480607167,-0.0013923360117666956,-0.18079681766946232,-0.0014161276117220642,0.0015189421545430857,0.9999978436963344,-1.2946362389222388,0.0,0.0,0.0,1.0]}}},"objects":{"-1":{"object_data":{"bbox":[{"name":"box2D0","coordinate_system":"CAM_LEFT","val":[1058.4950000000001,181.065,45.59,68.91]},{"name":"box2D1","coordinate_system":"CAM_LEFT","val":[1025.1,190.835,38.6,59.19]}],"cuboid":[{"name":"box3D","coordinate_system":"CAM_LEFT","val":[-10.0,499.0,-1.0,0,-1.0,0,-1000.0,-1000.0,-1000.0]}],"num":[{"name":"truncated","val":-1.0},{"name":"occluded","val":-1},{"name":"alpha","val":-10.0}]}},"-2":{}}},"21":{"frame_properties":{"transforms":{"vehicle-iso8855_to_odom":{"src":"vehicle-iso8855","dst":"odom","transform_src_to_dst_4x4":[0.9940411645894853,-0.10898730474219168,0.001982550532203226,3.5484348315263863,0.10898885303553288,0.9940427323019192,-0.0006901244336185977,-0.17185744462790378,-0.0018955251460010926,0.0009020880042956638,0.9999977966083987,-1.3393393347790647,0.0,0.0,0.0,1.0]}}},"objects":{"-1":{"object_data":{"bbox":[{"name":"box2D0","coordinate_system":"CAM_LEFT","val":[1054.395,189.45,43.61,59.78]},{"name":"box2D1","coordinate_system":"CAM_LEFT","val":[1070.25,183.145,50.5,57.25]}],"cuboid":[{"name":"box3D","coordinate_system":"CAM_LEFT","val":[-10.0,499.0,-1.0,0,-1.0,0,-1000.0,-1000.0,-1000.0]}],"num":[{"name":"truncated","val":-1.0},{"name":"occluded","val":-1},{"name":"alpha","val":-10.0}]}},"-2":{}}},"22":{"frame_properties":{"transforms":{"vehicle-iso8855_to_odom":{"src":"vehicle-iso8855","dst":"odom","transform_src_to_dst_4x4":[0.9904168785194662,-0.13809311997098161,0.0021672472026034576,3.8553249220027053,0.13809479757428267,0.9904188065676468,-0.00064380123984716,-0.15673918404515608,-0.0020575778660879016,0.0009369171780933146,0.9999974442764973,-1.4187615448148438,0.0,0.0,0.0,1.0]}}},"objects":{"-1":{"object_data":{"bbox":[{"name":"box2D0","coordinate_system":"CAM_LEFT","val":[1092.8,186.81,51.0,60.3]},{"name":"box2D1","coordinate_system":"CAM_LEFT","val":[1108.295,181.09,52.79,59.86]}],"cuboid":[{"name":"box3D","coordinate_system":"CAM_LEFT","val":[-10.0,499.0,-1.0,0,-1.0,0,-1000.0,-1000.0,-1000.0]}],"num":[{"name":"truncated","val":-1.0},{"name":"occluded","val":-1},{"name":"alpha","val":-10.0}]}},"-2":{}}},"23":{"frame_properties":{"transforms":{"vehicle-iso8855_to_odom":{"src":"vehicle-iso8855","dst":"odom","transform_src_to_dst_4x4":[0.9859840943467969,-0.16682504650282562,0.0021839309643507526,4.1253458904283224,0.16682741533456508,0.9859856542649358,-0.0009503033910294698,-0.133720025737913,-0.0019947901933545444,0.0013013235864106016,0.9999971636804812,-1.4892800338862235,0.0,0.0,0.0,1.0]}}},"objects":{"-1":{"object_data":{"bbox":[{"name":"box2D0","coordinate_system":"CAM_LEFT","val":[1125.6,183.14499999999998,46.6,78.59]},{"name":"box2D1","coordinate_system":"CAM_LEFT","val":[1158.6,198.19,58.2,62.1]}],"cuboid":[{"name":"box3D","coordinate_system":"CAM_LEFT","val":[-10.0,499.0,-1.0,0,-1.0,0,-1000.0,-1000.0,-1000.0]}],"num":[{"name":"truncated","val":-1.0},{"name":"occluded","val":-1},{"name":"alpha","val":-10.0}]}},"-2":{}}},"24":{"frame_properties":{"transforms":{"vehicle-iso8855_to_odom":{"src":"vehicle-iso8855","dst":"odom","transform_src_to_dst_4x4":[0.9802233199612745,-0.1978815262990474,0.0022681608531946594,4.398775033973154,0.19788520617783553,0.9802240065336035,-0.001530421891106617,-0.10336534413092215,-0.0019204634992874923,0.0019489907051208658,0.999996256620583,-1.551979214749948,0.0,0.0,0.0,1.0]}}},"objects":{"-1":{"object_data":{"bbox":[{"name":"box2D0","coordinate_system":"CAM_LEFT","val":[1168.645,181.345,54.11,83.17]},{"name":"box2D1","coordinate_system":"CAM_LEFT","val":[1204.995,195.655,65.81,66.75]}],"cuboid":[{"name":"box3D","coordinate_system":"CAM_LEFT","val":[-10.0,499.0,-1.0,0,-1.0,0,-1000.0,-1000.0,-1000.0]}],"num":[{"name":"truncated","val":-1.0},{"name":"occluded","val":-1},{"name":"alpha","val":-10.0}]}},"-2":{}}},"25":{"frame_properties":{"transforms":{"vehicle-iso8855_to_odom":{"src":"vehicle-iso8855","dst":"odom","transform_src_to_dst_4x4":[0.9720638899900655,-0.23470322542352307,0.0024879214570188027,4.7149769464764715,0.23470804629567416,0.9720641281704874,-0.0018611094052614888,-0.05985416351717088,-0.0019816108217927076,0.002393052432689511,0.9999951732476539,-1.6218451399950697,0.0,0.0,0.0,1.0]}}},"objects":{"-1":{"object_data":{"bbox":[{"name":"box2D0","coordinate_system":"CAM_LEFT","val":[1204.6499999999999,183.14499999999998,74.7,78.59]}],"cuboid":[{"name":"box3D","coordinate_system":"CAM_LEFT","val":[-10.0,499.0,-1.0,0,-1.0,0,-1000.0,-1000.0,-1000.0]}],"num":[{"name":"truncated","val":-1.0},{"name":"occluded","val":-1},{"name":"alpha","val":-10.0}]}},"-2":{}}},"26":{"frame_properties":{"transforms":{"vehicle-iso8855_to_odom":{"src":"vehicle-iso8855","dst":"odom","transform_src_to_dst_4x4":[0.9627858612530774,-0.27025131011498976,0.002759484064398328,4.995035243869166,0.27025660812331853,0.962786710209035,-0.001765335815761372,-0.008897605158497676,-0.0021797102672338957,0.0024454091671933594,0.9999946344041829,-1.6701705731430287,0.0,0.0,0.0,1.0]}}},"objects":{"-1":{"object_data":{"bbox":[{"name":"box2D0","coordinate_system":"CAM_LEFT","val":[1229.845,181.70999999999998,24.29,88.16]}],"cuboid":[{"name":"box3D","coordinate_system":"CAM_LEFT","val":[-10.0,499.0,-1.0,0,-1.0,0,-1000.0,-1000.0,-1000.0]}],"num":[{"name":"truncated","val":-1.0},{"name":"occluded","val":-1},{"name":"alpha","val":-10.0}]}},"-2":{}}},"27":{"frame_properties":{"transforms":{"vehicle-iso8855_to_odom":{"src":"vehicle-iso8855","dst":"odom","transform_src_to_dst_4x4":[0.9514081152245318,-0.3079128622779451,0.0035025032058322155,5.3094323003751045,0.30791434140966617,0.9514140756887276,0.00012221135657846784,0.050939935679219214,-0.0033699612987806104,0.0009621980914876989,0.9999938587489812,-1.7296635222069712,0.0,0.0,0.0,1.0]}}}},"28":{"frame_properties":{"transforms":{"vehicle-iso8855_to_odom":{"src":"vehicle-iso8855","dst":"odom","transform_src_to_dst_4x4":[0.9363302918632499,-0.3510888467208421,0.004712350529252052,5.63489879455048,0.35107693590938444,0.9363412145036893,0.003180423593424238,0.13424478558602682,-0.005528979269226042,-0.0013235293667389174,0.9999838391985421,-1.7737500483187794,0.0,0.0,0.0,1.0]}}}},"29":{"frame_properties":{"transforms":{"vehicle-iso8855_to_odom":{"src":"vehicle-iso8855","dst":"odom","transform_src_to_dst_4x4":[0.9203031192335264,-0.39115975361391764,0.006017963255215233,5.948777361854276,0.3911254994159868,0.9203169076663784,0.006134588004923425,0.22473325243359166,-0.007938037266018317,-0.0032919015924805246,0.9999630747923987,-1.8205378810185322,0.0,0.0,0.0,1.0]}}}},"30":{"frame_properties":{"transforms":{"vehicle-iso8855_to_odom":{"src":"vehicle-iso8855","dst":"odom","transform_src_to_dst_4x4":[0.9016225388372466,-0.4324602394170402,0.007412070158511136,6.25190830832006,0.43240168056786604,0.9016428246578588,0.00830682761845713,0.33050096435386667,-0.01027541253495626,-0.004284631414009548,0.9999380269951144,-1.8552356644258152,0.0,0.0,0.0,1.0]}}}},"31":{"frame_properties":{"transforms":{"vehicle-iso8855_to_odom":{"src":"vehicle-iso8855","dst":"odom","transform_src_to_dst_4x4":[0.877894557542489,-0.4787707771982801,0.008926854890302257,6.5947390526407945,0.4786922576648383,0.8779300145922817,0.009623509221484926,0.46219363636761585,-0.012444608833451389,-0.0041752100487163915,0.9999138459547557,-1.8987100410175528,0.0,0.0,0.0,1.0]}}}},"32":{"frame_properties":{"transforms":{"vehicle-iso8855_to_odom":{"src":"vehicle-iso8855","dst":"odom","transform_src_to_dst_4x4":[0.8537678237554679,-0.5205131211218127,0.01210759513205064,6.907576466427928,0.520407329678021,0.8538483203363836,0.010920488822764193,0.599166598155389,-0.01602230748812727,-0.003022680725064229,0.9998670656962305,-1.940656700099691,0.0,0.0,0.0,1.0]}}}},"33":{"frame_properties":{"transforms":{"vehicle-iso8855_to_odom":{"src":"vehicle-iso8855","dst":"odom","transform_src_to_dst_4x4":[0.8271720539394526,-0.5616830365440817,0.017278878441830188,7.216733797745553,0.5615252292058261,0.8273513732897625,0.013383649759630287,0.7529959424906987,-0.021813072844786677,-0.00136805488341135,0.9997611306101594,-1.9801682902209112,0.0,0.0,0.0,1.0]}}}},"34":{"frame_properties":{"transforms":{"vehicle-iso8855_to_odom":{"src":"vehicle-iso8855","dst":"odom","transform_src_to_dst_4x4":[0.7948782993613774,-0.6064668252110086,0.019143644450432845,7.551904731147065,0.6061846156715942,0.7951017868032224,0.018797881407346638,0.9433272667887996,-0.02662143736627131,-0.003337445250929283,0.9996400154714448,-2.0286498441737315,0.0,0.0,0.0,1.0]}}}},"35":{"frame_properties":{"transforms":{"vehicle-iso8855_to_odom":{"src":"vehicle-iso8855","dst":"odom","transform_src_to_dst_4x4":[0.76261623210616,-0.6465422168513127,0.019991106952690307,7.84373317157369,0.6461159204369853,0.7628586406121568,0.02410211196636332,1.1357595775405698,-0.03083342157579266,-0.005464089344297087,0.9995096016755249,-2.0656209113467145,0.0,0.0,0.0,1.0]}}},"objects":{"61":{"object_data":{"bbox":[{"name":"box2D","coordinate_system":"CAM_LEFT","val":[37.235,241.835,74.47,71.57]}],"cuboid":[{"name":"box3D","coordinate_system":"CAM_LEFT","val":[-15.27,1.67,18.25,0,-2.5,0,3.51,1.56,1.72]}],"num":[{"name":"truncated","val":0.0},{"name":"occluded","val":1},{"name":"alpha","val":-1.82}]}},"-2":{}}},"36":{"frame_properties":{"transforms":{"vehicle-iso8855_to_odom":{"src":"vehicle-iso8855","dst":"odom","transform_src_to_dst_4x4":[0.7245614871077244,-0.688899541456904,0.020689929451553894,8.170817046043268,0.6882396700437783,0.7248076562284628,0.031305239986844736,1.3679544260025518,-0.036562384745448706,-0.00844294102016595,0.9992957063695687,-2.120595631372038,0.0,0.0,0.0,1.0]}}},"objects":{"61":{"object_data":{"bbox":[{"name":"box2D","coordinate_system":"CAM_LEFT","val":[65.875,234.505,121.61,69.91]}],"cuboid":[{"name":"box3D","coordinate_system":"CAM_LEFT","val":[-14.21,1.51,18.73,0,-2.46,0,3.51,1.56,1.72]}],"num":[{"name":"truncated","val":0.0},{"name":"occluded","val":0},{"name":"alpha","val":-1.81}]}},"-2":{}}},"37":{"frame_properties":{"transforms":{"vehicle-iso8855_to_odom":{"src":"vehicle-iso8855","dst":"odom","transform_src_to_dst_4x4":[0.6873552008309869,-0.7259562616673865,0.023028982533054392,8.462521502482998,0.7251261809293121,0.6876972822061383,0.03555938381301949,1.5961888686035304,-0.041651526040049534,-0.007743009247342599,0.9991021950663156,-2.170551348163203,0.0,0.0,0.0,1.0]}}},"objects":{"-1":{"object_data":{"bbox":[{"name":"box2D0","coordinate_system":"CAM_LEFT","val":[16.04,222.935,30.08,55.31]}],"cuboid":[{"name":"box3D","coordinate_system":"CAM_LEFT","val":[-10.0,499.0,-1.0,0,-1.0,0,-1000.0,-1000.0,-1000.0]}],"num":[{"name":"truncated","val":-1.0},{"name":"occluded","val":-1},{"name":"alpha","val":-10.0}]}},"3":{"object_data":{"bbox":[{"name":"box2D","coordinate_system":"CAM_LEFT","val":[59.285000000000004,222.54000000000002,81.65,52.66]}],"cuboid":[{"name":"box3D","coordinate_system":"CAM_LEFT","val":[-17.8,1.53,23.23,0,-2.41,0,3.1,1.52,1.51]}],"num":[{"name":"truncated","val":0.0},{"name":"occluded","val":2},{"name":"alpha","val":-1.77}]}},"61":{"object_data":{"bbox":[{"name":"box2D","coordinate_system":"CAM_LEFT","val":[117.785,230.71,114.59,68.42]}],"cuboid":[{"name":"box3D","coordinate_system":"CAM_LEFT","val":[-13.07,1.44,19.03,0,-2.4,0,3.51,1.56,1.72]}],"num":[{"name":"truncated","val":0.0},{"name":"occluded","val":0},{"name":"alpha","val":-1.8}]}},"-2":{}}},"38":{"frame_properties":{"transforms":{"vehicle-iso8855_to_odom":{"src":"vehicle-iso8855","dst":"odom","transform_src_to_dst_4x4":[0.6473970560254413,-0.7617009683243493,0.026242840992176664,8.733872869609336,0.7606954477914469,0.6479042872138019,0.03952809531643292,1.853751021756212,-0.04711143766604549,-0.005627562858288148,0.9988737873111465,-2.205160228202988,0.0,0.0,0.0,1.0]}}},"objects":{"-1":{"object_data":{"bbox":[{"name":"box2D0","coordinate_system":"CAM_LEFT","val":[48.04,217.10500000000002,90.24,47.53]}],"cuboid":[{"name":"box3D","coordinate_system":"CAM_LEFT","val":[-10.0,499.0,-1.0,0,-1.0,0,-1000.0,-1000.0,-1000.0]}],"num":[{"name":"truncated","val":-1.0},{"name":"occluded","val":-1},{"name":"alpha","val":-10.0}]}},"3":{"object_data":{"bbox":[{"name":"box2D","coordinate_system":"CAM_LEFT","val":[113.435,219.05,78.29,51.18]}],"cuboid":[{"name":"box3D","coordinate_system":"CAM_LEFT","val":[-16.39,1.46,23.73,0,-2.38,0,3.1,1.52,1.51]}],"num":[{"name":"truncated","val":0.0},{"name":"occluded","val":2},{"name":"alpha","val":-1.78}]}},"61":{"object_data":{"bbox":[{"name":"box2D","coordinate_system":"CAM_LEFT","val":[168.07999999999998,227.01500000000001,108.46,66.93]}],"cuboid":[{"name":"box3D","coordinate_system":"CAM_LEFT","val":[-11.93,1.36,19.32,0,-2.34,0,3.51,1.56,1.72]}],"num":[{"name":"truncated","val":0.0},{"name":"occluded","val":0},{"name":"alpha","val":-1.8}]}},"-2":{}}},"39":{"frame_properties":{"transforms":{"vehicle-iso8855_to_odom":{"src":"vehicle-iso8855","dst":"odom","transform_src_to_dst_4x4":[0.6003573513445382,-0.7992270908906508,0.028409644014637633,9.004006022218524,0.7980936013315669,0.601022010660145,0.042651450334617515,2.165240392287598,-0.0511630159410199,-0.0029325566497041475,0.9986860096703641,-2.2275997885733143,0.0,0.0,0.0,1.0]}}},"objects":{"-1":{"object_data":{"bbox":[{"name":"box2D0","coordinate_system":"CAM_LEFT","val":[25.255,198.185,48.51,29.11]},{"name":"box2D1","coordinate_system":"CAM_LEFT","val":[82.005,207.405,45.61,32.01]}],"cuboid":[{"name":"box3D","coordinate_system":"CAM_LEFT","val":[-10.0,499.0,-1.0,0,-1.0,0,-1000.0,-1000.0,-1000.0]}],"num":[{"name":"truncated","val":-1.0},{"name":"occluded","val":-1},{"name":"alpha","val":-10.0}]}},"3":{"object_data":{"bbox":[{"name":"box2D","coordinate_system":"CAM_LEFT","val":[165.325,215.70999999999998,75.41,49.78]}],"cuboid":[{"name":"box3D","coordinate_system":"CAM_LEFT","val":[-15.01,1.38,24.24,0,-2.34,0,3.1,1.52,1.51]}],"num":[{"name":"truncated","val":0.0},{"name":"occluded","val":2},{"name":"alpha","val":-1.79}]}},"4":{"object_data":{"bbox":[{"name":"box2D","coordinate_system":"CAM_LEFT","val":[131.06,213.935,67.06,43.87]}],"cuboid":[{"name":"box3D","coordinate_system":"CAM_LEFT","val":[-18.45,1.51,27.68,0,-2.31,0,3.53,1.52,1.57]}],"num":[{"name":"truncated","val":0.0},{"name":"occluded","val":2},{"name":"alpha","val":-1.73}]}},"61":{"object_data":{"bbox":[{"name":"box2D","coordinate_system":"CAM_LEFT","val":[216.84,223.42,103.12,65.46]}],"cuboid":[{"name":"box3D","coordinate_system":"CAM_LEFT","val":[-10.79,1.28,19.62,0,-2.29,0,3.51,1.56,1.72]}],"num":[{"name":"truncated","val":0.0},{"name":"occluded","val":0},{"name":"alpha","val":-1.79}]}},"-2":{}}},"40":{"frame_properties":{"transforms":{"vehicle-iso8855_to_odom":{"src":"vehicle-iso8855","dst":"odom","transform_src_to_dst_4x4":[0.5553292267481867,-0.8311008724660874,0.02967810144482786,9.235301795399042,0.8299108261643234,0.5561216919166693,0.044459918971934985,2.473265255175491,-0.05345531343571894,-5.9714734906018904e-05,0.9985702408441977,-2.2508937670261013,0.0,0.0,0.0,1.0]}}},"objects":{"-1":{"object_data":{"bbox":[{"name":"box2D0","coordinate_system":"CAM_LEFT","val":[77.15,195.275,72.78,38.81]},{"name":"box2D1","coordinate_system":"CAM_LEFT","val":[9.73,206.43,17.46,76.64]}],"cuboid":[{"name":"box3D","coordinate_system":"CAM_LEFT","val":[-10.0,499.0,-1.0,0,-1.0,0,-1000.0,-1000.0,-1000.0]}],"num":[{"name":"truncated","val":-1.0},{"name":"occluded","val":-1},{"name":"alpha","val":-10.0}]}},"3":{"object_data":{"bbox":[{"name":"box2D","coordinate_system":"CAM_LEFT","val":[215.09,212.5,72.94,48.42]}],"cuboid":[{"name":"box3D","coordinate_system":"CAM_LEFT","val":[-