{"vcd":{"metadata":{"schema_version":"4.3.0"},"coordinate_systems":{"odom":{"type":"scene_cs","parent":"","pose_wrt_parent":[],"children":["vehicle-iso8855"]},"vehicle-iso8855":{"type":"local_cs","parent":"odom","pose_wrt_parent":[],"children":["VELO_TOP","IMU"]},"VELO_TOP":{"type":"sensor_cs","parent":"vehicle-iso8855","pose_wrt_parent":[1.0,0.0,0.0,0.76,0.0,1.0,0.0,0.0,0.0,0.0,1.0,1.73,0.0,0.0,0.0,1.0],"children":["CAM_LEFT","CAM_RIGHT"]},"IMU":{"type":"sensor_cs","parent":"vehicle-iso8855","pose_wrt_parent":[1.0,0.0,0.0,-0.05,0.0,1.0,0.0,0.32,0.0,0.0,1.0,0.93,0.0,0.0,0.0,1.0],"children":[]},"CAM_LEFT":{"type":"sensor_cs","parent":"VELO_TOP","pose_wrt_parent":[0.00023477336244722335,0.010449405831956193,0.9999453632367953,0.2729034268115415,-0.9999442001630205,0.010565354842876283,0.00012436569234822647,-0.001969265862949749,-0.010563477335159157,-0.9998895968819285,0.010451304556842098,-0.07228590051542844,0.0,0.0,0.0,1.0],"children":[]},"CAM_RIGHT":{"type":"sensor_cs","parent":"VELO_TOP","pose_wrt_parent":[0.00023477336244722335,0.010449405831956193,0.9999453632367953,0.2729034268115415,-0.9999442001630205,0.010565354842876283,0.00012436569234822647,-0.001969265862949749,-0.010563477335159157,-0.9998895968819285,0.010451304556842098,-0.07228590051542844,0.0,0.0,0.0,1.0],"children":[]}},"frames":{"0":{"frame_properties":{"transforms":{"vehicle-iso8855_to_odom":{"src":"vehicle-iso8855","dst":"odom","transform_src_to_dst_4x4":[0.9999999999999998,4.0361119936667405e-17,-1.7347234759768067e-18,4.6566128730773915e-10,-7.067642911889881e-17,1.0,-5.421010862427521e-19,-2.328306436538697e-10,1.7347234759768067e-18,1.0842021724855052e-19,1.0,7.825500179792435e-28,0.0,0.0,0.0,1.0]}}},"objects":{"-1":{"object_data":{"bbox":[{"name":"box2D0","coordinate_system":"CAM_LEFT","val":[496.655,175.605,39.27,13.45]}],"cuboid":[{"name":"box3D","coordinate_system":"CAM_LEFT","val":[-10.0,499.0,-1.0,0,-1.0,0,-1000.0,-1000.0,-1000.0]}],"num":[{"name":"truncated","val":-1.0},{"name":"occluded","val":-1},{"name":"alpha","val":-10.0}]}},"0":{"object_data":{"bbox":[{"name":"box2D","coordinate_system":"CAM_LEFT","val":[643.615,205.475,82.43,62.61]}],"cuboid":[{"name":"box3D","coordinate_system":"CAM_LEFT","val":[0.83,0.86,20.43,0,-1.74,0,3.2,1.6,1.66]}],"num":[{"name":"truncated","val":0.0},{"name":"occluded","val":0},{"name":"alpha","val":-1.77}]}},"1":{"object_data":{"bbox":[{"name":"box2D","coordinate_system":"CAM_LEFT","val":[369.765,194.54999999999998,43.69,27.34]}],"cuboid":[{"name":"box3D","coordinate_system":"CAM_LEFT","val":[-13.85,1.22,41.67,0,1.56,0,3.09,1.5,1.49]}],"num":[{"name":"truncated","val":0.0},{"name":"occluded","val":0},{"name":"alpha","val":1.88}]}},"2":{"object_data":{"bbox":[{"name":"box2D","coordinate_system":"CAM_LEFT","val":[443.375,192.825,39.71,26.51]}],"cuboid":[{"name":"box3D","coordinate_system":"CAM_LEFT","val":[-10.0,1.15,43.44,0,1.5,0,4.05,1.5,1.67]}],"num":[{"name":"truncated","val":0.0},{"name":"occluded","val":0},{"name":"alpha","val":1.73}]}},"25":{"object_data":{"bbox":[{"name":"box2D","coordinate_system":"CAM_LEFT","val":[25.565,174.83,51.13,181.8]}],"cuboid":[{"name":"box3D","coordinate_system":"CAM_LEFT","val":[-12.9,0.02,12.02,0,1.58,0,6.2,3.5,2.18]}],"num":[{"name":"truncated","val":2.0},{"name":"occluded","val":0},{"name":"alpha","val":2.39}]}},"-2":{}}},"1":{"frame_properties":{"transforms":{"vehicle-iso8855_to_odom":{"src":"vehicle-iso8855","dst":"odom","transform_src_to_dst_4x4":[0.9999883100343113,-0.00478353547568393,0.000705395686587118,1.3377552931025642,0.004783010150331071,0.999988284168229,0.0007445402495733854,0.004185745591270998,-0.0007089489569868255,-0.0007411576311944683,0.9999994740382327,0.005670152298493895,0.0,0.0,0.0,1.0]}}},"objects":{"-1":{"object_data":{"bbox":[{"name":"box2D0","coordinate_system":"CAM_LEFT","val":[496.655,175.605,39.27,13.45]}],"cuboid":[{"name":"box3D","coordinate_system":"CAM_LEFT","val":[-10.0,499.0,-1.0,0,-1.0,0,-1000.0,-1000.0,-1000.0]}],"num":[{"name":"truncated","val":-1.0},{"name":"occluded","val":-1},{"name":"alpha","val":-10.0}]}},"0":{"object_data":{"bbox":[{"name":"box2D","coordinate_system":"CAM_LEFT","val":[639.99,205.50500000000002,81.2,62.35]}],"cuboid":[{"name":"box3D","coordinate_system":"CAM_LEFT","val":[0.73,0.86,20.51,0,-1.73,0,3.2,1.6,1.66]}],"num":[{"name":"truncated","val":0.0},{"name":"occluded","val":0},{"name":"alpha","val":-1.77}]}},"1":{"object_data":{"bbox":[{"name":"box2D","coordinate_system":"CAM_LEFT","val":[360.405,194.97,47.19,28.96]}],"cuboid":[{"name":"box3D","coordinate_system":"CAM_LEFT","val":[-13.6,1.17,39.38,0,1.56,0,3.09,1.5,1.49]}],"num":[{"name":"truncated","val":0.0},{"name":"occluded","val":0},{"name":"alpha","val":1.9}]}},"2":{"object_data":{"bbox":[{"name":"box2D","coordinate_system":"CAM_LEFT","val":[436.475,194.45499999999998,43.57,28.47]}],"cuboid":[{"name":"box3D","coordinate_system":"CAM_LEFT","val":[-9.73,1.17,40.6,0,1.51,0,4.05,1.5,1.67]}],"num":[{"name":"truncated","val":0.0},{"name":"occluded","val":0},{"name":"alpha","val":1.74}]}},"-2":{}}},"2":{"frame_properties":{"transforms":{"vehicle-iso8855_to_odom":{"src":"vehicle-iso8855","dst":"odom","transform_src_to_dst_4x4":[0.9999562916481698,-0.009268389648509843,-0.0012295310340438243,2.56317160317972,0.00927224797645502,0.9999519859382534,0.003170368370724723,0.01335989886272675,0.0012000877898756513,-0.0031816303157909446,0.9999942184922023,0.009038886311376391,0.0,0.0,0.0,1.0]}}},"objects":{"-1":{"object_data":{"bbox":[{"name":"box2D0","coordinate_system":"CAM_LEFT","val":[496.655,175.605,39.27,13.45]}],"cuboid":[{"name":"box3D","coordinate_system":"CAM_LEFT","val":[-10.0,499.0,-1.0,0,-1.0,0,-1000.0,-1000.0,-1000.0]}],"num":[{"name":"truncated","val":-1.0},{"name":"occluded","val":-1},{"name":"alpha","val":-10.0}]}},"0":{"object_data":{"bbox":[{"name":"box2D","coordinate_system":"CAM_LEFT","val":[636.415,207.155,79.99,62.11]}],"cuboid":[{"name":"box3D","coordinate_system":"CAM_LEFT","val":[0.63,0.92,20.58,0,-1.73,0,3.2,1.6,1.66]}],"num":[{"name":"truncated","val":0.0},{"name":"occluded","val":0},{"name":"alpha","val":-1.76}]}},"1":{"object_data":{"bbox":[{"name":"box2D","coordinate_system":"CAM_LEFT","val":[349.725,196.645,51.09,30.81]}],"cuboid":[{"name":"box3D","coordinate_system":"CAM_LEFT","val":[-13.39,1.19,37.19,0,1.57,0,3.09,1.5,1.49]}],"num":[{"name":"truncated","val":0.0},{"name":"occluded","val":0},{"name":"alpha","val":1.91}]}},"2":{"object_data":{"bbox":[{"name":"box2D","coordinate_system":"CAM_LEFT","val":[428.515,196.34,48.13,30.76]}],"cuboid":[{"name":"box3D","coordinate_system":"CAM_LEFT","val":[-9.44,1.18,37.75,0,1.51,0,4.05,1.5,1.67]}],"num":[{"name":"truncated","val":0.0},{"name":"occluded","val":0},{"name":"alpha","val":1.76}]}},"-2":{}}},"3":{"frame_properties":{"transforms":{"vehicle-iso8855_to_odom":{"src":"vehicle-iso8855","dst":"odom","transform_src_to_dst_4x4":[0.9998952709945064,-0.013586663121122852,-0.0049849401255628095,3.7968130588535276,0.013612119839820264,0.9998942993956367,0.005108838378297132,0.02826982787601586,0.004915001148392643,-0.005176158937118035,0.9999745247466902,0.011299251563652834,0.0,0.0,0.0,1.0]}}},"objects":{"-1":{"object_data":{"bbox":[{"name":"box2D0","coordinate_system":"CAM_LEFT","val":[504.085,177.805,43.65,13.57]}],"cuboid":[{"name":"box3D","coordinate_system":"CAM_LEFT","val":[-10.0,499.0,-1.0,0,-1.0,0,-1000.0,-1000.0,-1000.0]}],"num":[{"name":"truncated","val":-1.0},{"name":"occluded","val":-1},{"name":"alpha","val":-10.0}]}},"0":{"object_data":{"bbox":[{"name":"box2D","coordinate_system":"CAM_LEFT","val":[632.86,208.795,78.78,61.89]}],"cuboid":[{"name":"box3D","coordinate_system":"CAM_LEFT","val":[0.53,0.96,20.66,0,-1.72,0,3.2,1.6,1.66]}],"num":[{"name":"truncated","val":0.0},{"name":"occluded","val":0},{"name":"alpha","val":-1.75}]}},"1":{"object_data":{"bbox":[{"name":"box2D","coordinate_system":"CAM_LEFT","val":[338.365,198.98999999999998,55.45,32.9]}],"cuboid":[{"name":"box3D","coordinate_system":"CAM_LEFT","val":[-13.16,1.23,35.04,0,1.57,0,3.09,1.5,1.49]}],"num":[{"name":"truncated","val":0.0},{"name":"occluded","val":0},{"name":"alpha","val":1.93}]}},"2":{"object_data":{"bbox":[{"name":"box2D","coordinate_system":"CAM_LEFT","val":[418.15000000000003,199.165,53.48,33.57]}],"cuboid":[{"name":"box3D","coordinate_system":"CAM_LEFT","val":[-9.24,1.22,34.94,0,1.52,0,4.05,1.5,1.67]}],"num":[{"name":"truncated","val":0.0},{"name":"occluded","val":0},{"name":"alpha","val":1.78}]}},"-2":{}}},"4":{"frame_properties":{"transforms":{"vehicle-iso8855_to_odom":{"src":"vehicle-iso8855","dst":"odom","transform_src_to_dst_4x4":[0.9998012130868645,-0.018874950842784247,-0.0064242151829517966,5.162200203813231,0.018923527209945896,0.9997921504243173,0.007586571548031627,0.049817888194653645,0.006279683747517572,-0.007706632247709449,0.999950585474817,0.019433746294025563,0.0,0.0,0.0,1.0]}}},"objects":{"-1":{"object_data":{"bbox":[{"name":"box2D0","coordinate_system":"CAM_LEFT","val":[507.485,178.29000000000002,38.81,10.66]}],"cuboid":[{"name":"box3D","coordinate_system":"CAM_LEFT","val":[-10.0,499.0,-1.0,0,-1.0,0,-1000.0,-1000.0,-1000.0]}],"num":[{"name":"truncated","val":-1.0},{"name":"occluded","val":-1},{"name":"alpha","val":-10.0}]}},"0":{"object_data":{"bbox":[{"name":"box2D","coordinate_system":"CAM_LEFT","val":[629.3349999999999,210.42000000000002,77.57,61.66]}],"cuboid":[{"name":"box3D","coordinate_system":"CAM_LEFT","val":[0.43,1.01,20.74,0,-1.72,0,3.2,1.6,1.66]}],"num":[{"name":"truncated","val":0.0},{"name":"occluded","val":0},{"name":"alpha","val":-1.74}]}},"1":{"object_data":{"bbox":[{"name":"box2D","coordinate_system":"CAM_LEFT","val":[325.52,201.65,60.52,35.3]}],"cuboid":[{"name":"box3D","coordinate_system":"CAM_LEFT","val":[-12.94,1.27,32.89,0,1.58,0,3.09,1.5,1.49]}],"num":[{"name":"truncated","val":0.0},{"name":"occluded","val":0},{"name":"alpha","val":1.95}]}},"2":{"object_data":{"bbox":[{"name":"box2D","coordinate_system":"CAM_LEFT","val":[405.935,202.495,60.01,36.95]}],"cuboid":[{"name":"box3D","coordinate_system":"CAM_LEFT","val":[-9.02,1.25,32.11,0,1.52,0,4.05,1.5,1.67]}],"num":[{"name":"truncated","val":0.0},{"name":"occluded","val":0},{"name":"alpha","val":1.79}]}},"-2":{}}},"5":{"frame_properties":{"transforms":{"vehicle-iso8855_to_odom":{"src":"vehicle-iso8855","dst":"odom","transform_src_to_dst_4x4":[0.9997006882621319,-0.023834857559308552,-0.0055166523678026646,6.413058749651586,0.023875403104278468,0.999687521526997,0.007404352086277715,0.0755559834718487,0.005338446855399292,-0.007533848175854447,0.9999573701497653,0.030588992020464143,0.0,0.0,0.0,1.0]}}},"objects":{"-1":{"object_data":{"bbox":[{"name":"box2D0","coordinate_system":"CAM_LEFT","val":[507.485,178.29000000000002,38.81,10.66]}],"cuboid":[{"name":"box3D","coordinate_system":"CAM_LEFT","val":[-10.0,499.0,-1.0,0,-1.0,0,-1000.0,-1000.0,-1000.0]}],"num":[{"name":"truncated","val":-1.0},{"name":"occluded","val":-1},{"name":"alpha","val":-10.0}]}},"0":{"object_data":{"bbox":[{"name":"box2D","coordinate_system":"CAM_LEFT","val":[626.9200000000001,210.89,76.68,61.44]}],"cuboid":[{"name":"box3D","coordinate_system":"CAM_LEFT","val":[0.37,1.03,20.8,0,-1.72,0,3.2,1.6,1.66]}],"num":[{"name":"truncated","val":0.0},{"name":"occluded","val":0},{"name":"alpha","val":-1.73}]}},"1":{"object_data":{"bbox":[{"name":"box2D","coordinate_system":"CAM_LEFT","val":[309.44,203.245,66.74,38.01]}],"cuboid":[{"name":"box3D","coordinate_system":"CAM_LEFT","val":[-12.75,1.25,30.68,0,1.58,0,3.09,1.5,1.49]}],"num":[{"name":"truncated","val":0.0},{"name":"occluded","val":0},{"name":"alpha","val":1.97}]}},"2":{"object_data":{"bbox":[{"name":"box2D","coordinate_system":"CAM_LEFT","val":[392.2,204.4,68.0,40.76]}],"cuboid":[{"name":"box3D","coordinate_system":"CAM_LEFT","val":[-8.77,1.22,29.3,0,1.52,0,4.05,1.5,1.67]}],"num":[{"name":"truncated","val":0.0},{"name":"occluded","val":0},{"name":"alpha","val":1.81}]}},"-2":{}}},"6":{"frame_properties":{"transforms":{"vehicle-iso8855_to_odom":{"src":"vehicle-iso8855","dst":"odom","transform_src_to_dst_4x4":[0.9995511164569789,-0.029440536897232895,-0.005551610289768778,7.800159761801264,0.02948125835335697,0.9995379282449003,0.00740171640873147,0.11137591599188772,0.005331134542424447,-0.007562062357275306,0.9999571961926144,0.0404685434115505,0.0,0.0,0.0,1.0]}}},"objects":{"-1":{"object_data":{"bbox":[{"name":"box2D0","coordinate_system":"CAM_LEFT","val":[511.84999999999997,177.805,35.9,9.69]}],"cuboid":[{"name":"box3D","coordinate_system":"CAM_LEFT","val":[-10.0,499.0,-1.0,0,-1.0,0,-1000.0,-1000.0,-1000.0]}],"num":[{"name":"truncated","val":-1.0},{"name":"occluded","val":-1},{"name":"alpha","val":-10.0}]}},"0":{"object_data":{"bbox":[{"name":"box2D","coordinate_system":"CAM_LEFT","val":[624.525,211.35500000000002,75.79,61.23]}],"cuboid":[{"name":"box3D","coordinate_system":"CAM_LEFT","val":[0.3,1.04,20.87,0,-1.71,0,3.2,1.6,1.66]}],"num":[{"name":"truncated","val":0.0},{"name":"occluded","val":0},{"name":"alpha","val":-1.73}]}},"1":{"object_data":{"bbox":[{"name":"box2D","coordinate_system":"CAM_LEFT","val":[290.84000000000003,205.105,74.2,41.15]}],"cuboid":[{"name":"box3D","coordinate_system":"CAM_LEFT","val":[-12.55,1.23,28.47,0,1.59,0,3.09,1.5,1.49]}],"num":[{"name":"truncated","val":0.0},{"name":"occluded","val":0},{"name":"alpha","val":2.0}]}},"2":{"object_data":{"bbox":[{"name":"box2D","coordinate_system":"CAM_LEFT","val":[371.7,208.16,79.3,45.82]}],"cuboid":[{"name":"box3D","coordinate_system":"CAM_LEFT","val":[-8.64,1.22,26.41,0,1.53,0,4.05,1.5,1.67]}],"num":[{"name":"truncated","val":0.0},{"name":"occluded","val":0},{"name":"alpha","val":1.85}]}},"-2":{}}},"7":{"frame_properties":{"transforms":{"vehicle-iso8855_to_odom":{"src":"vehicle-iso8855","dst":"odom","transform_src_to_dst_4x4":[0.9993639475301556,-0.034773929298880735,-0.007904063389206583,9.069773922715092,0.034827690609982885,0.9993704082412869,0.006768980604121155,0.14830832972379412,0.007663703003083193,-0.007039955451570553,0.9999458518757501,0.04838284865022521,0.0,0.0,0.0,1.0]}}},"objects":{"-1":{"object_data":{"bbox":[{"name":"box2D0","coordinate_system":"CAM_LEFT","val":[511.84999999999997,177.805,35.9,9.69]}],"cuboid":[{"name":"box3D","coordinate_system":"CAM_LEFT","val":[-10.0,499.0,-1.0,0,-1.0,0,-1000.0,-1000.0,-1000.0]}],"num":[{"name":"truncated","val":-1.0},{"name":"occluded","val":-1},{"name":"alpha","val":-10.0}]}},"0":{"object_data":{"bbox":[{"name":"box2D","coordinate_system":"CAM_LEFT","val":[622.1400000000001,211.81,74.9,61.02]}],"cuboid":[{"name":"box3D","coordinate_system":"CAM_LEFT","val":[0.23,1.06,20.94,0,-1.71,0,3.2,1.6,1.66]}],"num":[{"name":"truncated","val":0.0},{"name":"occluded","val":0},{"name":"alpha","val":-1.72}]}},"1":{"object_data":{"bbox":[{"name":"box2D","coordinate_system":"CAM_LEFT","val":[267.945,208.61,82.31,45.06]}],"cuboid":[{"name":"box3D","coordinate_system":"CAM_LEFT","val":[-12.39,1.25,26.24,0,1.57,0,3.09,1.5,1.49]}],"num":[{"name":"truncated","val":0.0},{"name":"occluded","val":1},{"name":"alpha","val":2.01}]}},"2":{"object_data":{"bbox":[{"name":"box2D","coordinate_system":"CAM_LEFT","val":[345.99,212.91,94.26,52.3]}],"cuboid":[{"name":"box3D","coordinate_system":"CAM_LEFT","val":[-8.51,1.23,23.51,0,1.54,0,4.05,1.5,1.67]}],"num":[{"name":"truncated","val":0.0},{"name":"occluded","val":0},{"name":"alpha","val":1.88}]}},"-2":{}}},"8":{"frame_properties":{"transforms":{"vehicle-iso8855_to_odom":{"src":"vehicle-iso8855","dst":"odom","transform_src_to_dst_4x4":[0.9991559427791346,-0.04011686266731536,-0.008833987710579697,10.346124404900513,0.04017473858241788,0.9991716928863917,0.006474450893800813,0.19290026416380426,0.00856693579836462,-0.006823889233685593,0.9999400192745324,0.05747309321274553,0.0,0.0,0.0,1.0]}}},"objects":{"-1":{"object_data":{"bbox":[{"name":"box2D0","coordinate_system":"CAM_LEFT","val":[519.615,180.23000000000002,37.83,8.72]}],"cuboid":[{"name":"box3D","coordinate_system":"CAM_LEFT","val":[-10.0,499.0,-1.0,0,-1.0,0,-1000.0,-1000.0,-1000.0]}],"num":[{"name":"truncated","val":-1.0},{"name":"occluded","val":-1},{"name":"alpha","val":-10.0}]}},"0":{"object_data":{"bbox":[{"name":"box2D","coordinate_system":"CAM_LEFT","val":[619.77,212.24,74.02,60.86]}],"cuboid":[{"name":"box3D","coordinate_system":"CAM_LEFT","val":[0.17,1.07,21.0,0,-1.71,0,3.2,1.6,1.66]}],"num":[{"name":"truncated","val":0.0},{"name":"occluded","val":0},{"name":"alpha","val":-1.71}]}},"1":{"object_data":{"bbox":[{"name":"box2D","coordinate_system":"CAM_LEFT","val":[240.72,212.795,92.5,49.81]}],"cuboid":[{"name":"box3D","coordinate_system":"CAM_LEFT","val":[-12.23,1.27,24.01,0,1.56,0,3.09,1.5,1.49]}],"num":[{"name":"truncated","val":0.0},{"name":"occluded","val":1},{"name":"alpha","val":2.03}]}},"2":{"object_data":{"bbox":[{"name":"box2D","coordinate_system":"CAM_LEFT","val":[312.785,219.1,114.89,60.88]}],"cuboid":[{"name":"box3D","coordinate_system":"CAM_LEFT","val":[-8.36,1.23,20.61,0,1.54,0,4.05,1.5,1.67]}],"num":[{"name":"truncated","val":0.0},{"name":"occluded","val":0},{"name":"alpha","val":1.93}]}},"-2":{}}},"9":{"frame_properties":{"transforms":{"vehicle-iso8855_to_odom":{"src":"vehicle-iso8855","dst":"odom","transform_src_to_dst_4x4":[0.9989562852183892,-0.04494248149943848,-0.008155585775924151,11.627908718740166,0.04500059596250708,0.9989618157336748,0.007087811305241822,0.24491370878025256,0.007828574946631583,-0.007447419872153207,0.9999416229718375,0.07150782684279137,0.0,0.0,0.0,1.0]}}},"objects":{"-1":{"object_data":{"bbox":[{"name":"box2D0","coordinate_system":"CAM_LEFT","val":[519.615,180.23000000000002,37.83,8.72]}],"cuboid":[{"name":"box3D","coordinate_system":"CAM_LEFT","val":[-10.0,499.0,-1.0,0,-1.0,0,-1000.0,-1000.0,-1000.0]}],"num":[{"name":"truncated","val":-1.0},{"name":"occluded","val":-1},{"name":"alpha","val":-10.0}]}},"0":{"object_data":{"bbox":[{"name":"box2D","coordinate_system":"CAM_LEFT","val":[617.2049999999999,211.615,73.11,60.59]}],"cuboid":[{"name":"box3D","coordinate_system":"CAM_LEFT","val":[0.09,1.06,21.07,0,-1.7,0,3.2,1.6,1.66]}],"num":[{"name":"truncated","val":0.0},{"name":"occluded","val":0},{"name":"alpha","val":-1.71}]}},"1":{"object_data":{"bbox":[{"name":"box2D","coordinate_system":"CAM_LEFT","val":[204.55,214.815,106.44,55.39]}],"cuboid":[{"name":"box3D","coordinate_system":"CAM_LEFT","val":[-12.13,1.2,21.71,0,1.55,0,3.09,1.5,1.49]}],"num":[{"name":"truncated","val":0.0},{"name":"occluded","val":2},{"name":"alpha","val":2.05}]}},"2":{"object_data":{"bbox":[{"name":"box2D","coordinate_system":"CAM_LEFT","val":[267.375,225.21499999999997,144.87,71.97]}],"cuboid":[{"name":"box3D","coordinate_system":"CAM_LEFT","val":[-8.27,1.19,17.78,0,1.55,0,4.05,1.5,1.67]}],"num":[{"name":"truncated","val":0.0},{"name":"occluded","val":0},{"name":"alpha","val":1.98}]}},"-2":{}}},"10":{"frame_properties":{"transforms":{"vehicle-iso8855_to_odom":{"src":"vehicle-iso8855","dst":"odom","transform_src_to_dst_4x4":[0.9987586110254455,-0.0494158499369132,-0.006269822767473123,13.042425940345861,0.0494684346749498,0.9987392705238901,0.0085289790841345,0.31131596483078483,0.005840451466563532,-0.008828549621531507,0.9999439713495183,0.08945419598745742,0.0,0.0,0.0,1.0]}}},"objects":{"-1":{"object_data":{"bbox":[{"name":"box2D0","coordinate_system":"CAM_LEFT","val":[525.4399999999999,178.29000000000002,37.84,12.6]}],"cuboid":[{"name":"box3D","coordinate_system":"CAM_LEFT","val":[-10.0,499.0,-1.0,0,-1.0,0,-1000.0,-1000.0,-1000.0]}],"num":[{"name":"truncated","val":-1.0},{"name":"occluded","val":-1},{"name":"alpha","val":-10.0}]}},"0":{"object_data":{"bbox":[{"name":"box2D","coordinate_system":"CAM_LEFT","val":[614.65,210.965,72.22,60.37]}],"cuboid":[{"name":"box3D","coordinate_system":"CAM_LEFT","val":[0.02,1.05,21.14,0,-1.7,0,3.2,1.6,1.66]}],"num":[{"name":"truncated","val":0.0},{"name":"occluded","val":0},{"name":"alpha","val":-1.7}]}},"1":{"object_data":{"bbox":[{"name":"box2D","coordinate_system":"CAM_LEFT","val":[159.64,218.69,126.6,62.4]}],"cuboid":[{"name":"box3D","coordinate_system":"CAM_LEFT","val":[-12.06,1.17,19.46,0,1.56,0,3.09,1.5,1.49]}],"num":[{"name":"truncated","val":0.0},{"name":"occluded","val":2},{"name":"alpha","val":2.11}]}},"2":{"object_data":{"bbox":[{"name":"box2D","coordinate_system":"CAM_LEFT","val":[203.66,233.97,191.1,87.98]}],"cuboid":[{"name":"box3D","coordinate_system":"CAM_LEFT","val":[-8.19,1.13,14.94,0,1.56,0,4.05,1.5,1.67]}],"num":[{"name":"truncated","val":0.0},{"name":"occluded","val":0},{"name":"alpha","val":2.06}]}},"-2":{}}},"11":{"frame_properties":{"transforms":{"vehicle-iso8855_to_odom":{"src":"vehicle-iso8855","dst":"odom","transform_src_to_dst_4x4":[0.9986082815477691,-0.05252947151419697,-0.004706872278993455,14.337476541490107,0.05257041985794502,0.9985762559770821,0.009044996116769465,0.3776311780430141,0.004225042031857742,-0.009279850280697806,0.9999480153480963,0.1043206995350046,0.0,0.0,0.0,1.0]}}},"objects":{"-1":{"object_data":{"bbox":[{"name":"box2D0","coordinate_system":"CAM_LEFT","val":[525.4399999999999,178.29000000000002,37.84,12.6]}],"cuboid":[{"name":"box3D","coordinate_system":"CAM_LEFT","val":[-10.0,499.0,-1.0,0,-1.0,0,-1000.0,-1000.0,-1000.0]}],"num":[{"name":"truncated","val":-1.0},{"name":"occluded","val":-1},{"name":"alpha","val":-10.0}]}},"0":{"object_data":{"bbox":[{"name":"box2D","coordinate_system":"CAM_LEFT","val":[611.75,210.26999999999998,71.34,60.2]}],"cuboid":[{"name":"box3D","coordinate_system":"CAM_LEFT","val":[-0.06,1.03,21.19,0,-1.7,0,3.2,1.6,1.66]}],"num":[{"name":"truncated","val":0.0},{"name":"occluded","val":0},{"name":"alpha","val":-1.69}]}},"1":{"object_data":{"bbox":[{"name":"box2D","coordinate_system":"CAM_LEFT","val":[102.66,223.665,154.14,71.45]}],"cuboid":[{"name":"box3D","coordinate_system":"CAM_LEFT","val":[-11.98,1.12,17.21,0,1.57,0,3.09,1.5,1.49]}],"num":[{"name":"truncated","val":2.0},{"name":"occluded","val":2},{"name":"alpha","val":2.17}]}},"2":{"object_data":{"bbox":[{"name":"box2D","coordinate_system":"CAM_LEFT","val":[119.215,247.625,238.43,113.09]}],"cuboid":[{"name":"box3D","coordinate_system":"CAM_LEFT","val":[-8.16,1.09,12.08,0,1.57,0,4.05,1.5,1.67]}],"num":[{"name":"truncated","val":0.0},{"name":"occluded","val":0},{"name":"alpha","val":2.15}]}},"-2":{}}},"12":{"frame_properties":{"transforms":{"vehicle-iso8855_to_odom":{"src":"vehicle-iso8855","dst":"odom","transform_src_to_dst_4x4":[0.9984388340701225,-0.05565637400876108,-0.004718331579188309,15.765658897945258,0.055698681220460455,0.9984036820379253,0.009367208944769109,0.45470468248525386,0.004189454737289152,-0.009615390023828137,0.9999449948590639,0.11878809272426771,0.0,0.0,0.0,1.0]}}},"objects":{"-1":{"object_data":{"bbox":[{"name":"box2D0","coordinate_system":"CAM_LEFT","val":[527.375,176.835,39.77,13.57]}],"cuboid":[{"name":"box3D","coordinate_system":"CAM_LEFT","val":[-10.0,499.0,-1.0,0,-1.0,0,-1000.0,-1000.0,-1000.0]}],"num":[{"name":"truncated","val":-1.0},{"name":"occluded","val":-1},{"name":"alpha","val":-10.0}]}},"0":{"object_data":{"bbox":[{"name":"box2D","coordinate_system":"CAM_LEFT","val":[608.865,209.57999999999998,70.47,60.02]}],"cuboid":[{"name":"box3D","coordinate_system":"CAM_LEFT","val":[-0.14,1.01,21.24,0,-1.69,0,3.2,1.6,1.66]}],"num":[{"name":"truncated","val":0.0},{"name":"occluded","val":0},{"name":"alpha","val":-1.69}]}},"1":{"object_data":{"bbox":[{"name":"box2D","coordinate_system":"CAM_LEFT","val":[62.34,229.95999999999998,124.68,82.9]}],"cuboid":[{"name":"box3D","coordinate_system":"CAM_LEFT","val":[-11.91,1.1,14.95,0,1.57,0,3.09,1.5,1.49]}],"num":[{"name":"truncated","val":2.0},{"name":"occluded","val":3},{"name":"alpha","val":2.24}]}},"2":{"object_data":{"bbox":[{"name":"box2D","coordinate_system":"CAM_LEFT","val":[73.385,257.995,146.77,130.49]}],"cuboid":[{"name":"box3D","coordinate_system":"CAM_LEFT","val":[-8.11,1.05,9.22,0,1.57,0,4.05,1.5,1.67]}],"num":[{"name":"truncated","val":1.0},{"name":"occluded","val":0},{"name":"alpha","val":2.28}]}},"-2":{}}},"13":{"frame_properties":{"transforms":{"vehicle-iso8855_to_odom":{"src":"vehicle-iso8855","dst":"odom","transform_src_to_dst_4x4":[0.9982648928138198,-0.058671027859275304,-0.004991419171760168,17.06947169073468,0.058714959887306066,0.9982327221282957,0.009164385291161804,0.5287140866253786,0.004444914042378633,-0.009441555076836814,0.9999455484059553,0.13030809684458566,0.0,0.0,0.0,1.0]}}},"objects":{"-1":{"object_data":{"bbox":[{"name":"box2D0","coordinate_system":"CAM_LEFT","val":[530.775,179.745,42.69,15.51]}],"cuboid":[{"name":"box3D","coordinate_system":"CAM_LEFT","val":[-10.0,499.0,-1.0,0,-1.0,0,-1000.0,-1000.0,-1000.0]}],"num":[{"name":"truncated","val":-1.0},{"name":"occluded","val":-1},{"name":"alpha","val":-10.0}]}},"0":{"object_data":{"bbox":[{"name":"box2D","coordinate_system":"CAM_LEFT","val":[605.99,208.89000000000001,69.6,59.86]}],"cuboid":[{"name":"box3D","coordinate_system":"CAM_LEFT","val":[-0.22,1.0,21.29,0,-1.69,0,3.2,1.6,1.66]}],"num":[{"name":"truncated","val":0.0},{"name":"occluded","val":0},{"name":"alpha","val":-1.68}]}},"1":{"object_data":{"bbox":[{"name":"box2D","coordinate_system":"CAM_LEFT","val":[26.08,231.235,52.16,83.93]}],"cuboid":[{"name":"box3D","coordinate_system":"CAM_LEFT","val":[-11.83,1.06,12.7,0,1.58,0,3.09,1.5,1.49]}],"num":[{"name":"truncated","val":2.0},{"name":"occluded","val":0},{"name":"alpha","val":2.32}]}},"-2":{}}},"14":{"frame_properties":{"transforms":{"vehicle-iso8855_to_odom":{"src":"vehicle-iso8855","dst":"odom","transform_src_to_dst_4x4":[0.9980979552589482,-0.06155112604708487,-0.003454068650403084,18.379394960982196,0.0615815655645639,0.9980565148395072,0.009534357295267346,0.6050244947825836,0.002860505291578764,-0.00972892947617388,0.9999485813984257,0.14462575066423325,0.0,0.0,0.0,1.0]}}},"objects":{"-1":{"object_data":{"bbox":[{"name":"box2D0","coordinate_system":"CAM_LEFT","val":[531.26,176.35000000000002,41.72,12.6]}],"cuboid":[{"name":"box3D","coordinate_system":"CAM_LEFT","val":[-10.0,499.0,-1.0,0,-1.0,0,-1000.0,-1000.0,-1000.0]}],"num":[{"name":"truncated","val":-1.0},{"name":"occluded","val":-1},{"name":"alpha","val":-10.0}]}},"0":{"object_data":{"bbox":[{"name":"box2D","coordinate_system":"CAM_LEFT","val":[603.125,208.21,68.73,59.7]}],"cuboid":[{"name":"box3D","coordinate_system":"CAM_LEFT","val":[-0.31,0.98,21.34,0,-1.69,0,3.2,1.6,1.66]}],"num":[{"name":"truncated","val":0.0},{"name":"occluded","val":0},{"name":"alpha","val":-1.67}]}},"-2":{}}},"15":{"frame_properties":{"transforms":{"vehicle-iso8855_to_odom":{"src":"vehicle-iso8855","dst":"odom","transform_src_to_dst_4x4":[0.9979037115165341,-0.06469978137471599,-0.0014563075189095928,19.825162245141943,0.06471202276027685,0.9978418252928464,0.011137585308936342,0.6967045977701242,0.0007325652183260171,-0.011208478322429239,0.9999369146910703,0.16080212471182426,0.0,0.0,0.0,1.0]}}},"objects":{"-1":{"object_data":{"bbox":[{"name":"box2D0","coordinate_system":"CAM_LEFT","val":[531.26,176.35000000000002,41.72,12.6]}],"cuboid":[{"name":"box3D","coordinate_system":"CAM_LEFT","val":[-10.0,499.0,-1.0,0,-1.0,0,-1000.0,-1000.0,-1000.0]}],"num":[{"name":"truncated","val":-1.0},{"name":"occluded","val":-1},{"name":"alpha","val":-10.0}]}},"0":{"object_data":{"bbox":[{"name":"box2D","coordinate_system":"CAM_LEFT","val":[600.2750000000001,207.52499999999998,67.87,59.53]}],"cuboid":[{"name":"box3D","coordinate_system":"CAM_LEFT","val":[-0.39,0.97,21.39,0,-1.69,0,3.2,1.6,1.66]}],"num":[{"name":"truncated","val":0.0},{"name":"occluded","val":0},{"name":"alpha","val":-1.67}]}},"-2":{}}},"16":{"frame_properties":{"transforms":{"vehicle-iso8855_to_odom":{"src":"vehicle-iso8855","dst":"odom","transform_src_to_dst_4x4":[0.9977232886207077,-0.067439621856742,-0.00036979413108816436,21.144087426078272,0.067438900068432,0.9976432743671554,0.012644835607506663,0.7835038639967827,-0.00048384030403035637,-0.012640985475842123,0.9999199824909788,0.17311689612665393,0.0,0.0,0.0,1.0]}}},"objects":{"-1":{"object_data":{"bbox":[{"name":"box2D0","coordinate_system":"CAM_LEFT","val":[531.26,176.35000000000002,41.72,12.6]}],"cuboid":[{"name":"box3D","coordinate_system":"CAM_LEFT","val":[-10.0,499.0,-1.0,0,-1.0,0,-1000.0,-1000.0,-1000.0]}],"num":[{"name":"truncated","val":-1.0},{"name":"occluded","val":-1},{"name":"alpha","val":-10.0}]}},"0":{"object_data":{"bbox":[{"name":"box2D","coordinate_system":"CAM_LEFT","val":[597.965,206.45999999999998,67.43,59.4]}],"cuboid":[{"name":"box3D","coordinate_system":"CAM_LEFT","val":[-0.46,0.94,21.43,0,-1.69,0,3.2,1.6,1.66]}],"num":[{"name":"truncated","val":0.0},{"name":"occluded","val":0},{"name":"alpha","val":-1.66}]}},"-2":{}}},"17":{"frame_properties":{"transforms":{"vehicle-iso8855_to_odom":{"src":"vehicle-iso8855","dst":"odom","transform_src_to_dst_4x4":[0.9975340784670051,-0.07018224377117363,-0.0004636337202261675,22.463580934473956,0.07018217881504527,0.9974450686225559,0.013334048796878361,0.8755487385180725,-0.00047336429523251323,-0.013333706903485728,0.9999109901318495,0.18543452148703354,0.0,0.0,0.0,1.0]}}},"objects":{"-1":{"object_data":{"bbox":[{"name":"box2D0","coordinate_system":"CAM_LEFT","val":[531.26,176.35000000000002,41.72,12.6]}],"cuboid":[{"name":"box3D","coordinate_system":"CAM_LEFT","val":[-10.0,499.0,-1.0,0,-1.0,0,-1000.0,-1000.0,-1000.0]}],"num":[{"name":"truncated","val":-1.0},{"name":"occluded","val":-1},{"name":"alpha","val":-10.0}]}},"0":{"object_data":{"bbox":[{"name":"box2D","coordinate_system":"CAM_LEFT","val":[595.665,205.39999999999998,66.99,59.28]}],"cuboid":[{"name":"box3D","coordinate_system":"CAM_LEFT","val":[-0.53,0.9,21.47,0,-1.69,0,3.2,1.6,1.66]}],"num":[{"name":"truncated","val":0.0},{"name":"occluded","val":0},{"name":"alpha","val":-1.66}]}},"-2":{}}},"18":{"frame_properties":{"transforms":{"vehicle-iso8855_to_odom":{"src":"vehicle-iso8855","dst":"odom","transform_src_to_dst_4x4":[0.9972934114082636,-0.07348719848793926,-0.0023416276521964837,23.91866237250554,0.07351047135684943,0.9972193955596348,0.012234693317377731,0.9770435971247888,0.001436023175695911,-0.012373713188476724,0.9999224115196977,0.1966367193177645,0.0,0.0,0.0,1.0]}}},"objects":{"-1":{"object_data":{"bbox":[{"name":"box2D0","coordinate_system":"CAM_LEFT","val":[537.565,173.925,40.75,11.63]}],"cuboid":[{"name":"box3D","coordinate_system":"CAM_LEFT","val":[-10.0,499.0,-1.0,0,-1.0,0,-1000.0,-1000.0,-1000.0]}],"num":[{"name":"truncated","val":-1.0},{"name":"occluded","val":-1},{"name":"alpha","val":-10.0}]}},"0":{"object_data":{"bbox":[{"name":"box2D","coordinate_system":"CAM_LEFT","val":[594.075,205.79000000000002,66.15,59.16]}],"cuboid":[{"name":"box3D","coordinate_system":"CAM_LEFT","val":[-0.57,0.92,21.5,0,-1.68,0,3.2,1.6,1.66]}],"num":[{"name":"truncated","val":0.0},{"name":"occluded","val":0},{"name":"alpha","val":-1.65}]}},"-2":{}}},"19":{"frame_properties":{"transforms":{"vehicle-iso8855_to_odom":{"src":"vehicle-iso8855","dst":"odom","transform_src_to_dst_4x4":[0.9970321674722127,-0.0769369710525988,-0.0027494564758700477,25.240075247287674,0.07696317264457594,0.9969708258724526,0.011217950600768434,1.0742828007472036,0.0018780527528077275,-0.011396264495511496,0.9999332968120452,0.21046179613602906,0.0,0.0,0.0,1.0]}}},"objects":{"-1":{"object_data":{"bbox":[{"name":"box2D0","coordinate_system":"CAM_LEFT","val":[537.565,173.925,40.75,11.63]}],"cuboid":[{"name":"box3D","coordinate_system":"CAM_LEFT","val":[-10.0,499.0,-1.0,0,-1.0,0,-1000.0,-1000.0,-1000.0]}],"num":[{"name":"truncated","val":-1.0},{"name":"occluded","val":-1},{"name":"alpha","val":-10.0}]}},"0":{"object_data":{"bbox":[{"name":"box2D","coordinate_system":"CAM_LEFT","val":[592.495,206.17000000000002,65.31,59.04]}],"cuboid":[{"name":"box3D","coordinate_system":"CAM_LEFT","val":[-0.62,0.94,21.54,0,-1.68,0,3.2,1.6,1.66]}],"num":[{"name":"truncated","val":0.0},{"name":"occluded","val":0},{"name":"alpha","val":-1.65}]}},"-2":{}}},"20":{"frame_properties":{"transforms":{"vehicle-iso8855_to_odom":{"src":"vehicle-iso8855","dst":"odom","transform_src_to_dst_4x4":[0.9967157841908731,-0.08092366628147532,-0.003000963234854361,26.56619631114633,0.08094808302117708,0.99667602835838,0.009181631171121835,1.173974033468156,0.00224797686135271,-0.009394398933954554,0.9999533448459983,0.22508326309551913,0.0,0.0,0.0,1.0]}}},"objects":{"-1":{"object_data":{"bbox":[{"name":"box2D0","coordinate_system":"CAM_LEFT","val":[539.99,175.865,33.96,13.57]}],"cuboid":[{"name":"box3D","coordinate_system":"CAM_LEFT","val":[-10.0,499.0,-1.0,0,-1.0,0,-1000.0,-1000.0,-1000.0]}],"num":[{"name":"truncated","val":-1.0},{"name":"occluded","val":-1},{"name":"alpha","val":-10.0}]}},"0":{"object_data":{"bbox":[{"name":"box2D","coordinate_system":"CAM_LEFT","val":[590.915,206.555,64.47,58.93]}],"cuboid":[{"name":"box3D","coordinate_system":"CAM_LEFT","val":[-0.67,0.95,21.58,0,-1.67,0,3.2,1.6,1.66]}],"num":[{"name":"truncated","val":0.0},{"name":"occluded","val":0},{"name":"alpha","val":-1.64}]}},"-2":{}}},"21":{"frame_properties":{"transforms":{"vehicle-iso8855_to_odom":{"src":"vehicle-iso8855","dst":"odom","transform_src_to_dst_4x4":[0.996297721272749,-0.08590531541118682,-0.0033357713998171524,28.025016978850395,0.08592717929306547,0.996276240147059,0.0070833027026355,1.290637539612303,0.002714856435377117,-0.007343711768873624,0.9999693492562611,0.24101207385730697,0.0,0.0,0.0,1.0]}}},"objects":{"-1":{"object_data":{"bbox":[{"name":"box2D0","coordinate_system":"CAM_LEFT","val":[539.99,175.865,33.96,13.57]}],"cuboid":[{"name":"box3D","coordinate_system":"CAM_LEFT","val":[-10.0,499.0,-1.0,0,-1.0,0,-1000.0,-1000.0,-1000.0]}],"num":[{"name":"truncated","val":-1.0},{"name":"occluded","val":-1},{"name":"alpha","val":-10.0}]}},"0":{"object_data":{"bbox":[{"name":"box2D","coordinate_system":"CAM_LEFT","val":[591.155,206.655,63.77,58.81]}],"cuboid":[{"name":"box3D","coordinate_system":"CAM_LEFT","val":[-0.67,0.95,21.62,0,-1.66,0,3.2,1.6,1.66]}],"num":[{"name":"truncated","val":0.0},{"name":"occluded","val":0},{"name":"alpha","val":-1.63}]}},"-2":{}}},"22":{"frame_properties":{"transforms":{"vehicle-iso8855_to_odom":{"src":"vehicle-iso8855","dst":"odom","transform_src_to_dst_4x4":[0.9958830258200007,-0.09056774994939265,-0.0038054635333938124,29.353703384070005,0.09059147976788791,0.9958661981148126,0.006610540508422842,1.4030923898444043,0.0031910307212682926,-0.0069280676565267076,0.9999709091776028,0.2572192567705749,0.0,0.0,0.0,1.0]}}},"objects":{"-1":{"object_data":{"bbox":[{"name":"box2D0","coordinate_system":"CAM_LEFT","val":[546.785,178.29000000000002,37.85,12.6]}],"cuboid":[{"name":"box3D","coordinate_system":"CAM_LEFT","val":[-10.0,499.0,-1.0,0,-1.0,0,-1000.0,-1000.0,-1000.0]}],"num":[{"name":"truncated","val":-1.0},{"name":"occluded","val":-1},{"name":"alpha","val":-10.0}]}},"0":{"object_data":{"bbox":[{"name":"box2D","coordinate_system":"CAM_LEFT","val":[591.4,206.75,63.06,58.7]}],"cuboid":[{"name":"box3D","coordinate_system":"CAM_LEFT","val":[-0.66,0.96,21.65,0,-1.66,0,3.2,1.6,1.66]}],"num":[{"name":"truncated","val":0.0},{"name":"occluded","val":0},{"name":"alpha","val":-1.63}]}},"-2":{}}},"23":{"frame_properties":{"transforms":{"vehicle-iso8855_to_odom":{"src":"vehicle-iso8855","dst":"odom","transform_src_to_dst_4x4":[0.9954610999745874,-0.09508747583929211,-0.003945931562549899,30.683485017666467,0.09511092514064023,0.995447030418278,0.00625472224188479,1.522880203978353,0.003333220106117353,-0.006601633884397923,0.9999726536629788,0.2740216576075342,0.0,0.0,0.0,1.0]}}},"objects":{"-1":{"object_data":{"bbox":[{"name":"box2D0","coordinate_system":"CAM_LEFT","val":[546.785,178.29000000000002,37.85,12.6]}],"cuboid":[{"name":"box3D","coordinate_system":"CAM_LEFT","val":[-10.0,499.0,-1.0,0,-1.0,0,-1000.0,-1000.0,-1000.0]}],"num":[{"name":"truncated","val":-1.0},{"name":"occluded","val":-1},{"name":"alpha","val":-10.0}]}},"0":{"object_data":{"bbox":[{"name":"box2D","coordinate_system":"CAM_LEFT","val":[591.645,206.84500000000003,62.37,58.59]}],"cuboid":[{"name":"box3D","coordinate_system":"CAM_LEFT","val":[-0.65,0.96,21.69,0,-1.65,0,3.2,1.6,1.66]}],"num":[{"name":"truncated","val":0.0},{"name":"occluded","val":0},{"name":"alpha","val":-1.62}]}},"-2":{}}},"24":{"frame_properties":{"transforms":{"vehicle-iso8855_to_odom":{"src":"vehicle-iso8855","dst":"odom","transform_src_to_dst_4x4":[0.9949977208541829,-0.09984329410939125,-0.003294255054830974,32.14857687471635,0.09986652123464679,0.9949697786796228,0.007862407437407622,1.662960643433964,0.002492675564638451,-0.008152063273033186,0.9999636645563285,0.1896598908761199,0.0,0.0,0.0,1.0]}}},"objects":{"-1":{"object_data":{"bbox":[{"name":"box2D0","coordinate_system":"CAM_LEFT","val":[555.03,179.26000000000002,48.5,14.54]}],"cuboid":[{"name":"box3D","coordinate_system":"CAM_LEFT","val":[-10.0,499.0,-1.0,0,-1.0,0,-1000.0,-1000.0,-1000.0]}],"num":[{"name":"truncated","val":-1.0},{"name":"occluded","val":-1},{"name":"alpha","val":-10.0}]}},"0":{"object_data":{"bbox":[{"name":"box2D","coordinate_system":"CAM_LEFT","val":[591.885,206.935,61.67,58.47]}],"cuboid":[{"name":"box3D","coordinate_system":"CAM_LEFT","val":[-0.64,0.97,21.72,0,-1.65,0,3.2,1.6,1.66]}],"num":[{"name":"truncated","val":0.0},{"name":"occluded","val":0},{"name":"alpha","val":-1.62}]}},"-2":{}}},"25":{"frame_properties":{"transforms":{"vehicle-iso8855_to_odom":{"src":"vehicle-iso8855","dst":"odom","transform_src_to_dst_4x4":[0.9945697399679656,-0.10406037861040787,-0.0015716053931298143,33.4801666185896,0.10407062958395324,0.9945250466321034,0.009446463857564267,1.795954097642053,0.0005799983213420291,-0.009558725065155031,0.9999541461372494,0.20473450831789025,0.0,0.0,0.0,1.0]}}},"objects":{"-1":{"object_data":{"bbox":[{"name":"box2D0","coordinate_system":"CAM_LEFT","val":[555.03,179.26000000000002,48.5,14.54]}],"cuboid":[{"name":"box3D","coordinate_system":"CAM_LEFT","val":[-10.0,499.0,-1.0,0,-1.0,0,-1000.0,-1000.0,-1000.0]}],"num":[{"name":"truncated","val":-1.0},{"name":"occluded","val":-1},{"name":"alpha","val":-10.0}]}},"0":{"object_data":{"bbox":[{"name":"box2D","coordinate_system":"CAM_LEFT","val":[592.6899999999999,206.005,61.3,58.33]}],"cuboid":[{"name":"box3D","coordinate_system":"CAM_LEFT","val":[-0.62,0.94,21.77,0,-1.64,0,3.2,1.6,1.66]}],"num":[{"name":"truncated","val":0.0},{"name":"occluded","val":0},{"name":"alpha","val":-1.61}]}},"-2":{}}},"26":{"frame_properties":{"transforms":{"vehicle-iso8855_to_odom":{"src":"vehicle-iso8855","dst":"odom","transform_src_to_dst_4x4":[0.9941240276277598,-0.10824641798901147,-0.0003615047845574615,34.80789907787509,0.10824352672260192,0.9940595511218071,0.011355516111778067,1.934753437636523,-0.000869836659650899,-0.011327921965640328,0.9999354587012732,0.2193600359474748,0.0,0.0,0.0,1.0]}}},"objects":{"-1":{"object_data":{"bbox":[{"name":"box2D0","coordinate_system":"CAM_LEFT","val":[556.975,173.92999999999998,42.69,15.52]}],"cuboid":[{"name":"box3D","coordinate_system":"CAM_LEFT","val":[-10.0,499.0,-1.0,0,-1.0,0,-1000.0,-1000.0,-1000.0]}],"num":[{"name":"truncated","val":-1.0},{"name":"occluded","val":-1},{"name":"alpha","val":-10.0}]}},"0":{"object_data":{"bbox":[{"name":"box2D","coordinate_system":"CAM_LEFT","val":[593.485,205.07999999999998,60.93,58.2]}],"cuboid":[{"name":"box3D","coordinate_system":"CAM_LEFT","val":[-0.6,0.92,21.81,0,-1.64,0,3.2,1.6,1.66]}],"num":[{"name":"truncated","val":0.0},{"name":"occluded","val":0},{"name":"alpha","val":-1.61}]}},"-2":{}}},"27":{"frame_properties":{"transforms":{"vehicle-iso8855_to_odom":{"src":"vehicle-iso8855","dst":"odom","transform_src_to_dst_4x4":[0.9935914532778736,-0.11303045557338806,0.00037428069107006814,36.26845148348589,0.11301641833134438,0.9935104901355448,0.012813866636750857,2.0922083400134714,-0.0018202089764418744,-0.012689448510562824,0.9999178289918526,0.23449953799276488,0.0,0.0,0.0,1.0]}}},"objects":{"-1":{"object_data":{"bbox":[{"name":"box2D0","coordinate_system":"CAM_LEFT","val":[556.975,173.92999999999998,42.69,15.52]}],"cuboid":[{"name":"box3D","coordinate_system":"CAM_LEFT","val":[-10.0,499.0,-1.0,0,-1.0,0,-1000.0,-1000.0,-1000.0]}],"num":[{"name